index,Dyad,Round,Player,Answer,Time,a11,a12,a13,a14,a15,a16,a17,a18,a21,a22,a23,a24,a25,a26,a27,a28,a31,a32,a33,a34,a35,a36,a37,a38,a41,a42,a43,a44,a45,a46,a47,a48,a51,a52,a53,a54,a55,a56,a57,a58,a61,a62,a63,a64,a65,a66,a67,a68,a71,a72,a73,a74,a75,a76,a77,a78,a81,a82,a83,a84,a85,a86,a87,a88,Score,Joint,Is_there,where_x,where_y,Strategy,Ac_Score,Norm_Score,Size_visited,Consistency,Total_visited_dyad,Dif_consist,DLIndex,Distancias,Norm_Score_LAG1,Consistency_LAG1,Dif_consist_LAG1,Joint_LAG1,Distancias_LAG1,Delta,Zeta
600,11083231,1,110826,Absent,56,1,1,1,1,1,1,0,0,1,1,1,0,1,1,1,1,0,0,0,1,0,1,1,1,1,1,0,1,1,0,0,1,1,0,0,0,1,0,0,0,0,0,0,1,1,1,0,1,1,0,1,0,1,0,1,1,1,1,0,1,1,0,1,0,13,19,Unicorn_Absent,-1,-1.0,0,13,0.88125,38.0,1.0,54.0,0.0,0.546875,RS,,,,,,3,2
602,11083231,2,110826,Absent,32,0,0,0,0,1,1,1,1,0,0,0,0,1,1,1,1,0,0,0,0,1,1,1,1,0,0,0,0,1,1,1,1,0,0,0,0,1,1,1,1,0,0,0,0,1,1,1,1,0,0,0,0,1,1,1,1,0,0,0,0,1,1,1,1,18,14,Unicorn_Absent,-1,-1.0,6,31,0.9125,32.0,0.4,46.0,0.0,0.5,RIGHT,0.88125,1.0,0.0,19,RS,3,2
608,11083231,5,110826,Absent,32,0,0,0,0,1,1,1,1,0,0,0,0,1,1,1,1,0,0,0,0,1,1,1,1,0,0,0,0,1,1,1,1,0,0,0,0,1,1,1,1,0,0,0,0,1,1,1,1,0,0,0,0,1,1,1,1,0,0,0,0,1,1,1,1,14,18,Unicorn_Absent,-1,-1.0,6,109,0.8875,32.0,1.0,50.0,0.14,0.5,RIGHT,0.9125,0.4,0.0,14,RIGHT,3,2
612,11083231,7,110826,Absent,32,1,1,1,1,1,1,1,1,1,1,1,1,1,1,1,1,1,1,1,1,1,1,1,1,1,1,1,1,1,1,1,1,0,0,0,0,0,0,0,0,0,0,0,0,0,0,0,0,0,0,0,0,0,0,0,0,0,0,0,0,0,0,0,0,14,18,Unicorn_Absent,-1,-1.0,4,155,0.8875,32.0,0.3333333333333333,50.0,0.14,0.5,UP,0.8875,1.0,0.14,18,RIGHT,3,2
616,11083231,9,110826,Absent,32,0,0,0,0,1,1,1,1,0,0,0,0,1,1,1,1,0,0,0,0,1,1,1,1,0,0,0,0,1,1,1,1,0,0,0,0,1,1,1,1,0,0,0,0,1,1,1,1,0,0,0,0,1,1,1,1,0,0,0,0,1,1,1,1,16,16,Unicorn_Absent,-1,-1.0,6,199,0.9,32.0,0.3333333333333333,48.0,1.0,0.5,RIGHT,0.8875,0.3333333333333333,0.14,18,UP,3,2
620,11083231,11,110826,Absent,28,1,1,1,1,1,1,1,1,1,0,0,0,0,0,0,1,1,0,0,0,0,0,0,1,1,0,0,0,0,0,0,1,1,0,0,0,0,0,0,1,1,0,0,0,0,0,0,1,1,0,0,0,0,0,0,1,1,1,1,1,1,1,1,1,18,14,Unicorn_Absent,-1,-1.0,8,240,0.9125,28.0,0.30434782608695654,46.0,1.0,0.5,OUT,0.9,0.3333333333333333,1.0,16,RIGHT,3,2
624,11083231,13,110826,Absent,0,0,0,0,0,0,0,0,0,0,0,0,0,0,0,0,0,0,0,0,0,0,0,0,0,0,0,0,0,0,0,0,0,0,0,0,0,0,0,0,0,0,0,0,0,0,0,0,0,0,0,0,0,0,0,0,0,0,0,0,0,0,0,0,0,32,0,Unicorn_Absent,-1,-1.0,2,304,1.0,0.0,0.0,32.0,0.6666666666666667,0.5,NOTHING,0.9125,0.30434782608695654,1.0,14,OUT,3,2
626,11083231,14,110826,Absent,0,0,0,0,0,0,0,0,0,0,0,0,0,0,0,0,0,0,0,0,0,0,0,0,0,0,0,0,0,0,0,0,0,0,0,0,0,0,0,0,0,0,0,0,0,0,0,0,0,0,0,0,0,0,0,0,0,0,0,0,0,0,0,0,0,32,0,Unicorn_Absent,-1,-1.0,2,336,1.0,0.0,1.0,32.0,0.6666666666666667,0.5,NOTHING,1.0,0.0,0.6666666666666667,0,NOTHING,3,2
636,11083231,19,110826,Absent,32,1,1,1,1,0,0,0,0,1,1,1,1,0,0,0,0,1,1,1,1,0,0,0,0,1,1,1,1,0,0,0,0,1,1,1,1,0,0,0,0,1,1,1,1,0,0,0,0,1,1,1,1,0,0,0,0,1,1,1,1,0,0,0,0,32,0,Unicorn_Absent,-1,-1.0,5,384,1.0,32.0,0.0,64.0,0.026666666666666672,1.0,LEFT,1.0,1.0,0.6666666666666667,0,NOTHING,3,2
642,11083231,22,110826,Absent,32,1,1,1,1,0,0,0,0,1,1,1,1,0,0,0,0,1,1,1,1,0,0,0,0,1,1,1,1,0,0,0,0,1,1,1,1,0,0,0,0,1,1,1,1,0,0,0,0,1,1,1,1,0,0,0,0,1,1,1,1,0,0,0,0,32,0,Unicorn_Absent,-1,-1.0,5,480,1.0,32.0,1.0,64.0,0.026666666666666672,1.0,LEFT,1.0,0.0,0.026666666666666672,0,LEFT,3,2
644,11083231,23,110826,Absent,32,1,1,1,1,0,0,0,0,1,1,1,1,0,0,0,0,1,1,1,1,0,0,0,0,1,1,1,1,0,0,0,0,1,1,1,1,0,0,0,0,1,1,1,1,0,0,0,0,1,1,1,1,0,0,0,0,1,1,1,1,0,0,0,0,32,0,Unicorn_Absent,-1,-1.0,5,512,1.0,32.0,1.0,64.0,0.028985507246376774,1.0,LEFT,1.0,1.0,0.026666666666666672,0,LEFT,3,2
646,11083231,24,110826,Absent,32,1,1,1,1,1,1,1,1,1,1,1,1,1,1,1,1,1,1,1,1,1,1,1,1,1,1,1,1,1,1,1,1,0,0,0,0,0,0,0,0,0,0,0,0,0,0,0,0,0,0,0,0,0,0,0,0,0,0,0,0,0,0,0,0,16,16,Unicorn_Absent,-1,-1.0,4,528,0.9,32.0,0.3333333333333333,48.0,0.028985507246376774,0.5,UP,1.0,1.0,0.028985507246376774,0,LEFT,3,2
656,11083231,29,110826,Absent,36,0,0,0,0,0,0,0,0,0,1,1,1,1,1,1,0,0,1,1,1,1,1,1,0,0,1,1,1,1,1,1,0,0,1,1,1,1,1,1,0,0,1,1,1,1,1,1,0,0,1,1,1,1,1,1,0,0,0,0,0,0,0,0,0,14,18,Unicorn_Absent,-1,-1.0,7,325,0.8875,36.0,0.36,50.0,0.3333333333333333,0.5,IN,0.9,0.3333333333333333,0.028985507246376774,16,UP,3,2
660,11083231,31,110826,Absent,36,0,0,0,0,0,0,0,0,0,1,1,1,1,1,1,0,0,1,1,1,1,1,1,0,0,1,1,1,1,1,1,0,0,1,1,1,1,1,1,0,0,1,1,1,1,1,1,0,0,1,1,1,1,1,1,0,0,0,0,0,0,0,0,0,14,18,Unicorn_Absent,-1,-1.0,7,259,0.8875,36.0,1.0,50.0,0.3333333333333333,0.5,IN,0.8875,0.36,0.3333333333333333,18,IN,3,2
664,11083231,33,110826,Absent,64,1,1,1,1,1,1,1,1,1,1,1,1,1,1,1,1,1,1,1,1,1,1,1,1,1,1,1,1,1,1,1,1,1,1,1,1,1,1,1,1,1,1,1,1,1,1,1,1,1,1,1,1,1,1,1,1,1,1,1,1,1,1,1,1,0,32,Unicorn_Absent,-1,-1.0,1,179,0.8,64.0,0.5625,64.0,0.0,0.5,ALL,0.8875,1.0,0.3333333333333333,18,IN,3,2
672,11083231,37,110826,Absent,0,0,0,0,0,0,0,0,0,0,0,0,0,0,0,0,0,0,0,0,0,0,0,0,0,0,0,0,0,0,0,0,0,0,0,0,0,0,0,0,0,0,0,0,0,0,0,0,0,0,0,0,0,0,0,0,0,0,0,0,0,0,0,0,0,32,0,Unicorn_Absent,-1,-1.0,2,195,1.0,0.0,0.0,32.0,0.0,0.5,NOTHING,0.8,0.5625,0.0,32,ALL,3,2
674,11083231,38,110826,Absent,32,0,0,0,0,0,0,0,0,0,0,0,0,0,0,0,0,0,0,0,0,0,0,0,0,0,0,0,0,0,0,0,0,1,1,1,1,1,1,1,1,1,1,1,1,1,1,1,1,1,1,1,1,1,1,1,1,1,1,1,1,1,1,1,1,16,16,Unicorn_Absent,-1,-1.0,3,211,0.9,32.0,0.0,48.0,0.3333333333333333,0.5,DOWN,1.0,0.0,0.0,0,NOTHING,3,2
678,11083231,40,110826,Absent,36,0,0,0,0,0,0,0,0,0,1,1,1,1,1,1,0,0,1,1,1,1,1,1,0,0,1,1,1,1,1,1,0,0,1,1,1,1,1,1,0,0,1,1,1,1,1,1,0,0,1,1,1,1,1,1,0,0,0,0,0,0,0,0,0,14,18,Unicorn_Absent,-1,-1.0,7,161,0.8875,36.0,0.36,50.0,0.3333333333333333,0.5,IN,0.9,0.0,0.3333333333333333,16,DOWN,3,2
680,11083231,41,110826,Absent,28,1,1,1,1,1,1,1,1,1,0,0,0,0,0,0,1,1,0,0,0,0,0,0,1,1,0,0,0,0,0,0,1,1,0,0,0,0,0,0,1,1,0,0,0,0,0,0,1,1,0,0,0,0,0,0,1,1,1,1,1,1,1,1,1,32,0,Unicorn_Absent,-1,-1.0,8,193,1.0,28.0,0.0,64.0,0.0,1.0,OUT,0.8875,0.36,0.3333333333333333,18,IN,3,2
682,11083231,42,110826,Absent,28,1,1,1,1,1,1,1,1,1,0,0,0,0,0,0,1,1,0,0,0,0,0,0,1,1,0,0,0,0,0,0,1,1,0,0,0,0,0,0,1,1,0,0,0,0,0,0,1,1,0,0,0,0,0,0,1,1,1,1,1,1,1,1,1,32,0,Unicorn_Absent,-1,-1.0,8,225,1.0,28.0,1.0,64.0,0.0,1.0,OUT,1.0,0.0,0.0,0,OUT,3,2
686,11083231,44,110826,Absent,28,1,1,1,1,1,1,1,1,1,0,0,0,0,0,0,1,1,0,0,0,0,0,0,1,1,0,0,0,0,0,0,1,1,0,0,0,0,0,0,1,1,0,0,0,0,0,0,1,1,0,0,0,0,0,0,1,1,1,1,1,1,1,1,1,18,14,Unicorn_Absent,-1,-1.0,8,275,0.9125,28.0,1.0,46.0,0.0,0.5,OUT,1.0,1.0,0.0,0,OUT,3,2
688,11083231,45,110826,Absent,32,0,0,0,0,1,1,1,1,0,0,0,0,1,1,1,1,0,0,0,0,1,1,1,1,0,0,0,0,1,1,1,1,0,0,0,0,1,1,1,1,0,0,0,0,1,1,1,1,0,0,0,0,1,1,1,1,0,0,0,0,1,1,1,1,16,16,Unicorn_Absent,-1,-1.0,6,291,0.9,32.0,0.30434782608695654,48.0,0.0,0.5,RIGHT,0.9125,1.0,0.0,14,OUT,3,2
694,11083231,48,110826,Absent,0,0,0,0,0,0,0,0,0,0,0,0,0,0,0,0,0,0,0,0,0,0,0,0,0,0,0,0,0,0,0,0,0,0,0,0,0,0,0,0,0,0,0,0,0,0,0,0,0,0,0,0,0,0,0,0,0,0,0,0,0,0,0,0,0,32,0,Unicorn_Absent,-1,-1.0,2,259,1.0,0.0,0.0,32.0,0.6666666666666667,0.5,NOTHING,0.9,0.30434782608695654,0.0,16,RIGHT,3,2
696,11083231,49,110826,Absent,0,0,0,0,0,0,0,0,0,0,0,0,0,0,0,0,0,0,0,0,0,0,0,0,0,0,0,0,0,0,0,0,0,0,0,0,0,0,0,0,0,0,0,0,0,0,0,0,0,0,0,0,0,0,0,0,0,0,0,0,0,0,0,0,0,32,0,Unicorn_Absent,-1,-1.0,2,291,1.0,0.0,1.0,32.0,0.6666666666666667,0.5,NOTHING,1.0,0.0,0.6666666666666667,0,NOTHING,3,2
702,11083231,52,110826,Absent,32,1,1,1,1,1,1,1,1,1,1,1,1,1,1,1,1,1,1,1,1,1,1,1,1,1,1,1,1,1,1,1,1,0,0,0,0,0,0,0,0,0,0,0,0,0,0,0,0,0,0,0,0,0,0,0,0,0,0,0,0,0,0,0,0,16,16,Unicorn_Absent,-1,-1.0,4,275,0.9,32.0,0.0,48.0,0.026666666666666672,0.5,UP,1.0,1.0,0.6666666666666667,0,NOTHING,3,2
704,11083231,53,110826,Absent,32,1,1,1,1,0,0,0,0,1,1,1,1,0,0,0,0,1,1,1,1,0,0,0,0,1,1,1,1,0,0,0,0,1,1,1,1,0,0,0,0,1,1,1,1,0,0,0,0,1,1,1,1,0,0,0,0,1,1,1,1,0,0,0,0,0,32,Unicorn_Absent,-1,-1.0,5,275,0.8,32.0,0.3333333333333333,32.0,0.026666666666666672,0.0,LEFT,0.9,0.0,0.026666666666666672,16,UP,3,2
708,11083231,55,110826,Absent,28,1,1,1,1,1,1,1,1,1,0,0,0,0,0,0,1,1,0,0,0,0,0,0,1,1,0,0,0,0,0,0,1,1,0,0,0,0,0,0,1,1,0,0,0,0,0,0,1,1,0,0,0,0,0,0,1,1,1,1,1,1,1,1,1,18,14,Unicorn_Absent,-1,-1.0,8,324,0.9125,28.0,0.30434782608695654,46.0,0.6666666666666667,0.5,OUT,0.8,0.3333333333333333,0.026666666666666672,32,LEFT,3,2
710,11083231,56,110826,Absent,32,0,0,0,0,1,1,1,1,0,0,0,0,1,1,1,1,0,0,0,0,1,1,1,1,0,0,0,0,1,1,1,1,0,0,0,0,1,1,1,1,0,0,0,0,1,1,1,1,0,0,0,0,1,1,1,1,0,0,0,0,1,1,1,1,14,18,Unicorn_Absent,-1,-1.0,6,338,0.8875,32.0,0.30434782608695654,50.0,0.6666666666666667,0.5,RIGHT,0.9125,0.30434782608695654,0.6666666666666667,14,OUT,3,2
712,11083231,57,110826,Absent,0,0,0,0,0,0,0,0,0,0,0,0,0,0,0,0,0,0,0,0,0,0,0,0,0,0,0,0,0,0,0,0,0,0,0,0,0,0,0,0,0,0,0,0,0,0,0,0,0,0,0,0,0,0,0,0,0,0,0,0,0,0,0,0,0,32,0,Unicorn_Absent,-1,-1.0,2,370,1.0,0.0,0.0,32.0,0.4375,0.5,NOTHING,0.8875,0.30434782608695654,0.6666666666666667,18,RIGHT,3,2
716,11083231,59,110826,Absent,32,0,0,0,0,1,1,1,1,0,0,0,0,1,1,1,1,0,0,0,0,1,1,1,1,0,0,0,0,1,1,1,1,0,0,0,0,1,1,1,1,0,0,0,0,1,1,1,1,0,0,0,0,1,1,1,1,0,0,0,0,1,1,1,1,16,16,Unicorn_Absent,-1,-1.0,6,322,0.9,32.0,0.0,48.0,0.4375,0.5,RIGHT,1.0,0.0,0.4375,0,NOTHING,3,2
601,11083231,1,323116,Absent,49,0,0,0,1,1,0,1,1,1,0,0,1,1,0,1,0,0,1,0,1,0,1,0,0,0,1,0,1,0,1,1,1,1,1,1,1,0,0,1,0,1,0,1,0,1,1,1,1,1,1,0,1,0,1,1,0,1,1,0,0,1,0,0,0,13,19,Unicorn_Absent,-1,-1.0,9,13,0.88125,35.0,1.0,54.0,0.0,0.546875,,,,,,,3,2
603,11083231,2,323116,Absent,28,1,1,1,1,1,1,1,1,1,0,0,0,0,0,0,1,1,0,0,0,0,0,0,1,1,0,0,0,0,0,0,1,1,0,0,0,0,0,0,1,1,0,0,0,0,0,0,1,1,0,0,0,0,0,0,1,1,1,1,1,1,1,1,1,18,14,Unicorn_Absent,-1,-1.0,8,31,0.9125,28.0,0.26,46.0,0.0,0.5,OUT,0.88125,1.0,0.0,19,,3,2
609,11083231,5,323116,Absent,36,0,0,0,0,0,0,0,0,0,1,1,1,1,1,1,0,0,1,1,1,1,1,1,0,0,1,1,1,1,1,1,0,0,1,1,1,1,1,1,0,0,1,1,1,1,1,1,0,0,1,1,1,1,1,1,0,0,0,0,0,0,0,0,0,14,18,Unicorn_Absent,-1,-1.0,7,109,0.8875,36.0,0.0,50.0,1.0,0.5,IN,0.9125,0.26,0.0,14,OUT,3,2
613,11083231,7,323116,Absent,36,0,0,0,0,0,0,0,0,0,1,1,1,1,1,1,0,0,1,1,1,1,1,1,0,0,1,1,1,1,1,1,0,0,1,1,1,1,1,1,0,0,1,1,1,1,1,1,0,0,1,1,1,1,1,1,0,0,0,0,0,0,0,0,0,14,18,Unicorn_Absent,-1,-1.0,7,155,0.8875,36.0,1.0,50.0,1.0,0.5,IN,0.8875,0.0,1.0,18,IN,3,2
617,11083231,9,323116,Absent,32,1,1,1,1,1,1,1,1,1,1,1,1,1,1,1,1,1,1,1,1,1,1,1,1,1,1,1,1,1,1,1,1,0,0,0,0,0,0,0,0,0,0,0,0,0,0,0,0,0,0,0,0,0,0,0,0,0,0,0,0,0,0,0,0,16,16,Unicorn_Absent,-1,-1.0,4,199,0.9,32.0,0.36,48.0,0.64,0.5,UP,0.8875,1.0,1.0,18,IN,3,2
621,11083231,11,323116,Absent,32,0,0,0,0,1,1,1,1,0,0,0,0,1,1,1,1,0,0,0,0,1,1,1,1,0,0,0,0,1,1,1,1,0,0,0,0,1,1,1,1,0,0,0,0,1,1,1,1,0,0,0,0,1,1,1,1,0,0,0,0,1,1,1,1,18,14,Unicorn_Absent,-1,-1.0,6,240,0.9125,32.0,0.3333333333333333,46.0,0.64,0.5,RIGHT,0.9,0.36,0.64,16,UP,3,2
625,11083231,13,323116,Absent,32,0,0,0,0,0,0,0,0,0,0,0,0,0,0,0,0,0,0,0,0,0,0,0,0,0,0,0,0,0,0,0,0,1,1,1,1,1,1,1,1,1,1,1,1,1,1,1,1,1,1,1,1,1,1,1,1,1,1,1,1,1,1,1,1,32,0,Unicorn_Absent,-1,-1.0,3,304,1.0,32.0,0.3333333333333333,32.0,0.36,0.5,DOWN,0.9125,0.3333333333333333,0.64,14,RIGHT,3,2
627,11083231,14,323116,Absent,32,0,0,0,0,0,0,0,0,0,0,0,0,0,0,0,0,0,0,0,0,0,0,0,0,0,0,0,0,0,0,0,0,1,1,1,1,1,1,1,1,1,1,1,1,1,1,1,1,1,1,1,1,1,1,1,1,1,1,1,1,1,1,1,1,32,0,Unicorn_Absent,-1,-1.0,3,336,1.0,32.0,1.0,32.0,0.36,0.5,DOWN,1.0,0.3333333333333333,0.36,0,DOWN,3,2
637,11083231,19,323116,Absent,32,0,0,0,0,1,1,1,1,0,0,0,0,1,1,1,1,0,0,0,0,1,1,1,1,0,0,0,0,1,1,1,1,0,0,0,0,1,1,1,1,0,0,0,0,1,1,1,1,0,0,0,0,1,1,1,1,0,0,0,0,1,1,1,1,32,0,Unicorn_Absent,-1,-1.0,6,384,1.0,32.0,0.3333333333333333,64.0,0.0,1.0,RIGHT,1.0,1.0,0.36,0,DOWN,3,2
643,11083231,22,323116,Absent,32,0,0,0,0,1,1,1,1,0,0,0,0,1,1,1,1,0,0,0,0,1,1,1,1,0,0,0,0,1,1,1,1,0,0,0,0,1,1,1,1,0,0,0,0,1,1,1,1,0,0,0,0,1,1,1,1,0,0,0,0,1,1,1,1,32,0,Unicorn_Absent,-1,-1.0,6,480,1.0,32.0,1.0,64.0,0.0,1.0,RIGHT,1.0,0.3333333333333333,0.0,0,RIGHT,3,2
645,11083231,23,323116,Absent,32,0,0,0,0,1,1,1,1,0,0,0,0,1,1,1,1,0,0,0,0,1,1,1,1,0,0,0,0,1,1,1,1,0,0,0,0,1,1,1,1,0,0,0,0,1,1,1,1,0,0,0,0,1,1,1,1,0,0,0,0,1,1,1,1,32,0,Unicorn_Absent,-1,-1.0,6,512,1.0,32.0,1.0,64.0,0.64,1.0,RIGHT,1.0,1.0,0.0,0,RIGHT,3,2
647,11083231,24,323116,Absent,32,0,0,0,0,1,1,1,1,0,0,0,0,1,1,1,1,0,0,0,0,1,1,1,1,0,0,0,0,1,1,1,1,0,0,0,0,1,1,1,1,0,0,0,0,1,1,1,1,0,0,0,0,1,1,1,1,0,0,0,0,1,1,1,1,16,16,Unicorn_Absent,-1,-1.0,6,528,0.9,32.0,1.0,48.0,0.64,0.5,RIGHT,1.0,1.0,0.64,0,RIGHT,3,2
657,11083231,29,323116,Absent,32,0,0,0,0,0,0,0,0,0,0,0,0,0,0,0,0,0,0,0,0,0,0,0,0,0,0,0,0,0,0,0,0,1,1,1,1,1,1,1,1,1,1,1,1,1,1,1,1,1,1,1,1,1,1,1,1,1,1,1,1,1,1,1,1,14,18,Unicorn_Absent,-1,-1.0,3,325,0.8875,32.0,0.3333333333333333,50.0,0.6956521739130435,0.5,DOWN,0.9,1.0,0.64,16,RIGHT,3,2
661,11083231,31,323116,Absent,32,0,0,0,0,1,1,1,1,0,0,0,0,1,1,1,1,0,0,0,0,1,1,1,1,0,0,0,0,1,1,1,1,0,0,0,0,1,1,1,1,0,0,0,0,1,1,1,1,0,0,0,0,1,1,1,1,0,0,0,0,1,1,1,1,14,18,Unicorn_Absent,-1,-1.0,6,259,0.8875,32.0,0.3333333333333333,50.0,0.6956521739130435,0.5,RIGHT,0.8875,0.3333333333333333,0.6956521739130435,18,DOWN,3,2
665,11083231,33,323116,Absent,32,0,0,0,0,1,1,1,1,0,0,0,0,1,1,1,1,0,0,0,0,1,1,1,1,0,0,0,0,1,1,1,1,0,0,0,0,1,1,1,1,0,0,0,0,1,1,1,1,0,0,0,0,1,1,1,1,0,0,0,0,1,1,1,1,0,32,Unicorn_Absent,-1,-1.0,6,179,0.8,32.0,1.0,64.0,0.0,0.5,RIGHT,0.8875,0.3333333333333333,0.6956521739130435,18,RIGHT,3,2
673,11083231,37,323116,Absent,32,1,1,1,1,0,0,0,0,1,1,1,1,0,0,0,0,1,1,1,1,0,0,0,0,1,1,1,1,0,0,0,0,1,1,1,1,0,0,0,0,1,1,1,1,0,0,0,0,1,1,1,1,0,0,0,0,1,1,1,1,0,0,0,0,32,0,Unicorn_Absent,-1,-1.0,5,195,1.0,32.0,0.0,32.0,0.0,0.5,LEFT,0.8,1.0,0.0,32,RIGHT,3,2
675,11083231,38,323116,Absent,32,1,1,1,1,0,0,0,0,1,1,1,1,0,0,0,0,1,1,1,1,0,0,0,0,1,1,1,1,0,0,0,0,1,1,1,1,0,0,0,0,1,1,1,1,0,0,0,0,1,1,1,1,0,0,0,0,1,1,1,1,0,0,0,0,16,16,Unicorn_Absent,-1,-1.0,5,211,0.9,32.0,1.0,48.0,0.0,0.5,LEFT,1.0,0.0,0.0,0,LEFT,3,2
679,11083231,40,323116,Absent,32,1,1,1,1,0,0,0,0,1,1,1,1,0,0,0,0,1,1,1,1,0,0,0,0,1,1,1,1,0,0,0,0,1,1,1,1,0,0,0,0,1,1,1,1,0,0,0,0,1,1,1,1,0,0,0,0,1,1,1,1,0,0,0,0,14,18,Unicorn_Absent,-1,-1.0,5,161,0.8875,32.0,1.0,50.0,0.0,0.5,LEFT,0.9,1.0,0.0,16,LEFT,3,2
681,11083231,41,323116,Absent,36,0,0,0,0,0,0,0,0,0,1,1,1,1,1,1,0,0,1,1,1,1,1,1,0,0,1,1,1,1,1,1,0,0,1,1,1,1,1,1,0,0,1,1,1,1,1,1,0,0,1,1,1,1,1,1,0,0,0,0,0,0,0,0,0,32,0,Unicorn_Absent,-1,-1.0,7,193,1.0,36.0,0.36,64.0,0.3333333333333333,1.0,IN,0.8875,1.0,0.0,18,LEFT,3,2
683,11083231,42,323116,Absent,36,0,0,0,0,0,0,0,0,0,1,1,1,1,1,1,0,0,1,1,1,1,1,1,0,0,1,1,1,1,1,1,0,0,1,1,1,1,1,1,0,0,1,1,1,1,1,1,0,0,1,1,1,1,1,1,0,0,0,0,0,0,0,0,0,32,0,Unicorn_Absent,-1,-1.0,7,225,1.0,36.0,1.0,64.0,0.3333333333333333,1.0,IN,1.0,0.36,0.3333333333333333,0,IN,3,2
687,11083231,44,323116,Absent,32,1,1,1,1,1,1,1,1,1,1,1,1,1,1,1,1,1,1,1,1,1,1,1,1,1,1,1,1,1,1,1,1,0,0,0,0,0,0,0,0,0,0,0,0,0,0,0,0,0,0,0,0,0,0,0,0,0,0,0,0,0,0,0,0,18,14,Unicorn_Absent,-1,-1.0,4,275,0.9125,32.0,0.36,46.0,0.6666666666666667,0.5,UP,1.0,1.0,0.3333333333333333,0,IN,3,2
689,11083231,45,323116,Absent,32,1,1,1,1,1,1,1,1,1,1,1,1,1,1,1,1,1,1,1,1,1,1,1,1,1,1,1,1,1,1,1,1,0,0,0,0,0,0,0,0,0,0,0,0,0,0,0,0,0,0,0,0,0,0,0,0,0,0,0,0,0,0,0,0,16,16,Unicorn_Absent,-1,-1.0,4,291,0.9,32.0,1.0,48.0,0.6666666666666667,0.5,UP,0.9125,0.36,0.6666666666666667,14,UP,3,2
695,11083231,48,323116,Absent,32,0,0,0,0,0,0,0,0,0,0,0,0,0,0,0,0,0,0,0,0,0,0,0,0,0,0,0,0,0,0,0,0,1,1,1,1,1,1,1,1,1,1,1,1,1,1,1,1,1,1,1,1,1,1,1,1,1,1,1,1,1,1,1,1,32,0,Unicorn_Absent,-1,-1.0,3,259,1.0,32.0,0.0,32.0,0.028985507246376774,0.5,DOWN,0.9,1.0,0.6666666666666667,16,UP,3,2
697,11083231,49,323116,Absent,32,0,0,0,0,0,0,0,0,0,0,0,0,0,0,0,0,0,0,0,0,0,0,0,0,0,0,0,0,0,0,0,0,1,1,1,1,1,1,1,1,1,1,1,1,1,1,1,1,1,1,1,1,1,1,1,1,1,1,1,1,1,1,1,1,32,0,Unicorn_Absent,-1,-1.0,3,291,1.0,32.0,1.0,32.0,0.028985507246376774,0.5,DOWN,1.0,0.0,0.028985507246376774,0,DOWN,3,2
703,11083231,52,323116,Absent,32,1,1,1,1,0,0,0,0,1,1,1,1,0,0,0,0,1,1,1,1,0,0,0,0,1,1,1,1,0,0,0,0,1,1,1,1,0,0,0,0,1,1,1,1,0,0,0,0,1,1,1,1,0,0,0,0,1,1,1,1,0,0,0,0,16,16,Unicorn_Absent,-1,-1.0,5,275,0.9,32.0,0.3333333333333333,48.0,0.055652173913043446,0.5,LEFT,1.0,1.0,0.028985507246376774,0,DOWN,3,2
705,11083231,53,323116,Absent,32,1,1,1,1,0,0,0,0,1,1,1,1,0,0,0,0,1,1,1,1,0,0,0,0,1,1,1,1,0,0,0,0,1,1,1,1,0,0,0,0,1,1,1,1,0,0,0,0,1,1,1,1,0,0,0,0,1,1,1,1,0,0,0,0,0,32,Unicorn_Absent,-1,-1.0,5,275,0.8,32.0,1.0,32.0,0.055652173913043446,0.0,LEFT,0.9,0.3333333333333333,0.055652173913043446,16,LEFT,3,2
709,11083231,55,323116,Absent,32,0,0,0,0,0,0,0,0,0,0,0,0,0,0,0,0,0,0,0,0,0,0,0,0,0,0,0,0,0,0,0,0,1,1,1,1,1,1,1,1,1,1,1,1,1,1,1,1,1,1,1,1,1,1,1,1,1,1,1,1,1,1,1,1,18,14,Unicorn_Absent,-1,-1.0,3,324,0.9125,32.0,0.3333333333333333,46.0,0.36,0.5,DOWN,0.8,1.0,0.055652173913043446,32,LEFT,3,2
711,11083231,56,323116,Absent,36,0,0,0,0,0,0,0,0,0,1,1,1,1,1,1,0,0,1,1,1,1,1,1,0,0,1,1,1,1,1,1,0,0,1,1,1,1,1,1,0,0,1,1,1,1,1,1,0,0,1,1,1,1,1,1,0,0,0,0,0,0,0,0,0,14,18,Unicorn_Absent,-1,-1.0,7,338,0.8875,36.0,0.36,50.0,0.36,0.5,IN,0.9125,0.3333333333333333,0.36,14,DOWN,3,2
713,11083231,57,323116,Absent,32,1,1,1,1,1,1,1,1,1,1,1,1,1,1,1,1,1,1,1,1,1,1,1,1,1,1,1,1,1,1,1,1,0,0,0,0,0,0,0,0,0,0,0,0,0,0,0,0,0,0,0,0,0,0,0,0,0,0,0,0,0,0,0,0,32,0,Unicorn_Absent,-1,-1.0,4,370,1.0,32.0,0.36,32.0,1.0,0.5,UP,0.8875,0.36,0.36,18,IN,3,2
717,11083231,59,323116,Absent,32,1,1,1,1,1,1,1,1,1,1,1,1,1,1,1,1,1,1,1,1,1,1,1,1,1,1,1,1,1,1,1,1,0,0,0,0,0,0,0,0,0,0,0,0,0,0,0,0,0,0,0,0,0,0,0,0,0,0,0,0,0,0,0,0,16,16,Unicorn_Absent,-1,-1.0,4,322,0.9,32.0,1.0,48.0,1.0,0.5,UP,1.0,0.36,1.0,0,UP,3,2
3243,11804033,2,40337,Absent,32,1,1,1,1,0,0,0,0,1,1,1,1,0,0,0,0,1,1,1,1,0,0,0,0,1,1,1,1,0,0,0,0,1,1,1,1,0,0,0,0,1,1,1,1,0,0,0,0,1,1,1,1,0,0,0,0,1,1,1,1,0,0,0,0,0,32,Unicorn_Absent,-1,-1.0,5,-72,0.8,32.0,1.0,32.0,0.0,0.0,LEFT,,,,,,3,2
3247,11804033,4,40337,Absent,32,0,0,0,0,1,1,1,1,0,0,0,0,1,1,1,1,0,0,0,0,1,1,1,1,0,0,0,0,1,1,1,1,0,0,0,0,1,1,1,1,0,0,0,0,1,1,1,1,0,0,0,0,1,1,1,1,0,0,0,0,1,1,1,1,32,0,Unicorn_Absent,-1,-1.0,6,-14,1.0,32.0,0.0,32.0,0.0,0.5,RIGHT,0.8,1.0,0.0,32,LEFT,3,2
3249,11804033,5,40337,Absent,32,1,1,1,1,1,1,1,1,1,1,1,1,1,1,1,1,1,1,1,1,1,1,1,1,1,1,1,1,1,1,1,1,0,0,0,0,0,0,0,0,0,0,0,0,0,0,0,0,0,0,0,0,0,0,0,0,0,0,0,0,0,0,0,0,32,0,Unicorn_Absent,-1,-1.0,4,18,1.0,32.0,0.3333333333333333,32.0,0.0,0.5,UP,1.0,0.0,0.0,0,RIGHT,3,2
3255,11804033,8,40337,Absent,28,1,1,1,1,1,1,1,1,1,0,0,0,0,0,0,1,1,0,0,0,0,0,0,1,1,0,0,0,0,0,0,1,1,0,0,0,0,0,0,1,1,0,0,0,0,0,0,1,1,0,0,0,0,0,0,1,1,1,1,1,1,1,1,1,32,0,Unicorn_Absent,-1,-1.0,8,-12,1.0,28.0,0.30434782608695654,64.0,0.0,1.0,OUT,1.0,0.3333333333333333,0.0,0,UP,3,2
3257,11804033,9,40337,Absent,64,1,1,1,1,1,1,1,1,1,1,1,1,1,1,1,1,1,1,1,1,1,1,1,1,1,1,1,1,1,1,1,1,1,1,1,1,1,1,1,1,1,1,1,1,1,1,1,1,1,1,1,1,1,1,1,1,1,1,1,1,1,1,1,1,-4,36,Unicorn_Absent,-1,-1.0,1,-16,0.775,64.0,0.4375,64.0,0.6666666666666667,0.4375,ALL,1.0,0.30434782608695654,0.0,0,OUT,3,2
3259,11804033,10,40337,Absent,32,1,1,1,1,1,1,1,1,1,1,1,1,1,1,1,1,1,1,1,1,1,1,1,1,1,1,1,1,1,1,1,1,0,0,0,0,0,0,0,0,0,0,0,0,0,0,0,0,0,0,0,0,0,0,0,0,0,0,0,0,0,0,0,0,32,0,Unicorn_Absent,-1,-1.0,4,16,1.0,32.0,0.5,32.0,0.6666666666666667,0.5,UP,0.775,0.4375,0.6666666666666667,36,ALL,3,2
3265,11804033,13,40337,Absent,0,0,0,0,0,0,0,0,0,0,0,0,0,0,0,0,0,0,0,0,0,0,0,0,0,0,0,0,0,0,0,0,0,0,0,0,0,0,0,0,0,0,0,0,0,0,0,0,0,0,0,0,0,0,0,0,0,0,0,0,0,0,0,0,0,32,0,Unicorn_Absent,-1,-1.0,2,97,1.0,0.0,0.0,32.0,0.30434782608695654,0.5,NOTHING,1.0,0.5,0.6666666666666667,0,UP,3,2
3269,11804033,15,40337,Absent,32,0,0,0,0,0,0,0,0,0,0,0,0,0,0,0,0,0,0,0,0,0,0,0,0,0,0,0,0,0,0,0,0,1,1,1,1,1,1,1,1,1,1,1,1,1,1,1,1,1,1,1,1,1,1,1,1,1,1,1,1,1,1,1,1,18,14,Unicorn_Absent,-1,-1.0,3,147,0.9125,32.0,0.0,46.0,0.30434782608695654,0.5,DOWN,1.0,0.0,0.30434782608695654,0,NOTHING,3,2
3277,11804033,19,40337,Absent,32,0,0,0,0,0,0,0,0,0,0,0,0,0,0,0,0,0,0,0,0,0,0,0,0,0,0,0,0,0,0,0,0,1,1,1,1,1,1,1,1,1,1,1,1,1,1,1,1,1,1,1,1,1,1,1,1,1,1,1,1,1,1,1,1,0,32,Unicorn_Absent,-1,-1.0,3,32,0.8,32.0,1.0,32.0,0.5625,0.0,DOWN,0.9125,0.0,0.30434782608695654,14,DOWN,3,2
3285,11804033,23,40337,Absent,32,0,0,0,0,1,1,1,1,0,0,0,0,1,1,1,1,0,0,0,0,1,1,1,1,0,0,0,0,1,1,1,1,0,0,0,0,1,1,1,1,0,0,0,0,1,1,1,1,0,0,0,0,1,1,1,1,0,0,0,0,1,1,1,1,32,0,Unicorn_Absent,-1,-1.0,6,134,1.0,32.0,0.3333333333333333,32.0,0.5625,0.5,RIGHT,0.8,1.0,0.5625,32,DOWN,3,2
3287,11804033,24,40337,Absent,32,0,0,0,0,0,0,0,0,0,0,0,0,0,0,0,0,0,0,0,0,0,0,0,0,0,0,0,0,0,0,0,0,1,1,1,1,1,1,1,1,1,1,1,1,1,1,1,1,1,1,1,1,1,1,1,1,1,1,1,1,1,1,1,1,32,0,Unicorn_Absent,-1,-1.0,3,166,1.0,32.0,0.3333333333333333,32.0,0.5,0.5,DOWN,1.0,0.3333333333333333,0.5625,0,RIGHT,3,2
3289,11804033,25,40337,Absent,32,0,0,0,0,0,0,0,0,0,0,0,0,0,0,0,0,0,0,0,0,0,0,0,0,0,0,0,0,0,0,0,0,1,1,1,1,1,1,1,1,1,1,1,1,1,1,1,1,1,1,1,1,1,1,1,1,1,1,1,1,1,1,1,1,32,0,Unicorn_Absent,-1,-1.0,3,198,1.0,32.0,1.0,32.0,0.5,0.5,DOWN,1.0,0.3333333333333333,0.5,0,DOWN,3,2
3291,11804033,26,40337,Absent,32,0,0,0,0,0,0,0,0,0,0,0,0,0,0,0,0,0,0,0,0,0,0,0,0,0,0,0,0,0,0,0,0,1,1,1,1,1,1,1,1,1,1,1,1,1,1,1,1,1,1,1,1,1,1,1,1,1,1,1,1,1,1,1,1,0,32,Unicorn_Absent,-1,-1.0,3,198,0.8,32.0,1.0,64.0,0.0,0.5,DOWN,1.0,1.0,0.5,0,DOWN,3,2
3295,11804033,28,40337,Absent,36,0,0,0,0,0,0,0,0,0,1,1,1,1,1,1,0,0,1,1,1,1,1,1,0,0,1,1,1,1,1,1,0,0,1,1,1,1,1,1,0,0,1,1,1,1,1,1,0,0,1,1,1,1,1,1,0,0,0,0,0,0,0,0,0,14,18,Unicorn_Absent,-1,-1.0,7,232,0.8875,36.0,0.36,50.0,0.0,0.5,IN,0.8,1.0,0.0,32,DOWN,3,2
3299,11804033,30,40337,Absent,32,1,1,1,1,1,1,1,1,1,1,1,1,1,1,1,1,1,1,1,1,1,1,1,1,1,1,1,1,1,1,1,1,0,0,0,0,0,0,0,0,0,0,0,0,0,0,0,0,0,0,0,0,0,0,0,0,0,0,0,0,0,0,0,0,16,16,Unicorn_Absent,-1,-1.0,4,280,0.9,32.0,0.36,48.0,0.30434782608695654,0.5,UP,0.8875,0.36,0.0,18,IN,3,2
3301,11804033,31,40337,Absent,36,0,0,0,0,0,0,0,0,0,1,1,1,1,1,1,0,0,1,1,1,1,1,1,0,0,1,1,1,1,1,1,0,0,1,1,1,1,1,1,0,0,1,1,1,1,1,1,0,0,1,1,1,1,1,1,0,0,0,0,0,0,0,0,0,14,18,Unicorn_Absent,-1,-1.0,7,294,0.8875,36.0,0.36,50.0,0.30434782608695654,0.5,IN,0.9,0.36,0.30434782608695654,16,UP,3,2
3303,11804033,32,40337,Absent,28,1,1,1,1,1,1,1,1,1,0,0,0,0,0,0,1,1,0,0,0,0,0,0,1,1,0,0,0,0,0,0,1,1,0,0,0,0,0,0,1,1,0,0,0,0,0,0,1,1,0,0,0,0,0,0,1,1,1,1,1,1,1,1,1,32,0,Unicorn_Absent,-1,-1.0,8,326,1.0,28.0,0.0,28.0,0.6956521739130435,0.4375,OUT,0.8875,0.36,0.30434782608695654,18,IN,3,2
3305,11804033,33,40337,Absent,32,1,1,1,1,0,0,0,0,1,1,1,1,0,0,0,0,1,1,1,1,0,0,0,0,1,1,1,1,0,0,0,0,1,1,1,1,0,0,0,0,1,1,1,1,0,0,0,0,1,1,1,1,0,0,0,0,1,1,1,1,0,0,0,0,10,22,Unicorn_Absent,-1,-1.0,5,336,0.8625,32.0,0.30434782608695654,51.0,0.6956521739130435,0.453125,LEFT,1.0,0.0,0.6956521739130435,0,OUT,3,2
3307,11804033,34,40337,Absent,32,0,0,0,0,0,0,0,0,0,0,0,0,0,0,0,0,0,0,0,0,0,0,0,0,0,0,0,0,0,0,0,0,1,1,1,1,1,1,1,1,1,1,1,1,1,1,1,1,1,1,1,1,1,1,1,1,1,1,1,1,1,1,1,1,14,18,Unicorn_Absent,-1,-1.0,3,350,0.8875,32.0,0.3333333333333333,50.0,0.3333333333333333,0.5,DOWN,0.8625,0.30434782608695654,0.6956521739130435,22,LEFT,3,2
3309,11804033,35,40337,Absent,32,0,0,0,0,1,1,1,1,0,0,0,0,1,1,1,1,0,0,0,0,1,1,1,1,0,0,0,0,1,1,1,1,0,0,0,0,1,1,1,1,0,0,0,0,1,1,1,1,0,0,0,0,1,1,1,1,0,0,0,0,1,1,1,1,18,14,Unicorn_Absent,-1,-1.0,6,368,0.9125,32.0,0.3333333333333333,46.0,0.3333333333333333,0.5,RIGHT,0.8875,0.3333333333333333,0.3333333333333333,18,DOWN,3,2
3321,11804033,41,40337,Absent,32,1,1,1,1,0,0,0,0,1,1,1,1,0,0,0,0,1,1,1,1,0,0,0,0,1,1,1,1,0,0,0,0,1,1,1,1,0,0,0,0,1,1,1,1,0,0,0,0,1,1,1,1,0,0,0,0,1,1,1,1,0,0,0,0,32,0,Unicorn_Absent,-1,-1.0,5,342,1.0,32.0,0.0,32.0,0.6666666666666667,0.5,LEFT,0.9125,0.3333333333333333,0.3333333333333333,14,RIGHT,3,2
3327,11804033,44,40337,Absent,32,0,0,0,0,0,0,0,0,0,0,0,0,0,0,0,0,0,0,0,0,0,0,0,0,0,0,0,0,0,0,0,0,1,1,1,1,1,1,1,1,1,1,1,1,1,1,1,1,1,1,1,1,1,1,1,1,1,1,1,1,1,1,1,1,14,18,Unicorn_Absent,-1,-1.0,3,408,0.8875,32.0,0.3333333333333333,50.0,0.6666666666666667,0.5,DOWN,1.0,0.0,0.6666666666666667,0,LEFT,3,2
3329,11804033,45,40337,Absent,0,0,0,0,0,0,0,0,0,0,0,0,0,0,0,0,0,0,0,0,0,0,0,0,0,0,0,0,0,0,0,0,0,0,0,0,0,0,0,0,0,0,0,0,0,0,0,0,0,0,0,0,0,0,0,0,0,0,0,0,0,0,0,0,0,32,0,Unicorn_Absent,-1,-1.0,2,440,1.0,0.0,0.0,0.0,0.0,0.0,NOTHING,0.8875,0.3333333333333333,0.6666666666666667,18,DOWN,3,2
3333,11804033,47,40337,Absent,28,1,1,1,1,1,1,1,1,1,0,0,0,0,0,0,1,1,0,0,0,0,0,0,1,1,0,0,0,0,0,0,1,1,0,0,0,0,0,0,1,1,0,0,0,0,0,0,1,1,0,0,0,0,0,0,1,1,1,1,1,1,1,1,1,32,0,Unicorn_Absent,-1,-1.0,8,408,1.0,28.0,0.0,28.0,0.0,0.4375,OUT,1.0,0.0,0.0,0,NOTHING,3,2
3335,11804033,48,40337,Absent,28,1,1,1,1,1,1,1,1,1,0,0,0,0,0,0,1,1,0,0,0,0,0,0,1,1,0,0,0,0,0,0,1,1,0,0,0,0,0,0,1,1,0,0,0,0,0,0,1,1,0,0,0,0,0,0,1,1,1,1,1,1,1,1,1,32,0,Unicorn_Absent,-1,-1.0,8,440,1.0,28.0,1.0,28.0,1.0,0.4375,OUT,1.0,0.0,0.0,0,OUT,3,2
3341,11804033,51,40337,Absent,0,0,0,0,0,0,0,0,0,0,0,0,0,0,0,0,0,0,0,0,0,0,0,0,0,0,0,0,0,0,0,0,0,0,0,0,0,0,0,0,0,0,0,0,0,0,0,0,0,0,0,0,0,0,0,0,0,0,0,0,0,0,0,0,0,32,0,Unicorn_Absent,-1,-1.0,2,440,1.0,0.0,0.0,28.0,1.0,0.4375,NOTHING,1.0,1.0,1.0,0,OUT,3,2
3345,11804033,53,40337,Absent,0,0,0,0,0,0,0,0,0,0,0,0,0,0,0,0,0,0,0,0,0,0,0,0,0,0,0,0,0,0,0,0,0,0,0,0,0,0,0,0,0,0,0,0,0,0,0,0,0,0,0,0,0,0,0,0,0,0,0,0,0,0,0,0,0,32,0,Unicorn_Absent,-1,-1.0,2,408,1.0,0.0,1.0,32.0,0.14,0.5,NOTHING,1.0,0.0,1.0,0,NOTHING,3,2
3347,11804033,54,40337,Absent,0,0,0,0,0,0,0,0,0,0,0,0,0,0,0,0,0,0,0,0,0,0,0,0,0,0,0,0,0,0,0,0,0,0,0,0,0,0,0,0,0,0,0,0,0,0,0,0,0,0,0,0,0,0,0,0,0,0,0,0,0,0,0,0,0,32,0,Unicorn_Absent,-1,-1.0,2,440,1.0,0.0,1.0,32.0,0.14,0.5,NOTHING,1.0,1.0,0.14,0,NOTHING,3,2
3351,11804033,56,40337,Absent,0,0,0,0,0,0,0,0,0,0,0,0,0,0,0,0,0,0,0,0,0,0,0,0,0,0,0,0,0,0,0,0,0,0,0,0,0,0,0,0,0,0,0,0,0,0,0,0,0,0,0,0,0,0,0,0,0,0,0,0,0,0,0,0,0,32,0,Unicorn_Absent,-1,-1.0,2,504,1.0,0.0,1.0,36.0,0.64,0.5625,NOTHING,1.0,1.0,0.14,0,NOTHING,3,2
3357,11804033,59,40337,Absent,0,0,0,0,0,0,0,0,0,0,0,0,0,0,0,0,0,0,0,0,0,0,0,0,0,0,0,0,0,0,0,0,0,0,0,0,0,0,0,0,0,0,0,0,0,0,0,0,0,0,0,0,0,0,0,0,0,0,0,0,0,0,0,0,0,32,0,Unicorn_Absent,-1,-1.0,2,600,1.0,0.0,1.0,28.0,0.64,0.4375,NOTHING,1.0,1.0,0.64,0,NOTHING,3,2
3242,11804033,2,118018,Absent,32,1,1,1,1,0,0,0,0,1,1,1,1,0,0,0,0,1,1,1,1,0,0,0,0,1,1,1,1,0,0,0,0,1,1,1,1,0,0,0,0,1,1,1,1,0,0,0,0,1,1,1,1,0,0,0,0,1,1,1,1,0,0,0,0,0,32,Unicorn_Absent,-1,-1.0,5,-72,0.8,32.0,1.0,32.0,0.026666666666666672,0.0,LEFT,,,,,,3,2
3246,11804033,4,118018,Absent,0,0,0,0,0,0,0,0,0,0,0,0,0,0,0,0,0,0,0,0,0,0,0,0,0,0,0,0,0,0,0,0,0,0,0,0,0,0,0,0,0,0,0,0,0,0,0,0,0,0,0,0,0,0,0,0,0,0,0,0,0,0,0,0,0,32,0,Unicorn_Absent,-1,-1.0,2,-14,1.0,0.0,0.0,32.0,0.026666666666666672,0.5,NOTHING,0.8,1.0,0.026666666666666672,32,LEFT,3,2
3248,11804033,5,118018,Absent,0,0,0,0,0,0,0,0,0,0,0,0,0,0,0,0,0,0,0,0,0,0,0,0,0,0,0,0,0,0,0,0,0,0,0,0,0,0,0,0,0,0,0,0,0,0,0,0,0,0,0,0,0,0,0,0,0,0,0,0,0,0,0,0,0,32,0,Unicorn_Absent,-1,-1.0,2,18,1.0,0.0,1.0,32.0,0.0,0.5,NOTHING,1.0,0.0,0.026666666666666672,0,NOTHING,3,2
3254,11804033,8,118018,Absent,36,0,0,0,0,0,0,0,0,0,1,1,1,1,1,1,0,0,1,1,1,1,1,1,0,0,1,1,1,1,1,1,0,0,1,1,1,1,1,1,0,0,1,1,1,1,1,1,0,0,1,1,1,1,1,1,0,0,0,0,0,0,0,0,0,32,0,Unicorn_Absent,-1,-1.0,7,-12,1.0,36.0,0.0,64.0,0.0,1.0,IN,1.0,1.0,0.0,0,NOTHING,3,2
3256,11804033,9,118018,Absent,36,0,0,0,0,0,0,0,0,0,1,1,1,1,1,1,0,0,1,1,1,1,1,1,0,0,1,1,1,1,1,1,0,0,1,1,1,1,1,1,0,0,1,1,1,1,1,1,0,0,1,1,1,1,1,1,0,0,0,0,0,0,0,0,0,-4,36,Unicorn_Absent,-1,-1.0,7,-16,0.775,36.0,1.0,64.0,0.30434782608695654,0.4375,IN,1.0,0.0,0.0,0,IN,3,2
3258,11804033,10,118018,Absent,0,0,0,0,0,0,0,0,0,0,0,0,0,0,0,0,0,0,0,0,0,0,0,0,0,0,0,0,0,0,0,0,0,0,0,0,0,0,0,0,0,0,0,0,0,0,0,0,0,0,0,0,0,0,0,0,0,0,0,0,0,0,0,0,0,32,0,Unicorn_Absent,-1,-1.0,2,16,1.0,0.0,0.0,32.0,0.30434782608695654,0.5,NOTHING,0.775,1.0,0.30434782608695654,36,IN,3,2
3264,11804033,13,118018,Absent,32,1,1,1,1,1,1,1,1,1,1,1,1,1,1,1,1,1,1,1,1,1,1,1,1,1,1,1,1,1,1,1,1,0,0,0,0,0,0,0,0,0,0,0,0,0,0,0,0,0,0,0,0,0,0,0,0,0,0,0,0,0,0,0,0,32,0,Unicorn_Absent,-1,-1.0,4,97,1.0,32.0,0.0,32.0,0.09259259259259262,0.5,UP,1.0,0.0,0.30434782608695654,0,NOTHING,3,2
3268,11804033,15,118018,Absent,28,1,1,1,1,1,1,1,1,1,0,0,0,0,0,0,1,1,0,0,0,0,0,0,1,1,0,0,0,0,0,0,1,1,0,0,0,0,0,0,1,1,0,0,0,0,0,0,1,1,0,0,0,0,0,0,1,1,1,1,1,1,1,1,1,18,14,Unicorn_Absent,-1,-1.0,8,147,0.9125,28.0,0.30434782608695654,46.0,0.09259259259259262,0.5,OUT,1.0,0.0,0.09259259259259262,0,UP,3,2
3276,11804033,19,118018,Absent,32,0,0,0,0,0,0,0,0,0,0,0,0,0,0,0,0,0,0,0,0,0,0,0,0,0,0,0,0,0,0,0,0,1,1,1,1,1,1,1,1,1,1,1,1,1,1,1,1,1,1,1,1,1,1,1,1,1,1,1,1,1,1,1,1,0,32,Unicorn_Absent,-1,-1.0,3,32,0.8,32.0,0.30434782608695654,32.0,0.3333333333333333,0.0,DOWN,0.9125,0.30434782608695654,0.09259259259259262,14,OUT,3,2
3284,11804033,23,118018,Absent,0,0,0,0,0,0,0,0,0,0,0,0,0,0,0,0,0,0,0,0,0,0,0,0,0,0,0,0,0,0,0,0,0,0,0,0,0,0,0,0,0,0,0,0,0,0,0,0,0,0,0,0,0,0,0,0,0,0,0,0,0,0,0,0,0,32,0,Unicorn_Absent,-1,-1.0,2,134,1.0,0.0,0.0,32.0,0.3333333333333333,0.5,NOTHING,0.8,0.30434782608695654,0.3333333333333333,32,DOWN,3,2
3286,11804033,24,118018,Absent,0,0,0,0,0,0,0,0,0,0,0,0,0,0,0,0,0,0,0,0,0,0,0,0,0,0,0,0,0,0,0,0,0,0,0,0,0,0,0,0,0,0,0,0,0,0,0,0,0,0,0,0,0,0,0,0,0,0,0,0,0,0,0,0,0,32,0,Unicorn_Absent,-1,-1.0,2,166,1.0,0.0,1.0,32.0,0.0,0.5,NOTHING,1.0,0.0,0.3333333333333333,0,NOTHING,3,2
3288,11804033,25,118018,Absent,0,0,0,0,0,0,0,0,0,0,0,0,0,0,0,0,0,0,0,0,0,0,0,0,0,0,0,0,0,0,0,0,0,0,0,0,0,0,0,0,0,0,0,0,0,0,0,0,0,0,0,0,0,0,0,0,0,0,0,0,0,0,0,0,0,32,0,Unicorn_Absent,-1,-1.0,2,198,1.0,0.0,1.0,32.0,0.0,0.5,NOTHING,1.0,1.0,0.0,0,NOTHING,3,2
3290,11804033,26,118018,Absent,64,1,1,1,1,1,1,1,1,1,1,1,1,1,1,1,1,1,1,1,1,1,1,1,1,1,1,1,1,1,1,1,1,1,1,1,1,1,1,1,1,1,1,1,1,1,1,1,1,1,1,1,1,1,1,1,1,1,1,1,1,1,1,1,1,0,32,Unicorn_Absent,-1,-1.0,1,198,0.8,64.0,0.0,64.0,0.3333333333333333,0.5,ALL,1.0,1.0,0.0,0,NOTHING,3,2
3294,11804033,28,118018,Absent,32,0,0,0,0,1,1,1,1,0,0,0,0,1,1,1,1,0,0,0,0,1,1,1,1,0,0,0,0,1,1,1,1,0,0,0,0,1,1,1,1,0,0,0,0,1,1,1,1,0,0,0,0,1,1,1,1,0,0,0,0,1,1,1,1,14,18,Unicorn_Absent,-1,-1.0,6,232,0.8875,32.0,0.5,50.0,0.3333333333333333,0.5,RIGHT,0.8,0.0,0.3333333333333333,32,ALL,3,2
3298,11804033,30,118018,Absent,32,0,0,0,0,1,1,1,1,0,0,0,0,1,1,1,1,0,0,0,0,1,1,1,1,0,0,0,0,1,1,1,1,0,0,0,0,1,1,1,1,0,0,0,0,1,1,1,1,0,0,0,0,1,1,1,1,0,0,0,0,1,1,1,1,16,16,Unicorn_Absent,-1,-1.0,6,280,0.9,32.0,1.0,48.0,0.0,0.5,RIGHT,0.8875,0.5,0.3333333333333333,18,RIGHT,3,2
3300,11804033,31,118018,Absent,32,0,0,0,0,0,0,0,0,0,0,0,0,0,0,0,0,0,0,0,0,0,0,0,0,0,0,0,0,0,0,0,0,1,1,1,1,1,1,1,1,1,1,1,1,1,1,1,1,1,1,1,1,1,1,1,1,1,1,1,1,1,1,1,1,14,18,Unicorn_Absent,-1,-1.0,3,294,0.8875,32.0,0.3333333333333333,50.0,0.0,0.5,DOWN,0.9,1.0,0.0,16,RIGHT,3,2
3302,11804033,32,118018,Absent,0,0,0,0,0,0,0,0,0,0,0,0,0,0,0,0,0,0,0,0,0,0,0,0,0,0,0,0,0,0,0,0,0,0,0,0,0,0,0,0,0,0,0,0,0,0,0,0,0,0,0,0,0,0,0,0,0,0,0,0,0,0,0,0,0,32,0,Unicorn_Absent,-1,-1.0,2,326,1.0,0.0,0.0,28.0,1.0,0.4375,NOTHING,0.8875,0.3333333333333333,0.0,18,DOWN,3,2
3304,11804033,33,118018,Absent,62,0,1,1,0,0,0,0,0,1,1,0,1,1,1,0,1,1,1,0,1,1,0,1,0,1,0,0,1,1,0,1,1,1,0,0,1,1,1,1,1,1,1,0,1,1,1,1,1,1,1,1,1,0,0,0,1,1,1,1,0,1,0,0,1,10,22,Unicorn_Absent,-1,-1.0,0,336,0.8625,41.0,0.0,51.0,1.0,0.453125,RS,1.0,0.0,1.0,0,NOTHING,3,2
3306,11804033,34,118018,Absent,36,0,0,0,0,0,0,0,0,0,1,1,1,1,1,1,0,0,1,1,1,1,1,1,0,0,1,1,1,1,1,1,0,0,1,1,1,1,1,1,0,0,1,1,1,1,1,1,0,0,1,1,1,1,1,1,0,0,0,0,0,0,0,0,0,14,18,Unicorn_Absent,-1,-1.0,7,350,0.8875,36.0,0.42592592592592593,50.0,0.0,0.5,IN,0.8625,0.0,1.0,22,RS,3,2
3308,11804033,35,118018,Absent,28,1,1,1,1,1,1,1,1,1,0,0,0,0,0,0,1,1,0,0,0,0,0,0,1,1,0,0,0,0,0,0,1,1,0,0,0,0,0,0,1,1,0,0,0,0,0,0,1,1,0,0,0,0,0,0,1,1,1,1,1,1,1,1,1,18,14,Unicorn_Absent,-1,-1.0,8,368,0.9125,28.0,0.0,46.0,0.0,0.5,OUT,0.8875,0.42592592592592593,0.0,18,IN,3,2
3320,11804033,41,118018,Absent,0,0,0,0,0,0,0,0,0,0,0,0,0,0,0,0,0,0,0,0,0,0,0,0,0,0,0,0,0,0,0,0,0,0,0,0,0,0,0,0,0,0,0,0,0,0,0,0,0,0,0,0,0,0,0,0,0,0,0,0,0,0,0,0,0,32,0,Unicorn_Absent,-1,-1.0,2,342,1.0,0.0,0.0,32.0,0.0,0.5,NOTHING,0.9125,0.0,0.0,14,OUT,3,2
3326,11804033,44,118018,Absent,36,0,0,0,0,0,0,0,0,0,1,1,1,1,1,1,0,0,1,1,1,1,1,1,0,0,1,1,1,1,1,1,0,0,1,1,1,1,1,1,0,0,1,1,1,1,1,1,0,0,1,1,1,1,1,1,0,0,0,0,0,0,0,0,0,14,18,Unicorn_Absent,-1,-1.0,7,408,0.8875,36.0,0.0,50.0,0.0,0.5,IN,1.0,0.0,0.0,0,NOTHING,3,2
3328,11804033,45,118018,Absent,0,0,0,0,0,0,0,0,0,0,0,0,0,0,0,0,0,0,0,0,0,0,0,0,0,0,0,0,0,0,0,0,0,0,0,0,0,0,0,0,0,0,0,0,0,0,0,0,0,0,0,0,0,0,0,0,0,0,0,0,0,0,0,0,0,32,0,Unicorn_Absent,-1,-1.0,2,440,1.0,0.0,0.0,0.0,0.6956521739130435,0.0,NOTHING,0.8875,0.0,0.0,18,IN,3,2
3332,11804033,47,118018,Absent,0,0,0,0,0,0,0,0,0,0,0,0,0,0,0,0,0,0,0,0,0,0,0,0,0,0,0,0,0,0,0,0,0,0,0,0,0,0,0,0,0,0,0,0,0,0,0,0,0,0,0,0,0,0,0,0,0,0,0,0,0,0,0,0,0,32,0,Unicorn_Absent,-1,-1.0,2,408,1.0,0.0,1.0,28.0,0.6956521739130435,0.4375,NOTHING,1.0,0.0,0.6956521739130435,0,NOTHING,3,2
3334,11804033,48,118018,Absent,0,0,0,0,0,0,0,0,0,0,0,0,0,0,0,0,0,0,0,0,0,0,0,0,0,0,0,0,0,0,0,0,0,0,0,0,0,0,0,0,0,0,0,0,0,0,0,0,0,0,0,0,0,0,0,0,0,0,0,0,0,0,0,0,0,32,0,Unicorn_Absent,-1,-1.0,2,440,1.0,0.0,1.0,28.0,0.0,0.4375,NOTHING,1.0,1.0,0.6956521739130435,0,NOTHING,3,2
3340,11804033,51,118018,Absent,28,1,1,1,1,1,1,1,1,1,0,0,0,0,0,0,1,1,0,0,0,0,0,0,1,1,0,0,0,0,0,0,1,1,0,0,0,0,0,0,1,1,0,0,0,0,0,0,1,1,0,0,0,0,0,0,1,1,1,1,1,1,1,1,1,32,0,Unicorn_Absent,-1,-1.0,8,440,1.0,28.0,0.0,28.0,0.0,0.4375,OUT,1.0,1.0,0.0,0,NOTHING,3,2
3344,11804033,53,118018,Absent,32,1,1,1,1,0,0,0,0,1,1,1,1,0,0,0,0,1,1,1,1,0,0,0,0,1,1,1,1,0,0,0,0,1,1,1,1,0,0,0,0,1,1,1,1,0,0,0,0,1,1,1,1,0,0,0,0,1,1,1,1,0,0,0,0,32,0,Unicorn_Absent,-1,-1.0,5,408,1.0,32.0,0.30434782608695654,32.0,0.64,0.5,LEFT,1.0,0.0,0.0,0,OUT,3,2
3346,11804033,54,118018,Absent,32,1,1,1,1,0,0,0,0,1,1,1,1,0,0,0,0,1,1,1,1,0,0,0,0,1,1,1,1,0,0,0,0,1,1,1,1,0,0,0,0,1,1,1,1,0,0,0,0,1,1,1,1,0,0,0,0,1,1,1,1,0,0,0,0,32,0,Unicorn_Absent,-1,-1.0,5,440,1.0,32.0,1.0,32.0,0.64,0.5,LEFT,1.0,0.30434782608695654,0.64,0,LEFT,3,2
3350,11804033,56,118018,Absent,36,0,0,0,0,0,0,0,0,0,1,1,1,1,1,1,0,0,1,1,1,1,1,1,0,0,1,1,1,1,1,1,0,0,1,1,1,1,1,1,0,0,1,1,1,1,1,1,0,0,1,1,1,1,1,1,0,0,0,0,0,0,0,0,0,32,0,Unicorn_Absent,-1,-1.0,7,504,1.0,36.0,0.36,36.0,1.0,0.5625,IN,1.0,1.0,0.64,0,LEFT,3,2
3356,11804033,59,118018,Absent,28,1,1,1,1,1,1,1,1,1,0,0,0,0,0,0,1,1,0,0,0,0,0,0,1,1,0,0,0,0,0,0,1,1,0,0,0,0,0,0,1,1,0,0,0,0,0,0,1,1,0,0,0,0,0,0,1,1,1,1,1,1,1,1,1,32,0,Unicorn_Absent,-1,-1.0,8,600,1.0,28.0,0.0,28.0,1.0,0.4375,OUT,1.0,0.36,1.0,0,IN,3,2
4441,11852269,1,22692,Absent,43,0,1,0,0,0,1,1,1,1,0,0,1,0,1,1,0,0,0,1,0,1,0,1,0,1,1,1,0,1,0,0,0,1,1,0,1,0,1,0,0,1,1,1,0,1,0,0,1,0,1,1,0,1,0,0,1,0,1,0,0,0,1,0,1,16,16,Unicorn_Absent,-1,-1.0,9,16,0.9,31.0,1.0,44.0,0.0,0.4375,,,,,,,3,2
4451,11852269,6,22692,Absent,32,1,1,1,1,0,0,0,0,1,1,1,1,0,0,0,0,1,1,1,1,0,0,0,0,1,1,1,1,0,0,0,0,1,1,1,1,0,0,0,0,1,1,1,1,0,0,0,0,1,1,1,1,0,0,0,0,1,1,1,1,0,0,0,0,32,0,Unicorn_Absent,-1,-1.0,5,-16,1.0,32.0,0.3404255319148936,64.0,0.0,1.0,LEFT,0.9,1.0,0.0,16,,3,2
4453,11852269,7,22692,Absent,32,1,1,1,1,0,0,0,0,1,1,1,1,0,0,0,0,1,1,1,1,0,0,0,0,1,1,1,1,0,0,0,0,1,1,1,1,0,0,0,0,1,1,1,1,0,0,0,0,1,1,1,1,0,0,0,0,1,1,1,1,0,0,0,0,32,0,Unicorn_Absent,-1,-1.0,5,16,1.0,32.0,1.0,64.0,0.0695921985815603,1.0,LEFT,1.0,0.3404255319148936,0.0,0,LEFT,3,2
4457,11852269,9,22692,Absent,32,1,1,1,1,0,0,0,0,1,1,1,1,0,0,0,0,1,1,1,1,0,0,0,0,1,1,1,1,0,0,0,0,1,1,1,1,0,0,0,0,1,1,1,1,0,0,0,0,1,1,1,1,0,0,0,0,1,1,1,1,0,0,0,0,32,0,Unicorn_Absent,-1,-1.0,5,80,1.0,32.0,1.0,64.0,0.0695921985815603,1.0,LEFT,1.0,1.0,0.0695921985815603,0,LEFT,3,2
4461,11852269,11,22692,Absent,32,1,1,1,1,0,0,0,0,1,1,1,1,0,0,0,0,1,1,1,1,0,0,0,0,1,1,1,1,0,0,0,0,1,1,1,1,0,0,0,0,1,1,1,1,0,0,0,0,1,1,1,1,0,0,0,0,1,1,1,1,0,0,0,0,16,16,Unicorn_Absent,-1,-1.0,5,128,0.9,32.0,1.0,48.0,0.0,0.5,LEFT,1.0,1.0,0.0695921985815603,0,LEFT,3,2
4463,11852269,12,22692,Absent,32,1,1,1,1,1,1,1,1,1,1,1,1,1,1,1,1,1,1,1,1,1,1,1,1,1,1,1,1,1,1,1,1,0,0,0,0,0,0,0,0,0,0,0,0,0,0,0,0,0,0,0,0,0,0,0,0,0,0,0,0,0,0,0,0,32,0,Unicorn_Absent,-1,-1.0,4,160,1.0,32.0,0.3333333333333333,32.0,0.0,0.5,UP,0.9,1.0,0.0,16,LEFT,3,2
4471,11852269,16,22692,Absent,0,0,0,0,0,0,0,0,0,0,0,0,0,0,0,0,0,0,0,0,0,0,0,0,0,0,0,0,0,0,0,0,0,0,0,0,0,0,0,0,0,0,0,0,0,0,0,0,0,0,0,0,0,0,0,0,0,0,0,0,0,0,0,0,0,32,0,Unicorn_Absent,-1,-1.0,2,192,1.0,0.0,0.0,32.0,0.0,0.5,NOTHING,1.0,0.3333333333333333,0.0,0,UP,3,2
4473,11852269,17,22692,Absent,32,0,0,0,0,1,1,1,1,0,0,0,0,1,1,1,1,0,0,0,0,1,1,1,1,0,0,0,0,1,1,1,1,0,0,0,0,1,1,1,1,0,0,0,0,1,1,1,1,0,0,0,0,1,1,1,1,0,0,0,0,1,1,1,1,18,14,Unicorn_Absent,-1,-1.0,6,210,0.9125,32.0,0.0,46.0,0.0,0.5,RIGHT,1.0,0.0,0.0,0,NOTHING,3,2
4475,11852269,18,22692,Absent,28,1,1,1,1,1,1,1,1,1,0,0,0,0,0,0,1,1,0,0,0,0,0,0,1,1,0,0,0,0,0,0,1,1,0,0,0,0,0,0,1,1,0,0,0,0,0,0,1,1,0,0,0,0,0,0,1,1,1,1,1,1,1,1,1,32,0,Unicorn_Absent,-1,-1.0,8,242,1.0,28.0,0.30434782608695654,64.0,0.6666666666666667,1.0,OUT,0.9125,0.0,0.0,14,RIGHT,3,2
4477,11852269,19,22692,Absent,28,1,1,1,1,1,1,1,1,1,0,0,0,0,0,0,1,1,0,0,0,0,0,0,1,1,0,0,0,0,0,0,1,1,0,0,0,0,0,0,1,1,0,0,0,0,0,0,1,1,0,0,0,0,0,0,1,1,1,1,1,1,1,1,1,32,0,Unicorn_Absent,-1,-1.0,8,274,1.0,28.0,1.0,64.0,0.6666666666666667,1.0,OUT,1.0,0.30434782608695654,0.6666666666666667,0,OUT,3,2
4479,11852269,20,22692,Absent,32,1,1,1,1,0,0,0,0,1,1,1,1,0,0,0,0,1,1,1,1,0,0,0,0,1,1,1,1,0,0,0,0,1,1,1,1,0,0,0,0,1,1,1,1,0,0,0,0,1,1,1,1,0,0,0,0,1,1,1,1,0,0,0,0,16,16,Unicorn_Absent,-1,-1.0,5,290,0.9,32.0,0.30434782608695654,48.0,0.3333333333333333,0.5,LEFT,1.0,1.0,0.6666666666666667,0,OUT,3,2
4483,11852269,22,22692,Absent,32,1,1,1,1,0,0,0,0,1,1,1,1,0,0,0,0,1,1,1,1,0,0,0,0,1,1,1,1,0,0,0,0,1,1,1,1,0,0,0,0,1,1,1,1,0,0,0,0,1,1,1,1,0,0,0,0,1,1,1,1,0,0,0,0,0,32,Unicorn_Absent,-1,-1.0,5,226,0.8,32.0,1.0,64.0,0.3333333333333333,0.5,LEFT,0.9,0.30434782608695654,0.3333333333333333,16,LEFT,3,2
4487,11852269,24,22692,Absent,0,0,0,0,0,0,0,0,0,0,0,0,0,0,0,0,0,0,0,0,0,0,0,0,0,0,0,0,0,0,0,0,0,0,0,0,0,0,0,0,0,0,0,0,0,0,0,0,0,0,0,0,0,0,0,0,0,0,0,0,0,0,0,0,0,32,0,Unicorn_Absent,-1,-1.0,2,180,1.0,0.0,0.0,36.0,0.0,0.5625,NOTHING,0.8,1.0,0.3333333333333333,32,LEFT,3,2
4489,11852269,25,22692,Absent,0,0,0,0,0,0,0,0,0,0,0,0,0,0,0,0,0,0,0,0,0,0,0,0,0,0,0,0,0,0,0,0,0,0,0,0,0,0,0,0,0,0,0,0,0,0,0,0,0,0,0,0,0,0,0,0,0,0,0,0,0,0,0,0,0,32,0,Unicorn_Absent,-1,-1.0,2,212,1.0,0.0,1.0,36.0,0.0,0.5625,NOTHING,1.0,0.0,0.0,0,NOTHING,3,2
4493,11852269,27,22692,Absent,32,1,1,1,1,0,0,0,0,1,1,1,1,0,0,0,0,1,1,1,1,0,0,0,0,1,1,1,1,0,0,0,0,1,1,1,1,0,0,0,0,1,1,1,1,0,0,0,0,1,1,1,1,0,0,0,0,1,1,1,1,0,0,0,0,16,16,Unicorn_Absent,-1,-1.0,5,146,0.9,32.0,0.0,48.0,0.30434782608695654,0.5,LEFT,1.0,1.0,0.0,0,NOTHING,3,2
4501,11852269,31,22692,Absent,32,0,0,0,0,0,0,0,0,0,0,0,0,0,0,0,0,0,0,0,0,0,0,0,0,0,0,0,0,0,0,0,0,1,1,1,1,1,1,1,1,1,1,1,1,1,1,1,1,1,1,1,1,1,1,1,1,1,1,1,1,1,1,1,1,0,32,Unicorn_Absent,-1,-1.0,3,237,0.8,32.0,0.3333333333333333,32.0,0.30434782608695654,0.0,DOWN,0.9,0.0,0.30434782608695654,16,LEFT,3,2
4503,11852269,32,22692,Absent,32,1,1,1,1,1,1,1,1,1,1,1,1,1,1,1,1,1,1,1,1,1,1,1,1,1,1,1,1,1,1,1,1,0,0,0,0,0,0,0,0,0,0,0,0,0,0,0,0,0,0,0,0,0,0,0,0,0,0,0,0,0,0,0,0,14,18,Unicorn_Absent,-1,-1.0,4,251,0.8875,32.0,0.0,50.0,0.30434782608695654,0.5,UP,0.8,0.3333333333333333,0.30434782608695654,32,DOWN,3,2
4509,11852269,35,22692,Absent,0,0,0,0,0,0,0,0,0,0,0,0,0,0,0,0,0,0,0,0,0,0,0,0,0,0,0,0,0,0,0,0,0,0,0,0,0,0,0,0,0,0,0,0,0,0,0,0,0,0,0,0,0,0,0,0,0,0,0,0,0,0,0,0,0,32,0,Unicorn_Absent,-1,-1.0,2,347,1.0,0.0,0.0,64.0,0.30434782608695654,1.0,NOTHING,0.8875,0.0,0.30434782608695654,18,UP,3,2
4515,11852269,38,22692,Absent,0,0,0,0,0,0,0,0,0,0,0,0,0,0,0,0,0,0,0,0,0,0,0,0,0,0,0,0,0,0,0,0,0,0,0,0,0,0,0,0,0,0,0,0,0,0,0,0,0,0,0,0,0,0,0,0,0,0,0,0,0,0,0,0,0,32,0,Unicorn_Absent,-1,-1.0,2,443,1.0,0.0,1.0,64.0,0.0,1.0,NOTHING,1.0,0.0,0.30434782608695654,0,NOTHING,3,2
4519,11852269,40,22692,Absent,0,0,0,0,0,0,0,0,0,0,0,0,0,0,0,0,0,0,0,0,0,0,0,0,0,0,0,0,0,0,0,0,0,0,0,0,0,0,0,0,0,0,0,0,0,0,0,0,0,0,0,0,0,0,0,0,0,0,0,0,0,0,0,0,0,32,0,Unicorn_Absent,-1,-1.0,2,507,1.0,0.0,1.0,64.0,0.0,1.0,NOTHING,1.0,1.0,0.0,0,NOTHING,3,2
4521,11852269,41,22692,Absent,0,0,0,0,0,0,0,0,0,0,0,0,0,0,0,0,0,0,0,0,0,0,0,0,0,0,0,0,0,0,0,0,0,0,0,0,0,0,0,0,0,0,0,0,0,0,0,0,0,0,0,0,0,0,0,0,0,0,0,0,0,0,0,0,0,32,0,Unicorn_Absent,-1,-1.0,2,539,1.0,0.0,1.0,28.0,0.055652173913043446,0.4375,NOTHING,1.0,1.0,0.0,0,NOTHING,3,2
4527,11852269,44,22692,Absent,32,0,0,0,0,0,0,0,0,0,0,0,0,0,0,0,0,0,0,0,0,0,0,0,0,0,0,0,0,0,0,0,0,1,1,1,1,1,1,1,1,1,1,1,1,1,1,1,1,1,1,1,1,1,1,1,1,1,1,1,1,1,1,1,1,0,32,Unicorn_Absent,-1,-1.0,3,411,0.8,32.0,0.0,32.0,0.055652173913043446,0.0,DOWN,1.0,1.0,0.055652173913043446,0,NOTHING,3,2
4529,11852269,45,22692,Absent,32,1,1,1,1,1,1,1,1,1,1,1,1,1,1,1,1,1,1,1,1,1,1,1,1,1,1,1,1,1,1,1,1,0,0,0,0,0,0,0,0,0,0,0,0,0,0,0,0,0,0,0,0,0,0,0,0,0,0,0,0,0,0,0,0,14,18,Unicorn_Absent,-1,-1.0,4,425,0.8875,32.0,0.0,50.0,0.5,0.5,UP,0.8,0.0,0.055652173913043446,32,DOWN,3,2
4533,11852269,47,22692,Absent,32,0,0,0,0,1,1,1,1,0,0,0,0,1,1,1,1,0,0,0,0,1,1,1,1,0,0,0,0,1,1,1,1,0,0,0,0,1,1,1,1,0,0,0,0,1,1,1,1,0,0,0,0,1,1,1,1,0,0,0,0,1,1,1,1,14,18,Unicorn_Absent,-1,-1.0,6,471,0.8875,32.0,0.3333333333333333,50.0,0.5,0.5,RIGHT,0.8875,0.0,0.5,18,UP,3,2
4537,11852269,49,22692,Absent,32,1,1,1,1,0,0,0,0,1,1,1,1,0,0,0,0,1,1,1,1,0,0,0,0,1,1,1,1,0,0,0,0,1,1,1,1,0,0,0,0,1,1,1,1,0,0,0,0,1,1,1,1,0,0,0,0,1,1,1,1,0,0,0,0,14,18,Unicorn_Absent,-1,-1.0,5,513,0.8875,32.0,0.0,50.0,0.5625,0.5,LEFT,0.8875,0.3333333333333333,0.5,18,RIGHT,3,2
4539,11852269,50,22692,Absent,64,1,1,1,1,1,1,1,1,1,1,1,1,1,1,1,1,1,1,1,1,1,1,1,1,1,1,1,1,1,1,1,1,1,1,1,1,1,1,1,1,1,1,1,1,1,1,1,1,1,1,1,1,1,1,1,1,1,1,1,1,1,1,1,1,0,32,Unicorn_Absent,-1,-1.0,1,513,0.8,64.0,0.5,64.0,0.5625,0.5,ALL,0.8875,0.0,0.5625,18,LEFT,3,2
4543,11852269,52,22692,Absent,32,1,1,1,1,0,0,0,0,1,1,1,1,0,0,0,0,1,1,1,1,0,0,0,0,1,1,1,1,0,0,0,0,1,1,1,1,0,0,0,0,1,1,1,1,0,0,0,0,1,1,1,1,0,0,0,0,1,1,1,1,0,0,0,0,32,0,Unicorn_Absent,-1,-1.0,5,467,1.0,32.0,0.5,64.0,0.0,1.0,LEFT,0.8,0.5,0.5625,32,ALL,3,2
4547,11852269,54,22692,Absent,28,1,1,1,1,1,1,1,1,1,0,0,0,0,0,0,1,1,0,0,0,0,0,0,1,1,0,0,0,0,0,0,1,1,0,0,0,0,0,0,1,1,0,0,0,0,0,0,1,1,0,0,0,0,0,0,1,1,1,1,1,1,1,1,1,18,14,Unicorn_Absent,-1,-1.0,8,502,0.9125,28.0,0.30434782608695654,46.0,0.0,0.5,OUT,1.0,0.5,0.0,0,LEFT,3,2
4553,11852269,57,22692,Absent,32,0,0,0,0,0,0,0,0,0,0,0,0,0,0,0,0,0,0,0,0,0,0,0,0,0,0,0,0,0,0,0,0,1,1,1,1,1,1,1,1,1,1,1,1,1,1,1,1,1,1,1,1,1,1,1,1,1,1,1,1,1,1,1,1,32,0,Unicorn_Absent,-1,-1.0,3,598,1.0,32.0,0.30434782608695654,32.0,0.36,0.5,DOWN,0.9125,0.30434782608695654,0.0,14,OUT,3,2
4557,11852269,59,22692,Absent,36,0,0,0,0,0,0,0,0,0,1,1,1,1,1,1,0,0,1,1,1,1,1,1,0,0,1,1,1,1,1,1,0,0,1,1,1,1,1,1,0,0,1,1,1,1,1,1,0,0,1,1,1,1,1,1,0,0,0,0,0,0,0,0,0,32,0,Unicorn_Absent,-1,-1.0,7,566,1.0,36.0,0.36,36.0,0.36,0.5625,IN,1.0,0.30434782608695654,0.36,0,DOWN,3,2
4440,11852269,1,118535,Absent,38,0,1,1,0,0,1,0,1,0,1,1,1,0,0,1,0,0,1,0,1,0,1,1,0,0,1,0,1,0,0,0,0,1,1,0,0,1,0,1,1,1,1,0,0,1,0,1,1,1,1,0,0,1,0,0,1,0,0,0,1,0,0,0,0,16,16,Unicorn_Absent,-1,-1.0,0,16,0.9,29.0,1.0,44.0,0.6666666666666667,0.4375,RS,,,,,,3,2
4450,11852269,6,118535,Absent,32,0,0,0,0,1,1,1,1,0,0,0,0,1,1,1,1,0,0,0,0,1,1,1,1,0,0,0,0,1,1,1,1,0,0,0,0,1,1,1,1,0,0,0,0,1,1,1,1,0,0,0,0,1,1,1,1,0,0,0,0,1,1,1,1,32,0,Unicorn_Absent,-1,-1.0,6,-16,1.0,32.0,0.2708333333333333,64.0,0.6666666666666667,1.0,RIGHT,0.9,1.0,0.6666666666666667,16,RS,3,2
4452,11852269,7,118535,Absent,32,0,0,0,0,1,1,1,1,0,0,0,0,1,1,1,1,0,0,0,0,1,1,1,1,0,0,0,0,1,1,1,1,0,0,0,0,1,1,1,1,0,0,0,0,1,1,1,1,0,0,0,0,1,1,1,1,0,0,0,0,1,1,1,1,32,0,Unicorn_Absent,-1,-1.0,6,16,1.0,32.0,1.0,64.0,0.36,1.0,RIGHT,1.0,0.2708333333333333,0.6666666666666667,0,RIGHT,3,2
4456,11852269,9,118535,Absent,32,0,0,0,0,1,1,1,1,0,0,0,0,1,1,1,1,0,0,0,0,1,1,1,1,0,0,0,0,1,1,1,1,0,0,0,0,1,1,1,1,0,0,0,0,1,1,1,1,0,0,0,0,1,1,1,1,0,0,0,0,1,1,1,1,32,0,Unicorn_Absent,-1,-1.0,6,80,1.0,32.0,1.0,64.0,0.36,1.0,RIGHT,1.0,1.0,0.36,0,RIGHT,3,2
4460,11852269,11,118535,Absent,32,0,0,0,0,0,0,0,0,0,0,0,0,0,0,0,0,0,0,0,0,0,0,0,0,0,0,0,0,0,0,0,0,1,1,1,1,1,1,1,1,1,1,1,1,1,1,1,1,1,1,1,1,1,1,1,1,1,1,1,1,1,1,1,1,16,16,Unicorn_Absent,-1,-1.0,3,128,0.9,32.0,0.3333333333333333,48.0,0.5625,0.5,DOWN,1.0,1.0,0.36,0,RIGHT,3,2
4462,11852269,12,118535,Absent,0,0,0,0,0,0,0,0,0,0,0,0,0,0,0,0,0,0,0,0,0,0,0,0,0,0,0,0,0,0,0,0,0,0,0,0,0,0,0,0,0,0,0,0,0,0,0,0,0,0,0,0,0,0,0,0,0,0,0,0,0,0,0,0,0,32,0,Unicorn_Absent,-1,-1.0,2,160,1.0,0.0,0.0,32.0,0.5625,0.5,NOTHING,0.9,0.3333333333333333,0.5625,16,DOWN,3,2
4470,11852269,16,118535,Absent,32,0,0,0,0,0,0,0,0,0,0,0,0,0,0,0,0,0,0,0,0,0,0,0,0,0,0,0,0,0,0,0,0,1,1,1,1,1,1,1,1,1,1,1,1,1,1,1,1,1,1,1,1,1,1,1,1,1,1,1,1,1,1,1,1,32,0,Unicorn_Absent,-1,-1.0,3,192,1.0,32.0,0.0,32.0,0.0,0.5,DOWN,1.0,0.0,0.5625,0,NOTHING,3,2
4472,11852269,17,118535,Absent,28,1,1,1,1,1,1,1,1,1,0,0,0,0,0,0,1,1,0,0,0,0,0,0,1,1,0,0,0,0,0,0,1,1,0,0,0,0,0,0,1,1,0,0,0,0,0,0,1,1,0,0,0,0,0,0,1,1,1,1,1,1,1,1,1,18,14,Unicorn_Absent,-1,-1.0,8,210,0.9125,28.0,0.30434782608695654,46.0,0.0,0.5,OUT,1.0,0.0,0.0,0,DOWN,3,2
4474,11852269,18,118535,Absent,36,0,0,0,0,0,0,0,0,0,1,1,1,1,1,1,0,0,1,1,1,1,1,1,0,0,1,1,1,1,1,1,0,0,1,1,1,1,1,1,0,0,1,1,1,1,1,1,0,0,1,1,1,1,1,1,0,0,0,0,0,0,0,0,0,32,0,Unicorn_Absent,-1,-1.0,7,242,1.0,36.0,0.0,64.0,0.0,1.0,IN,0.9125,0.30434782608695654,0.0,14,OUT,3,2
4476,11852269,19,118535,Absent,36,0,0,0,0,0,0,0,0,0,1,1,1,1,1,1,0,0,1,1,1,1,1,1,0,0,1,1,1,1,1,1,0,0,1,1,1,1,1,1,0,0,1,1,1,1,1,1,0,0,1,1,1,1,1,1,0,0,0,0,0,0,0,0,0,32,0,Unicorn_Absent,-1,-1.0,7,274,1.0,36.0,1.0,64.0,0.0,1.0,IN,1.0,0.0,0.0,0,IN,3,2
4478,11852269,20,118535,Absent,32,0,0,0,0,0,0,0,0,0,0,0,0,0,0,0,0,0,0,0,0,0,0,0,0,0,0,0,0,0,0,0,0,1,1,1,1,1,1,1,1,1,1,1,1,1,1,1,1,1,1,1,1,1,1,1,1,1,1,1,1,1,1,1,1,16,16,Unicorn_Absent,-1,-1.0,3,290,0.9,32.0,0.36,48.0,0.5625,0.5,DOWN,1.0,1.0,0.0,0,IN,3,2
4482,11852269,22,118535,Absent,64,1,1,1,1,1,1,1,1,1,1,1,1,1,1,1,1,1,1,1,1,1,1,1,1,1,1,1,1,1,1,1,1,1,1,1,1,1,1,1,1,1,1,1,1,1,1,1,1,1,1,1,1,1,1,1,1,1,1,1,1,1,1,1,1,0,32,Unicorn_Absent,-1,-1.0,1,226,0.8,64.0,0.5,64.0,0.5625,0.5,ALL,0.9,0.36,0.5625,16,DOWN,3,2
4486,11852269,24,118535,Absent,36,0,0,0,0,0,0,0,0,0,1,1,1,1,1,1,0,0,1,1,1,1,1,1,0,0,1,1,1,1,1,1,0,0,1,1,1,1,1,1,0,0,1,1,1,1,1,1,0,0,1,1,1,1,1,1,0,0,0,0,0,0,0,0,0,32,0,Unicorn_Absent,-1,-1.0,7,180,1.0,36.0,0.5625,36.0,0.30434782608695654,0.5625,IN,0.8,0.5,0.5625,32,ALL,3,2
4488,11852269,25,118535,Absent,36,0,0,0,0,0,0,0,0,0,1,1,1,1,1,1,0,0,1,1,1,1,1,1,0,0,1,1,1,1,1,1,0,0,1,1,1,1,1,1,0,0,1,1,1,1,1,1,0,0,1,1,1,1,1,1,0,0,0,0,0,0,0,0,0,32,0,Unicorn_Absent,-1,-1.0,7,212,1.0,36.0,1.0,36.0,0.30434782608695654,0.5625,IN,1.0,0.5625,0.30434782608695654,0,IN,3,2
4492,11852269,27,118535,Absent,32,0,0,0,0,0,0,0,0,0,0,0,0,0,0,0,0,0,0,0,0,0,0,0,0,0,0,0,0,0,0,0,0,1,1,1,1,1,1,1,1,1,1,1,1,1,1,1,1,1,1,1,1,1,1,1,1,1,1,1,1,1,1,1,1,16,16,Unicorn_Absent,-1,-1.0,3,146,0.9,32.0,0.36,48.0,0.36,0.5,DOWN,1.0,1.0,0.30434782608695654,0,IN,3,2
4500,11852269,31,118535,Absent,32,0,0,0,0,0,0,0,0,0,0,0,0,0,0,0,0,0,0,0,0,0,0,0,0,0,0,0,0,0,0,0,0,1,1,1,1,1,1,1,1,1,1,1,1,1,1,1,1,1,1,1,1,1,1,1,1,1,1,1,1,1,1,1,1,0,32,Unicorn_Absent,-1,-1.0,3,237,0.8,32.0,1.0,32.0,0.36,0.0,DOWN,0.9,0.36,0.36,16,DOWN,3,2
4502,11852269,32,118535,Absent,36,0,0,0,0,0,0,0,0,0,1,1,1,1,1,1,0,0,1,1,1,1,1,1,0,0,1,1,1,1,1,1,0,0,1,1,1,1,1,1,0,0,1,1,1,1,1,1,0,0,1,1,1,1,1,1,0,0,0,0,0,0,0,0,0,14,18,Unicorn_Absent,-1,-1.0,7,251,0.8875,36.0,0.36,50.0,0.6666666666666667,0.5,IN,0.8,1.0,0.36,32,DOWN,3,2
4508,11852269,35,118535,Absent,64,1,1,1,1,1,1,1,1,1,1,1,1,1,1,1,1,1,1,1,1,1,1,1,1,1,1,1,1,1,1,1,1,1,1,1,1,1,1,1,1,1,1,1,1,1,1,1,1,1,1,1,1,1,1,1,1,1,1,1,1,1,1,1,1,32,0,Unicorn_Absent,-1,-1.0,1,347,1.0,64.0,0.5625,64.0,0.6666666666666667,1.0,ALL,0.8875,0.36,0.6666666666666667,18,IN,3,2
4514,11852269,38,118535,Absent,64,1,1,1,1,1,1,1,1,1,1,1,1,1,1,1,1,1,1,1,1,1,1,1,1,1,1,1,1,1,1,1,1,1,1,1,1,1,1,1,1,1,1,1,1,1,1,1,1,1,1,1,1,1,1,1,1,1,1,1,1,1,1,1,1,32,0,Unicorn_Absent,-1,-1.0,1,443,1.0,64.0,1.0,64.0,1.0,1.0,ALL,1.0,0.5625,0.6666666666666667,0,ALL,3,2
4518,11852269,40,118535,Absent,64,1,1,1,1,1,1,1,1,1,1,1,1,1,1,1,1,1,1,1,1,1,1,1,1,1,1,1,1,1,1,1,1,1,1,1,1,1,1,1,1,1,1,1,1,1,1,1,1,1,1,1,1,1,1,1,1,1,1,1,1,1,1,1,1,32,0,Unicorn_Absent,-1,-1.0,1,507,1.0,64.0,1.0,64.0,1.0,1.0,ALL,1.0,1.0,1.0,0,ALL,3,2
4520,11852269,41,118535,Absent,28,1,1,1,1,1,1,1,1,1,0,0,0,0,0,0,1,1,0,0,0,0,0,0,1,1,0,0,0,0,0,0,1,1,0,0,0,0,0,0,1,1,0,0,0,0,0,0,1,1,0,0,0,0,0,0,1,1,1,1,1,1,1,1,1,32,0,Unicorn_Absent,-1,-1.0,8,539,1.0,28.0,0.4375,28.0,0.14,0.4375,OUT,1.0,1.0,1.0,0,ALL,3,2
4526,11852269,44,118535,Absent,32,0,0,0,0,0,0,0,0,0,0,0,0,0,0,0,0,0,0,0,0,0,0,0,0,0,0,0,0,0,0,0,0,1,1,1,1,1,1,1,1,1,1,1,1,1,1,1,1,1,1,1,1,1,1,1,1,1,1,1,1,1,1,1,1,0,32,Unicorn_Absent,-1,-1.0,3,411,0.8,32.0,0.30434782608695654,32.0,0.14,0.0,DOWN,1.0,0.4375,0.14,0,OUT,3,2
4528,11852269,45,118535,Absent,36,0,0,0,0,0,0,0,0,0,1,1,1,1,1,1,0,0,1,1,1,1,1,1,0,0,1,1,1,1,1,1,0,0,1,1,1,1,1,1,0,0,1,1,1,1,1,1,0,0,1,1,1,1,1,1,0,0,0,0,0,0,0,0,0,14,18,Unicorn_Absent,-1,-1.0,7,425,0.8875,36.0,0.36,50.0,0.5,0.5,IN,0.8,0.30434782608695654,0.14,32,DOWN,3,2
4532,11852269,47,118535,Absent,36,0,0,0,0,0,0,0,0,0,1,1,1,1,1,1,0,0,1,1,1,1,1,1,0,0,1,1,1,1,1,1,0,0,1,1,1,1,1,1,0,0,1,1,1,1,1,1,0,0,1,1,1,1,1,1,0,0,0,0,0,0,0,0,0,14,18,Unicorn_Absent,-1,-1.0,7,471,0.8875,36.0,1.0,50.0,0.5,0.5,IN,0.8875,0.36,0.5,18,IN,3,2
4536,11852269,49,118535,Absent,36,0,0,0,0,0,0,0,0,0,1,1,1,1,1,1,0,0,1,1,1,1,1,1,0,0,1,1,1,1,1,1,0,0,1,1,1,1,1,1,0,0,1,1,1,1,1,1,0,0,1,1,1,1,1,1,0,0,0,0,0,0,0,0,0,14,18,Unicorn_Absent,-1,-1.0,7,513,0.8875,36.0,1.0,50.0,0.028985507246376774,0.5,IN,0.8875,1.0,0.5,18,IN,3,2
4538,11852269,50,118535,Absent,32,1,1,1,1,0,0,0,0,1,1,1,1,0,0,0,0,1,1,1,1,0,0,0,0,1,1,1,1,0,0,0,0,1,1,1,1,0,0,0,0,1,1,1,1,0,0,0,0,1,1,1,1,0,0,0,0,1,1,1,1,0,0,0,0,0,32,Unicorn_Absent,-1,-1.0,5,513,0.8,32.0,0.36,64.0,0.028985507246376774,0.5,LEFT,0.8875,1.0,0.028985507246376774,18,IN,3,2
4542,11852269,52,118535,Absent,32,0,0,0,0,1,1,1,1,0,0,0,0,1,1,1,1,0,0,0,0,1,1,1,1,0,0,0,0,1,1,1,1,0,0,0,0,1,1,1,1,0,0,0,0,1,1,1,1,0,0,0,0,1,1,1,1,0,0,0,0,1,1,1,1,32,0,Unicorn_Absent,-1,-1.0,6,467,1.0,32.0,0.0,64.0,0.30434782608695654,1.0,RIGHT,0.8,0.36,0.028985507246376774,32,LEFT,3,2
4546,11852269,54,118535,Absent,32,0,0,0,0,0,0,0,0,0,0,0,0,0,0,0,0,0,0,0,0,0,0,0,0,0,0,0,0,0,0,0,0,1,1,1,1,1,1,1,1,1,1,1,1,1,1,1,1,1,1,1,1,1,1,1,1,1,1,1,1,1,1,1,1,18,14,Unicorn_Absent,-1,-1.0,3,502,0.9125,32.0,0.3333333333333333,46.0,0.30434782608695654,0.5,DOWN,1.0,0.0,0.30434782608695654,0,RIGHT,3,2
4552,11852269,57,118535,Absent,0,0,0,0,0,0,0,0,0,0,0,0,0,0,0,0,0,0,0,0,0,0,0,0,0,0,0,0,0,0,0,0,0,0,0,0,0,0,0,0,0,0,0,0,0,0,0,0,0,0,0,0,0,0,0,0,0,0,0,0,0,0,0,0,0,32,0,Unicorn_Absent,-1,-1.0,2,598,1.0,0.0,0.0,32.0,0.64,0.5,NOTHING,0.9125,0.3333333333333333,0.30434782608695654,14,DOWN,3,2
4556,11852269,59,118535,Absent,0,0,0,0,0,0,0,0,0,0,0,0,0,0,0,0,0,0,0,0,0,0,0,0,0,0,0,0,0,0,0,0,0,0,0,0,0,0,0,0,0,0,0,0,0,0,0,0,0,0,0,0,0,0,0,0,0,0,0,0,0,0,0,0,0,32,0,Unicorn_Absent,-1,-1.0,2,566,1.0,0.0,1.0,36.0,0.64,0.5625,NOTHING,1.0,0.0,0.64,0,NOTHING,3,2
1926,15546948,4,155429,Absent,36,0,0,0,0,0,0,0,0,0,1,1,1,1,1,1,0,0,1,1,1,1,1,1,0,0,1,1,1,1,1,1,0,0,1,1,1,1,1,1,0,0,1,1,1,1,1,1,0,0,1,1,1,1,1,1,0,0,0,0,0,0,0,0,0,14,18,Unicorn_Absent,-1,-1.0,7,-16,0.8875,36.0,1.0,50.0,0.0,0.5,IN,,,,,,3,2
1932,15546948,7,155429,Absent,0,0,0,0,0,0,0,0,0,0,0,0,0,0,0,0,0,0,0,0,0,0,0,0,0,0,0,0,0,0,0,0,0,0,0,0,0,0,0,0,0,0,0,0,0,0,0,0,0,0,0,0,0,0,0,0,0,0,0,0,0,0,0,0,0,32,0,Unicorn_Absent,-1,-1.0,2,-32,1.0,0.0,0.0,32.0,0.0,0.5,NOTHING,0.8875,1.0,0.0,18,IN,3,2
1934,15546948,8,155429,Absent,0,0,0,0,0,0,0,0,0,0,0,0,0,0,0,0,0,0,0,0,0,0,0,0,0,0,0,0,0,0,0,0,0,0,0,0,0,0,0,0,0,0,0,0,0,0,0,0,0,0,0,0,0,0,0,0,0,0,0,0,0,0,0,0,0,32,0,Unicorn_Absent,-1,-1.0,2,0,1.0,0.0,1.0,32.0,1.0,0.5,NOTHING,1.0,0.0,0.0,0,NOTHING,3,2
1936,15546948,9,155429,Absent,0,0,0,0,0,0,0,0,0,0,0,0,0,0,0,0,0,0,0,0,0,0,0,0,0,0,0,0,0,0,0,0,0,0,0,0,0,0,0,0,0,0,0,0,0,0,0,0,0,0,0,0,0,0,0,0,0,0,0,0,0,0,0,0,0,32,0,Unicorn_Absent,-1,-1.0,2,32,1.0,0.0,1.0,32.0,1.0,0.5,NOTHING,1.0,1.0,1.0,0,NOTHING,3,2
1938,15546948,10,155429,Absent,0,0,0,0,0,0,0,0,0,0,0,0,0,0,0,0,0,0,0,0,0,0,0,0,0,0,0,0,0,0,0,0,0,0,0,0,0,0,0,0,0,0,0,0,0,0,0,0,0,0,0,0,0,0,0,0,0,0,0,0,0,0,0,0,0,32,0,Unicorn_Absent,-1,-1.0,2,64,1.0,0.0,1.0,28.0,0.0,0.4375,NOTHING,1.0,1.0,1.0,0,NOTHING,3,2
1942,15546948,12,155429,Absent,0,0,0,0,0,0,0,0,0,0,0,0,0,0,0,0,0,0,0,0,0,0,0,0,0,0,0,0,0,0,0,0,0,0,0,0,0,0,0,0,0,0,0,0,0,0,0,0,0,0,0,0,0,0,0,0,0,0,0,0,0,0,0,0,0,32,0,Unicorn_Absent,-1,-1.0,2,32,1.0,0.0,1.0,32.0,0.0,0.5,NOTHING,1.0,1.0,0.0,0,NOTHING,3,2
1944,15546948,13,155429,Absent,0,0,0,0,0,0,0,0,0,0,0,0,0,0,0,0,0,0,0,0,0,0,0,0,0,0,0,0,0,0,0,0,0,0,0,0,0,0,0,0,0,0,0,0,0,0,0,0,0,0,0,0,0,0,0,0,0,0,0,0,0,0,0,0,0,32,0,Unicorn_Absent,-1,-1.0,2,64,1.0,0.0,1.0,0.0,0.0,0.0,NOTHING,1.0,1.0,0.0,0,NOTHING,3,2
1946,15546948,14,155429,Absent,0,0,0,0,0,0,0,0,0,0,0,0,0,0,0,0,0,0,0,0,0,0,0,0,0,0,0,0,0,0,0,0,0,0,0,0,0,0,0,0,0,0,0,0,0,0,0,0,0,0,0,0,0,0,0,0,0,0,0,0,0,0,0,0,0,32,0,Unicorn_Absent,-1,-1.0,2,96,1.0,0.0,1.0,0.0,0.0,0.0,NOTHING,1.0,1.0,0.0,0,NOTHING,3,2
1954,15546948,18,155429,Absent,32,1,1,1,1,0,0,0,0,1,1,1,1,0,0,0,0,1,1,1,1,0,0,0,0,1,1,1,1,0,0,0,0,1,1,1,1,0,0,0,0,1,1,1,1,0,0,0,0,1,1,1,1,0,0,0,0,1,1,1,1,0,0,0,0,18,14,Unicorn_Absent,-1,-1.0,5,18,0.9125,32.0,0.0,46.0,0.6956521739130435,0.5,LEFT,1.0,1.0,0.0,0,NOTHING,3,2
1958,15546948,20,155429,Absent,19,0,0,0,1,0,0,0,0,1,0,0,0,1,0,0,0,0,0,1,0,1,0,1,0,0,0,1,1,0,0,0,0,1,1,0,0,0,0,1,0,0,0,0,0,0,0,1,0,0,0,0,0,1,0,0,0,1,1,1,0,0,0,0,0,26,6,Unicorn_Absent,-1,-1.0,0,76,0.9625,16.0,0.2631578947368421,42.0,0.6956521739130435,0.5625,RS,0.9125,0.0,0.6956521739130435,14,LEFT,3,2
1960,15546948,21,155429,Absent,32,1,1,1,1,0,0,0,0,1,1,1,1,0,0,0,0,1,1,1,1,0,0,0,0,1,1,1,1,0,0,0,0,1,1,1,1,0,0,0,0,1,1,1,1,0,0,0,0,1,1,1,1,0,0,0,0,1,1,1,1,0,0,0,0,16,16,Unicorn_Absent,-1,-1.0,5,92,0.9,32.0,0.2631578947368421,48.0,0.6956521739130435,0.5,LEFT,0.9625,0.2631578947368421,0.6956521739130435,6,RS,3,2
1964,15546948,23,155429,Absent,0,0,0,0,0,0,0,0,0,0,0,0,0,0,0,0,0,0,0,0,0,0,0,0,0,0,0,0,0,0,0,0,0,0,0,0,0,0,0,0,0,0,0,0,0,0,0,0,0,0,0,0,0,0,0,0,0,0,0,0,0,0,0,0,0,32,0,Unicorn_Absent,-1,-1.0,2,144,1.0,0.0,0.0,32.0,0.6956521739130435,0.5,NOTHING,0.9,0.2631578947368421,0.6956521739130435,16,LEFT,3,2
1966,15546948,24,155429,Absent,0,0,0,0,0,0,0,0,0,0,0,0,0,0,0,0,0,0,0,0,0,0,0,0,0,0,0,0,0,0,0,0,0,0,0,0,0,0,0,0,0,0,0,0,0,0,0,0,0,0,0,0,0,0,0,0,0,0,0,0,0,0,0,0,0,32,0,Unicorn_Absent,-1,-1.0,2,176,1.0,0.0,1.0,32.0,1.0,0.5,NOTHING,1.0,0.0,0.6956521739130435,0,NOTHING,3,2
1970,15546948,26,155429,Absent,28,1,1,1,1,1,1,1,1,1,0,0,0,0,0,0,1,1,0,0,0,0,0,0,1,1,0,0,0,0,0,0,1,1,0,0,0,0,0,0,1,1,0,0,0,0,0,0,1,1,0,0,0,0,0,0,1,1,1,1,1,1,1,1,1,32,0,Unicorn_Absent,-1,-1.0,8,144,1.0,28.0,0.0,34.0,1.0,0.53125,OUT,1.0,1.0,1.0,0,NOTHING,3,2
1982,15546948,32,155429,Absent,28,1,1,1,1,1,1,1,1,1,0,0,0,0,0,0,1,1,0,0,0,0,0,0,1,1,0,0,0,0,0,0,1,1,0,0,0,0,0,0,1,1,0,0,0,0,0,0,1,1,0,0,0,0,0,0,1,1,1,1,1,1,1,1,1,32,0,Unicorn_Absent,-1,-1.0,8,8,1.0,28.0,1.0,28.0,0.0,0.4375,OUT,1.0,0.0,1.0,0,OUT,3,2
1984,15546948,33,155429,Absent,28,1,1,1,1,1,1,1,1,1,0,0,0,0,0,0,1,1,0,0,0,0,0,0,1,1,0,0,0,0,0,0,1,1,0,0,0,0,0,0,1,1,0,0,0,0,0,0,1,1,0,0,0,0,0,0,1,1,1,1,1,1,1,1,1,32,0,Unicorn_Absent,-1,-1.0,8,40,1.0,28.0,1.0,28.0,0.0,0.4375,OUT,1.0,1.0,0.0,0,OUT,3,2
1988,15546948,35,155429,Absent,32,0,0,0,0,1,1,1,1,0,0,0,0,1,1,1,1,0,0,0,0,1,1,1,1,0,0,0,0,1,1,1,1,0,0,0,0,1,1,1,1,0,0,0,0,1,1,1,1,0,0,0,0,1,1,1,1,0,0,0,0,1,1,1,1,18,14,Unicorn_Absent,-1,-1.0,6,-6,0.9125,32.0,0.30434782608695654,46.0,0.0,0.5,RIGHT,1.0,1.0,0.0,0,OUT,3,2
1990,15546948,36,155429,Absent,32,1,1,1,1,0,0,0,0,1,1,1,1,0,0,0,0,1,1,1,1,0,0,0,0,1,1,1,1,0,0,0,0,1,1,1,1,0,0,0,0,1,1,1,1,0,0,0,0,1,1,1,1,0,0,0,0,1,1,1,1,0,0,0,0,16,16,Unicorn_Absent,-1,-1.0,5,10,0.9,32.0,0.0,48.0,0.0,0.5,LEFT,0.9125,0.30434782608695654,0.0,14,RIGHT,3,2
1992,15546948,37,155429,Absent,0,0,0,0,0,0,0,0,0,0,0,0,0,0,0,0,0,0,0,0,0,0,0,0,0,0,0,0,0,0,0,0,0,0,0,0,0,0,0,0,0,0,0,0,0,0,0,0,0,0,0,0,0,0,0,0,0,0,0,0,0,0,0,0,0,32,0,Unicorn_Absent,-1,-1.0,2,42,1.0,0.0,0.0,32.0,0.04118993135011445,0.5,NOTHING,0.9,0.0,0.0,16,LEFT,3,2
1994,15546948,38,155429,Absent,0,0,0,0,0,0,0,0,0,0,0,0,0,0,0,0,0,0,0,0,0,0,0,0,0,0,0,0,0,0,0,0,0,0,0,0,0,0,0,0,0,0,0,0,0,0,0,0,0,0,0,0,0,0,0,0,0,0,0,0,0,0,0,0,0,32,0,Unicorn_Absent,-1,-1.0,2,74,1.0,0.0,1.0,28.0,0.04118993135011445,0.4375,NOTHING,1.0,0.0,0.04118993135011445,0,NOTHING,3,2
1998,15546948,40,155429,Absent,32,0,0,0,0,0,0,0,0,0,0,0,0,0,0,0,0,0,0,0,0,0,0,0,0,0,0,0,0,0,0,0,0,1,1,1,1,1,1,1,1,1,1,1,1,1,1,1,1,1,1,1,1,1,1,1,1,1,1,1,1,1,1,1,1,16,16,Unicorn_Absent,-1,-1.0,3,26,0.9,32.0,0.0,48.0,0.07017543859649122,0.5,DOWN,1.0,1.0,0.04118993135011445,0,NOTHING,3,2
2000,15546948,41,155429,Absent,64,1,1,1,1,1,1,1,1,1,1,1,1,1,1,1,1,1,1,1,1,1,1,1,1,1,1,1,1,1,1,1,1,1,1,1,1,1,1,1,1,1,1,1,1,1,1,1,1,1,1,1,1,1,1,1,1,1,1,1,1,1,1,1,1,4,28,Unicorn_Absent,-1,-1.0,1,30,0.825,64.0,0.5,64.0,0.07017543859649122,0.5625,ALL,0.9,0.0,0.07017543859649122,16,DOWN,3,2
2002,15546948,42,155429,Absent,36,0,0,0,0,0,0,0,0,0,1,1,1,1,1,1,0,0,1,1,1,1,1,1,0,0,1,1,1,1,1,1,0,0,1,1,1,1,1,1,0,0,1,1,1,1,1,1,0,0,1,1,1,1,1,1,0,0,0,0,0,0,0,0,0,32,0,Unicorn_Absent,-1,-1.0,7,62,1.0,36.0,0.5625,64.0,1.0,1.0,IN,0.825,0.5,0.07017543859649122,28,ALL,3,2
2006,15546948,44,155429,Absent,36,0,0,0,0,0,0,0,0,0,1,1,1,1,1,1,0,0,1,1,1,1,1,1,0,0,1,1,1,1,1,1,0,0,1,1,1,1,1,1,0,0,1,1,1,1,1,1,0,0,1,1,1,1,1,1,0,0,0,0,0,0,0,0,0,32,0,Unicorn_Absent,-1,-1.0,7,126,1.0,36.0,1.0,64.0,1.0,1.0,IN,1.0,0.5625,1.0,0,IN,3,2
2008,15546948,45,155429,Absent,32,0,0,0,0,0,0,0,0,0,0,0,0,0,0,0,0,0,0,0,0,0,0,0,0,0,0,0,0,0,0,0,0,1,1,1,1,1,1,1,1,1,1,1,1,1,1,1,1,1,1,1,1,1,1,1,1,1,1,1,1,1,1,1,1,18,14,Unicorn_Absent,-1,-1.0,3,144,0.9125,32.0,0.36,46.0,0.0,0.5,DOWN,1.0,1.0,1.0,0,IN,3,2
2012,15546948,47,155429,Absent,0,0,0,0,0,0,0,0,0,0,0,0,0,0,0,0,0,0,0,0,0,0,0,0,0,0,0,0,0,0,0,0,0,0,0,0,0,0,0,0,0,0,0,0,0,0,0,0,0,0,0,0,0,0,0,0,0,0,0,0,0,0,0,0,0,32,0,Unicorn_Absent,-1,-1.0,2,208,1.0,0.0,0.0,36.0,0.0,0.5625,NOTHING,0.9125,0.36,0.0,14,DOWN,3,2
2014,15546948,48,155429,Absent,0,0,0,0,0,0,0,0,0,0,0,0,0,0,0,0,0,0,0,0,0,0,0,0,0,0,0,0,0,0,0,0,0,0,0,0,0,0,0,0,0,0,0,0,0,0,0,0,0,0,0,0,0,0,0,0,0,0,0,0,0,0,0,0,0,32,0,Unicorn_Absent,-1,-1.0,2,240,1.0,0.0,1.0,36.0,0.11764705882352941,0.5625,NOTHING,1.0,0.0,0.0,0,NOTHING,3,2
2016,15546948,49,155429,Absent,0,0,0,0,0,0,0,0,0,0,0,0,0,0,0,0,0,0,0,0,0,0,0,0,0,0,0,0,0,0,0,0,0,0,0,0,0,0,0,0,0,0,0,0,0,0,0,0,0,0,0,0,0,0,0,0,0,0,0,0,0,0,0,0,0,32,0,Unicorn_Absent,-1,-1.0,2,272,1.0,0.0,1.0,36.0,0.11764705882352941,0.5625,NOTHING,1.0,1.0,0.11764705882352941,0,NOTHING,3,2
2022,15546948,52,155429,Absent,32,0,0,0,0,1,1,1,1,0,0,0,0,1,1,1,1,0,0,0,0,1,1,1,1,0,0,0,0,1,1,1,1,0,0,0,0,1,1,1,1,0,0,0,0,1,1,1,1,0,0,0,0,1,1,1,1,0,0,0,0,1,1,1,1,16,16,Unicorn_Absent,-1,-1.0,6,256,0.9,32.0,0.0,48.0,1.0,0.5,RIGHT,1.0,1.0,0.11764705882352941,0,NOTHING,3,2
2026,15546948,54,155429,Absent,28,1,1,1,1,1,1,1,1,1,0,0,0,0,0,0,1,1,0,0,0,0,0,0,1,1,0,0,0,0,0,0,1,1,0,0,0,0,0,0,1,1,0,0,0,0,0,0,1,1,0,0,0,0,0,0,1,1,1,1,1,1,1,1,1,18,14,Unicorn_Absent,-1,-1.0,8,301,0.9125,28.0,0.30434782608695654,46.0,1.0,0.5,OUT,0.9,0.0,1.0,16,RIGHT,3,2
2028,15546948,55,155429,Absent,32,1,1,1,1,0,0,0,0,1,1,1,1,0,0,0,0,1,1,1,1,0,0,0,0,1,1,1,1,0,0,0,0,1,1,1,1,0,0,0,0,1,1,1,1,0,0,0,0,1,1,1,1,0,0,0,0,1,1,1,1,0,0,0,0,0,32,Unicorn_Absent,-1,-1.0,5,301,0.8,32.0,0.30434782608695654,64.0,0.0,0.5,LEFT,0.9125,0.30434782608695654,1.0,14,OUT,3,2
2030,15546948,56,155429,Absent,32,0,0,0,0,0,0,0,0,0,0,0,0,0,0,0,0,0,0,0,0,0,0,0,0,0,0,0,0,0,0,0,0,1,1,1,1,1,1,1,1,1,1,1,1,1,1,1,1,1,1,1,1,1,1,1,1,1,1,1,1,1,1,1,1,32,0,Unicorn_Absent,-1,-1.0,3,333,1.0,32.0,0.3333333333333333,64.0,0.0,1.0,DOWN,0.8,0.30434782608695654,0.0,32,LEFT,3,2
2034,15546948,58,155429,Absent,32,0,0,0,0,1,1,1,1,0,0,0,0,1,1,1,1,0,0,0,0,1,1,1,1,0,0,0,0,1,1,1,1,0,0,0,0,1,1,1,1,0,0,0,0,1,1,1,1,0,0,0,0,1,1,1,1,0,0,0,0,1,1,1,1,32,0,Unicorn_Absent,-1,-1.0,6,397,1.0,32.0,0.3333333333333333,64.0,0.30434782608695654,1.0,RIGHT,1.0,0.3333333333333333,0.0,0,DOWN,3,2
2036,15546948,59,155429,Absent,32,1,1,1,1,0,0,0,0,1,1,1,1,0,0,0,0,1,1,1,1,0,0,0,0,1,1,1,1,0,0,0,0,1,1,1,1,0,0,0,0,1,1,1,1,0,0,0,0,1,1,1,1,0,0,0,0,1,1,1,1,0,0,0,0,0,32,Unicorn_Absent,-1,-1.0,5,397,0.8,32.0,0.0,32.0,0.30434782608695654,0.0,LEFT,1.0,0.3333333333333333,0.30434782608695654,0,RIGHT,3,2
1927,15546948,4,694847,Absent,32,0,0,0,0,0,0,0,0,0,0,0,0,0,0,0,0,0,0,0,0,0,0,0,0,0,0,0,0,0,0,0,0,1,1,1,1,1,1,1,1,1,1,1,1,1,1,1,1,1,1,1,1,1,1,1,1,1,1,1,1,1,1,1,1,14,18,Unicorn_Absent,-1,-1.0,3,-16,0.8875,32.0,1.0,50.0,0.30434782608695654,0.5,DOWN,,,,,,3,2
1933,15546948,7,694847,Absent,32,0,0,0,0,0,0,0,0,0,0,0,0,0,0,0,0,0,0,0,0,0,0,0,0,0,0,0,0,0,0,0,0,1,1,1,1,1,1,1,1,1,1,1,1,1,1,1,1,1,1,1,1,1,1,1,1,1,1,1,1,1,1,1,1,32,0,Unicorn_Absent,-1,-1.0,3,-32,1.0,32.0,1.0,32.0,0.30434782608695654,0.5,DOWN,0.8875,1.0,0.30434782608695654,18,DOWN,3,2
1935,15546948,8,694847,Absent,32,0,0,0,0,0,0,0,0,0,0,0,0,0,0,0,0,0,0,0,0,0,0,0,0,0,0,0,0,0,0,0,0,1,1,1,1,1,1,1,1,1,1,1,1,1,1,1,1,1,1,1,1,1,1,1,1,1,1,1,1,1,1,1,1,32,0,Unicorn_Absent,-1,-1.0,3,0,1.0,32.0,1.0,32.0,0.0,0.5,DOWN,1.0,1.0,0.30434782608695654,0,DOWN,3,2
1937,15546948,9,694847,Absent,32,0,0,0,0,0,0,0,0,0,0,0,0,0,0,0,0,0,0,0,0,0,0,0,0,0,0,0,0,0,0,0,0,1,1,1,1,1,1,1,1,1,1,1,1,1,1,1,1,1,1,1,1,1,1,1,1,1,1,1,1,1,1,1,1,32,0,Unicorn_Absent,-1,-1.0,3,32,1.0,32.0,1.0,32.0,0.0,0.5,DOWN,1.0,1.0,0.0,0,DOWN,3,2
1939,15546948,10,694847,Absent,28,1,1,1,1,1,1,1,1,1,0,0,0,0,0,0,1,1,0,0,0,0,0,0,1,1,0,0,0,0,0,0,1,1,0,0,0,0,0,0,1,1,0,0,0,0,0,0,1,1,0,0,0,0,0,0,1,1,1,1,1,1,1,1,1,32,0,Unicorn_Absent,-1,-1.0,8,64,1.0,28.0,0.30434782608695654,28.0,0.6956521739130435,0.4375,OUT,1.0,1.0,0.0,0,DOWN,3,2
1943,15546948,12,694847,Absent,32,0,0,0,0,1,1,1,1,0,0,0,0,1,1,1,1,0,0,0,0,1,1,1,1,0,0,0,0,1,1,1,1,0,0,0,0,1,1,1,1,0,0,0,0,1,1,1,1,0,0,0,0,1,1,1,1,0,0,0,0,1,1,1,1,32,0,Unicorn_Absent,-1,-1.0,6,32,1.0,32.0,0.30434782608695654,32.0,0.6956521739130435,0.5,RIGHT,1.0,0.30434782608695654,0.6956521739130435,0,OUT,3,2
1945,15546948,13,694847,Absent,0,0,0,0,0,0,0,0,0,0,0,0,0,0,0,0,0,0,0,0,0,0,0,0,0,0,0,0,0,0,0,0,0,0,0,0,0,0,0,0,0,0,0,0,0,0,0,0,0,0,0,0,0,0,0,0,0,0,0,0,0,0,0,0,0,32,0,Unicorn_Absent,-1,-1.0,2,64,1.0,0.0,0.0,0.0,0.30434782608695654,0.0,NOTHING,1.0,0.30434782608695654,0.6956521739130435,0,RIGHT,3,2
1947,15546948,14,694847,Absent,0,0,0,0,0,0,0,0,0,0,0,0,0,0,0,0,0,0,0,0,0,0,0,0,0,0,0,0,0,0,0,0,0,0,0,0,0,0,0,0,0,0,0,0,0,0,0,0,0,0,0,0,0,0,0,0,0,0,0,0,0,0,0,0,0,32,0,Unicorn_Absent,-1,-1.0,2,96,1.0,0.0,1.0,0.0,0.30434782608695654,0.0,NOTHING,1.0,0.0,0.30434782608695654,0,NOTHING,3,2
1955,15546948,18,694847,Absent,28,1,1,1,1,1,1,1,1,1,0,0,0,0,0,0,1,1,0,0,0,0,0,0,1,1,0,0,0,0,0,0,1,1,0,0,0,0,0,0,1,1,0,0,0,0,0,0,1,1,0,0,0,0,0,0,1,1,1,1,1,1,1,1,1,18,14,Unicorn_Absent,-1,-1.0,8,18,0.9125,28.0,0.0,46.0,0.19565217391304346,0.5,OUT,1.0,1.0,0.30434782608695654,0,NOTHING,3,2
1959,15546948,20,694847,Absent,32,0,0,0,0,1,1,1,1,0,0,0,0,1,1,1,1,0,0,0,0,1,1,1,1,0,0,0,0,1,1,1,1,0,0,0,0,1,1,1,1,0,0,0,0,1,1,1,1,0,0,0,0,1,1,1,1,0,0,0,0,1,1,1,1,26,6,Unicorn_Absent,-1,-1.0,6,76,0.9625,32.0,0.30434782608695654,42.0,0.19565217391304346,0.5625,RIGHT,0.9125,0.0,0.19565217391304346,14,OUT,3,2
1961,15546948,21,694847,Absent,32,1,1,1,1,1,1,1,1,1,1,1,1,1,1,1,1,1,1,1,1,1,1,1,1,1,1,1,1,1,1,1,1,0,0,0,0,0,0,0,0,0,0,0,0,0,0,0,0,0,0,0,0,0,0,0,0,0,0,0,0,0,0,0,0,16,16,Unicorn_Absent,-1,-1.0,4,92,0.9,32.0,0.3333333333333333,48.0,0.4375,0.5,UP,0.9625,0.30434782608695654,0.19565217391304346,6,RIGHT,3,2
1965,15546948,23,694847,Absent,32,1,1,1,1,1,1,1,1,1,1,1,1,1,1,1,1,1,1,1,1,1,1,1,1,1,1,1,1,1,1,1,1,0,0,0,0,0,0,0,0,0,0,0,0,0,0,0,0,0,0,0,0,0,0,0,0,0,0,0,0,0,0,0,0,32,0,Unicorn_Absent,-1,-1.0,4,144,1.0,32.0,1.0,32.0,0.4375,0.5,UP,0.9,0.3333333333333333,0.4375,16,UP,3,2
1967,15546948,24,694847,Absent,32,1,1,1,1,1,1,1,1,1,1,1,1,1,1,1,1,1,1,1,1,1,1,1,1,1,1,1,1,1,1,1,1,0,0,0,0,0,0,0,0,0,0,0,0,0,0,0,0,0,0,0,0,0,0,0,0,0,0,0,0,0,0,0,0,32,0,Unicorn_Absent,-1,-1.0,4,176,1.0,32.0,1.0,32.0,0.0,0.5,UP,1.0,1.0,0.4375,0,UP,3,2
1971,15546948,26,694847,Absent,6,0,0,0,0,0,0,0,0,0,0,0,0,0,0,1,0,0,1,0,0,1,0,0,0,0,0,0,1,0,0,0,0,0,0,0,0,0,0,0,0,0,0,0,0,0,0,0,0,0,1,0,0,0,1,0,0,0,0,0,0,0,0,0,0,32,0,Unicorn_Absent,-1,-1.0,9,144,1.0,6.0,0.11764705882352941,34.0,0.0,0.53125,,1.0,1.0,0.0,0,UP,3,2
1983,15546948,32,694847,Absent,0,0,0,0,0,0,0,0,0,0,0,0,0,0,0,0,0,0,0,0,0,0,0,0,0,0,0,0,0,0,0,0,0,0,0,0,0,0,0,0,0,0,0,0,0,0,0,0,0,0,0,0,0,0,0,0,0,0,0,0,0,0,0,0,0,32,0,Unicorn_Absent,-1,-1.0,2,8,1.0,0.0,0.0,28.0,0.64,0.4375,NOTHING,1.0,0.11764705882352941,0.0,0,,3,2
1985,15546948,33,694847,Absent,0,0,0,0,0,0,0,0,0,0,0,0,0,0,0,0,0,0,0,0,0,0,0,0,0,0,0,0,0,0,0,0,0,0,0,0,0,0,0,0,0,0,0,0,0,0,0,0,0,0,0,0,0,0,0,0,0,0,0,0,0,0,0,0,0,32,0,Unicorn_Absent,-1,-1.0,2,40,1.0,0.0,1.0,28.0,0.64,0.4375,NOTHING,1.0,0.0,0.64,0,NOTHING,3,2
1989,15546948,35,694847,Absent,28,1,1,1,1,1,1,1,1,1,0,0,0,0,0,0,1,1,0,0,0,0,0,0,1,1,0,0,0,0,0,0,1,1,0,0,0,0,0,0,1,1,0,0,0,0,0,0,1,1,0,0,0,0,0,0,1,1,1,1,1,1,1,1,1,18,14,Unicorn_Absent,-1,-1.0,8,-6,0.9125,28.0,0.0,46.0,0.0,0.5,OUT,1.0,1.0,0.64,0,NOTHING,3,2
1991,15546948,36,694847,Absent,32,1,1,1,1,1,1,1,1,1,1,1,1,1,1,1,1,1,1,1,1,1,1,1,1,1,1,1,1,1,1,1,1,0,0,0,0,0,0,0,0,0,0,0,0,0,0,0,0,0,0,0,0,0,0,0,0,0,0,0,0,0,0,0,0,16,16,Unicorn_Absent,-1,-1.0,4,10,0.9,32.0,0.30434782608695654,48.0,0.0,0.5,UP,0.9125,0.0,0.0,14,OUT,3,2
1993,15546948,37,694847,Absent,32,0,0,0,0,0,0,0,0,0,0,0,0,0,0,0,0,0,0,0,0,0,0,0,0,0,0,0,0,0,0,0,0,1,1,1,1,1,1,1,1,1,1,1,1,1,1,1,1,1,1,1,1,1,1,1,1,1,1,1,1,1,1,1,1,32,0,Unicorn_Absent,-1,-1.0,3,42,1.0,32.0,0.0,32.0,0.0,0.5,DOWN,0.9,0.30434782608695654,0.0,16,UP,3,2
1995,15546948,38,694847,Absent,28,1,1,1,1,1,1,1,1,1,0,0,0,0,0,0,1,1,0,0,0,0,0,0,1,1,0,0,0,0,0,0,1,1,0,0,0,0,0,0,1,1,0,0,0,0,0,0,1,1,0,0,0,0,0,0,1,1,1,1,1,1,1,1,1,32,0,Unicorn_Absent,-1,-1.0,8,74,1.0,28.0,0.30434782608695654,28.0,0.0,0.4375,OUT,1.0,0.0,0.0,0,DOWN,3,2
1999,15546948,40,694847,Absent,32,1,1,1,1,0,0,0,0,1,1,1,1,0,0,0,0,1,1,1,1,0,0,0,0,1,1,1,1,0,0,0,0,1,1,1,1,0,0,0,0,1,1,1,1,0,0,0,0,1,1,1,1,0,0,0,0,1,1,1,1,0,0,0,0,16,16,Unicorn_Absent,-1,-1.0,5,26,0.9,32.0,0.30434782608695654,48.0,0.0,0.5,LEFT,1.0,0.30434782608695654,0.0,0,OUT,3,2
2001,15546948,41,694847,Absent,28,1,1,1,1,1,1,1,1,1,0,0,0,0,0,0,1,1,0,0,0,0,0,0,1,1,0,0,0,0,0,0,1,1,0,0,0,0,0,0,1,1,0,0,0,0,0,0,1,1,0,0,0,0,0,0,1,1,1,1,1,1,1,1,1,4,28,Unicorn_Absent,-1,-1.0,8,30,0.825,28.0,0.30434782608695654,64.0,0.0,0.5625,OUT,0.9,0.30434782608695654,0.0,16,LEFT,3,2
2003,15546948,42,694847,Absent,28,1,1,1,1,1,1,1,1,1,0,0,0,0,0,0,1,1,0,0,0,0,0,0,1,1,0,0,0,0,0,0,1,1,0,0,0,0,0,0,1,1,0,0,0,0,0,0,1,1,0,0,0,0,0,0,1,1,1,1,1,1,1,1,1,32,0,Unicorn_Absent,-1,-1.0,8,62,1.0,28.0,1.0,64.0,0.36,1.0,OUT,0.825,0.30434782608695654,0.0,28,OUT,3,2
2007,15546948,44,694847,Absent,28,1,1,1,1,1,1,1,1,1,0,0,0,0,0,0,1,1,0,0,0,0,0,0,1,1,0,0,0,0,0,0,1,1,0,0,0,0,0,0,1,1,0,0,0,0,0,0,1,1,0,0,0,0,0,0,1,1,1,1,1,1,1,1,1,32,0,Unicorn_Absent,-1,-1.0,8,126,1.0,28.0,1.0,64.0,0.36,1.0,OUT,1.0,1.0,0.36,0,OUT,3,2
2009,15546948,45,694847,Absent,28,1,1,1,1,1,1,1,1,1,0,0,0,0,0,0,1,1,0,0,0,0,0,0,1,1,0,0,0,0,0,0,1,1,0,0,0,0,0,0,1,1,0,0,0,0,0,0,1,1,0,0,0,0,0,0,1,1,1,1,1,1,1,1,1,18,14,Unicorn_Absent,-1,-1.0,8,144,0.9125,28.0,1.0,46.0,0.028985507246376774,0.5,OUT,1.0,1.0,0.36,0,OUT,3,2
2013,15546948,47,694847,Absent,36,0,0,0,0,0,0,0,0,0,1,1,1,1,1,1,0,0,1,1,1,1,1,1,0,0,1,1,1,1,1,1,0,0,1,1,1,1,1,1,0,0,1,1,1,1,1,1,0,0,1,1,1,1,1,1,0,0,0,0,0,0,0,0,0,32,0,Unicorn_Absent,-1,-1.0,7,208,1.0,36.0,0.0,36.0,0.028985507246376774,0.5625,IN,0.9125,1.0,0.028985507246376774,14,OUT,3,2
2015,15546948,48,694847,Absent,36,0,0,0,0,0,0,0,0,0,1,1,1,1,1,1,0,0,1,1,1,1,1,1,0,0,1,1,1,1,1,1,0,0,1,1,1,1,1,1,0,0,1,1,1,1,1,1,0,0,1,1,1,1,1,1,0,0,0,0,0,0,0,0,0,32,0,Unicorn_Absent,-1,-1.0,7,240,1.0,36.0,1.0,36.0,0.19565217391304346,0.5625,IN,1.0,0.0,0.028985507246376774,0,IN,3,2
2017,15546948,49,694847,Absent,36,0,0,0,0,0,0,0,0,0,1,1,1,1,1,1,0,0,1,1,1,1,1,1,0,0,1,1,1,1,1,1,0,0,1,1,1,1,1,1,0,0,1,1,1,1,1,1,0,0,1,1,1,1,1,1,0,0,0,0,0,0,0,0,0,32,0,Unicorn_Absent,-1,-1.0,7,272,1.0,36.0,1.0,36.0,0.19565217391304346,0.5625,IN,1.0,1.0,0.19565217391304346,0,IN,3,2
2023,15546948,52,694847,Absent,32,1,1,1,1,1,1,1,1,1,1,1,1,1,1,1,1,1,1,1,1,1,1,1,1,1,1,1,1,1,1,1,1,0,0,0,0,0,0,0,0,0,0,0,0,0,0,0,0,0,0,0,0,0,0,0,0,0,0,0,0,0,0,0,0,16,16,Unicorn_Absent,-1,-1.0,4,256,0.9,32.0,0.36,48.0,0.16666666666666669,0.5,UP,1.0,1.0,0.19565217391304346,0,IN,3,2
2027,15546948,54,694847,Absent,32,1,1,1,1,0,0,0,0,1,1,1,1,0,0,0,0,1,1,1,1,0,0,0,0,1,1,1,1,0,0,0,0,1,1,1,1,0,0,0,0,1,1,1,1,0,0,0,0,1,1,1,1,0,0,0,0,1,1,1,1,0,0,0,0,18,14,Unicorn_Absent,-1,-1.0,5,301,0.9125,32.0,0.3333333333333333,46.0,0.16666666666666669,0.5,LEFT,0.9,0.36,0.16666666666666669,16,UP,3,2
2029,15546948,55,694847,Absent,64,1,1,1,1,1,1,1,1,1,1,1,1,1,1,1,1,1,1,1,1,1,1,1,1,1,1,1,1,1,1,1,1,1,1,1,1,1,1,1,1,1,1,1,1,1,1,1,1,1,1,1,1,1,1,1,1,1,1,1,1,1,1,1,1,0,32,Unicorn_Absent,-1,-1.0,1,301,0.8,64.0,0.5,64.0,0.0,0.5,ALL,0.9125,0.3333333333333333,0.16666666666666669,14,LEFT,3,2
2031,15546948,56,694847,Absent,32,1,1,1,1,1,1,1,1,1,1,1,1,1,1,1,1,1,1,1,1,1,1,1,1,1,1,1,1,1,1,1,1,0,0,0,0,0,0,0,0,0,0,0,0,0,0,0,0,0,0,0,0,0,0,0,0,0,0,0,0,0,0,0,0,32,0,Unicorn_Absent,-1,-1.0,4,333,1.0,32.0,0.5,64.0,0.0,1.0,UP,0.8,0.5,0.0,32,ALL,3,2
2035,15546948,58,694847,Absent,32,1,1,1,1,0,0,0,0,1,1,1,1,0,0,0,0,1,1,1,1,0,0,0,0,1,1,1,1,0,0,0,0,1,1,1,1,0,0,0,0,1,1,1,1,0,0,0,0,1,1,1,1,0,0,0,0,1,1,1,1,0,0,0,0,32,0,Unicorn_Absent,-1,-1.0,5,397,1.0,32.0,0.3333333333333333,64.0,1.0,1.0,LEFT,1.0,0.5,0.0,0,UP,3,2
2037,15546948,59,694847,Absent,32,1,1,1,1,0,0,0,0,1,1,1,1,0,0,0,0,1,1,1,1,0,0,0,0,1,1,1,1,0,0,0,0,1,1,1,1,0,0,0,0,1,1,1,1,0,0,0,0,1,1,1,1,0,0,0,0,1,1,1,1,0,0,0,0,0,32,Unicorn_Absent,-1,-1.0,5,397,0.8,32.0,1.0,32.0,1.0,0.0,LEFT,1.0,0.3333333333333333,1.0,0,LEFT,3,2
2280,16076794,1,160791,Absent,54,1,1,1,0,1,0,0,1,1,1,1,1,1,1,1,0,0,1,1,0,0,0,0,1,0,1,0,0,0,1,1,0,1,0,0,1,0,0,1,0,1,1,1,0,1,1,1,1,0,1,0,0,1,0,0,1,1,1,0,1,1,1,0,1,17,15,Unicorn_Absent,-1,-1.0,0,17,0.90625,37.0,1.0,44.0,0.0,0.453125,RS,,,,,,3,2
2282,16076794,2,160791,Absent,36,0,0,0,0,0,0,0,0,0,1,1,1,1,1,1,0,0,1,1,1,1,1,1,0,0,1,1,1,1,1,1,0,0,1,1,1,1,1,1,0,0,1,1,1,1,1,1,0,0,1,1,1,1,1,1,0,0,0,0,0,0,0,0,0,32,0,Unicorn_Absent,-1,-1.0,7,49,1.0,36.0,0.37735849056603776,36.0,0.0,0.5625,IN,0.90625,1.0,0.0,15,RS,3,2
2284,16076794,3,160791,Absent,36,0,0,0,0,0,0,0,0,0,1,1,1,1,1,1,0,0,1,1,1,1,1,1,0,0,1,1,1,1,1,1,0,0,1,1,1,1,1,1,0,0,1,1,1,1,1,1,0,0,1,1,1,1,1,1,0,0,0,0,0,0,0,0,0,32,0,Unicorn_Absent,-1,-1.0,7,81,1.0,36.0,1.0,36.0,0.37735849056603776,0.5625,IN,1.0,0.37735849056603776,0.0,0,IN,3,2
2286,16076794,4,160791,Absent,32,0,0,0,0,0,0,0,0,0,0,0,0,0,0,0,0,0,0,0,0,0,0,0,0,0,0,0,0,0,0,0,0,1,1,1,1,1,1,1,1,1,1,1,1,1,1,1,1,1,1,1,1,1,1,1,1,1,1,1,1,1,1,1,1,32,0,Unicorn_Absent,-1,-1.0,3,113,1.0,32.0,0.36,32.0,0.37735849056603776,0.5,DOWN,1.0,1.0,0.37735849056603776,0,IN,3,2
2288,16076794,5,160791,Absent,32,0,0,0,0,0,0,0,0,0,0,0,0,0,0,0,0,0,0,0,0,0,0,0,0,0,0,0,0,0,0,0,0,1,1,1,1,1,1,1,1,1,1,1,1,1,1,1,1,1,1,1,1,1,1,1,1,1,1,1,1,1,1,1,1,32,0,Unicorn_Absent,-1,-1.0,3,145,1.0,32.0,1.0,32.0,0.0,0.5,DOWN,1.0,0.36,0.37735849056603776,0,DOWN,3,2
2290,16076794,6,160791,Absent,32,0,0,0,0,0,0,0,0,0,0,0,0,0,0,0,0,0,0,0,0,0,0,0,0,0,0,0,0,0,0,0,0,1,1,1,1,1,1,1,1,1,1,1,1,1,1,1,1,1,1,1,1,1,1,1,1,1,1,1,1,1,1,1,1,32,0,Unicorn_Absent,-1,-1.0,3,177,1.0,32.0,1.0,32.0,0.0,0.5,DOWN,1.0,1.0,0.0,0,DOWN,3,2
2292,16076794,7,160791,Absent,32,0,0,0,0,0,0,0,0,0,0,0,0,0,0,0,0,0,0,0,0,0,0,0,0,0,0,0,0,0,0,0,0,1,1,1,1,1,1,1,1,1,1,1,1,1,1,1,1,1,1,1,1,1,1,1,1,1,1,1,1,1,1,1,1,32,0,Unicorn_Absent,-1,-1.0,3,209,1.0,32.0,1.0,32.0,0.64,0.5,DOWN,1.0,1.0,0.0,0,DOWN,3,2
2294,16076794,8,160791,Absent,32,0,0,0,0,0,0,0,0,0,0,0,0,0,0,0,0,0,0,0,0,0,0,0,0,0,0,0,0,0,0,0,0,1,1,1,1,1,1,1,1,1,1,1,1,1,1,1,1,1,1,1,1,1,1,1,1,1,1,1,1,1,1,1,1,32,0,Unicorn_Absent,-1,-1.0,3,241,1.0,32.0,1.0,32.0,0.64,0.5,DOWN,1.0,1.0,0.64,0,DOWN,3,2
2298,16076794,10,160791,Absent,64,1,1,1,1,1,1,1,1,1,1,1,1,1,1,1,1,1,1,1,1,1,1,1,1,1,1,1,1,1,1,1,1,1,1,1,1,1,1,1,1,1,1,1,1,1,1,1,1,1,1,1,1,1,1,1,1,1,1,1,1,1,1,1,1,4,28,Unicorn_Absent,-1,-1.0,1,181,0.825,64.0,0.5,64.0,0.0,0.5625,ALL,1.0,1.0,0.64,0,DOWN,3,2
2302,16076794,12,160791,Absent,36,0,0,0,0,0,0,0,0,0,1,1,1,1,1,1,0,0,1,1,1,1,1,1,0,0,1,1,1,1,1,1,0,0,1,1,1,1,1,1,0,0,1,1,1,1,1,1,0,0,1,1,1,1,1,1,0,0,0,0,0,0,0,0,0,32,0,Unicorn_Absent,-1,-1.0,7,245,1.0,36.0,0.5625,36.0,0.0,0.5625,IN,0.825,0.5,0.0,28,ALL,3,2
2310,16076794,16,160791,Absent,32,0,0,0,0,1,1,1,1,0,0,0,0,1,1,1,1,0,0,0,0,1,1,1,1,0,0,0,0,1,1,1,1,0,0,0,0,1,1,1,1,0,0,0,0,1,1,1,1,0,0,0,0,1,1,1,1,0,0,0,0,1,1,1,1,32,0,Unicorn_Absent,-1,-1.0,6,361,1.0,32.0,0.36,32.0,0.0,0.5,RIGHT,1.0,0.5625,0.0,0,IN,3,2
2314,16076794,18,160791,Absent,28,1,1,1,1,1,1,1,1,1,0,0,0,0,0,0,1,1,0,0,0,0,0,0,1,1,0,0,0,0,0,0,1,1,0,0,0,0,0,0,1,1,0,0,0,0,0,0,1,1,0,0,0,0,0,0,1,1,1,1,1,1,1,1,1,4,28,Unicorn_Absent,-1,-1.0,8,285,0.825,28.0,0.30434782608695654,64.0,0.0,0.5625,OUT,1.0,0.36,0.0,0,RIGHT,3,2
2316,16076794,19,160791,Absent,0,0,0,0,0,0,0,0,0,0,0,0,0,0,0,0,0,0,0,0,0,0,0,0,0,0,0,0,0,0,0,0,0,0,0,0,0,0,0,0,0,0,0,0,0,0,0,0,0,0,0,0,0,0,0,0,0,0,0,0,0,0,0,0,0,32,0,Unicorn_Absent,-1,-1.0,2,317,1.0,0.0,0.0,32.0,0.0,0.5,NOTHING,0.825,0.30434782608695654,0.0,28,OUT,3,2
2326,16076794,24,160791,Absent,28,1,1,1,1,1,1,1,1,1,0,0,0,0,0,0,1,1,0,0,0,0,0,0,1,1,0,0,0,0,0,0,1,1,0,0,0,0,0,0,1,1,0,0,0,0,0,0,1,1,0,0,0,0,0,0,1,1,1,1,1,1,1,1,1,18,14,Unicorn_Absent,-1,-1.0,8,248,0.9125,28.0,0.0,46.0,0.0,0.5,OUT,1.0,0.0,0.0,0,NOTHING,3,2
2332,16076794,27,160791,Absent,42,0,0,0,0,1,0,0,0,1,1,0,0,1,0,1,1,0,1,1,1,0,0,1,0,0,1,0,0,0,1,1,0,0,0,1,1,0,0,1,1,1,1,0,0,1,0,0,1,0,0,0,0,0,1,1,0,1,0,1,1,1,1,1,0,20,12,Unicorn_Absent,-1,-1.0,0,200,0.925,29.0,0.26666666666666666,45.0,0.0,0.515625,RS,0.9125,0.0,0.0,14,OUT,3,2
2334,16076794,28,160791,Absent,32,1,1,1,1,0,0,0,0,1,1,1,1,0,0,0,0,1,1,1,1,0,0,0,0,1,1,1,1,0,0,0,0,1,1,1,1,0,0,0,0,1,1,1,1,0,0,0,0,1,1,1,1,0,0,0,0,1,1,1,1,0,0,0,0,14,18,Unicorn_Absent,-1,-1.0,5,214,0.8875,32.0,0.2708333333333333,50.0,0.0,0.5,LEFT,0.925,0.26666666666666666,0.0,12,RS,3,2
2338,16076794,30,160791,Absent,28,1,1,1,1,1,1,1,1,1,0,0,0,0,0,0,1,1,0,0,0,0,0,0,1,1,0,0,0,0,0,0,1,1,0,0,0,0,0,0,1,1,0,0,0,0,0,0,1,1,0,0,0,0,0,0,1,1,1,1,1,1,1,1,1,18,14,Unicorn_Absent,-1,-1.0,8,168,0.9125,28.0,0.30434782608695654,46.0,0.5,0.5,OUT,0.8875,0.2708333333333333,0.0,18,LEFT,3,2
2340,16076794,31,160791,Absent,28,1,1,1,1,1,1,1,1,1,0,0,0,0,0,0,1,1,0,0,0,0,0,0,1,1,0,0,0,0,0,0,1,1,0,0,0,0,0,0,1,1,0,0,0,0,0,0,1,1,0,0,0,0,0,0,1,1,1,1,1,1,1,1,1,4,28,Unicorn_Absent,-1,-1.0,8,172,0.825,28.0,1.0,28.0,0.5,0.0,OUT,0.9125,0.30434782608695654,0.5,14,OUT,3,2
2344,16076794,33,160791,Absent,32,1,1,1,1,1,1,1,1,1,1,1,1,1,1,1,1,1,1,1,1,1,1,1,1,1,1,1,1,1,1,1,1,0,0,0,0,0,0,0,0,0,0,0,0,0,0,0,0,0,0,0,0,0,0,0,0,0,0,0,0,0,0,0,0,32,0,Unicorn_Absent,-1,-1.0,4,236,1.0,32.0,0.30434782608695654,32.0,0.5625,0.5,UP,0.825,1.0,0.5,28,OUT,3,2
2346,16076794,34,160791,Absent,32,0,0,0,0,0,0,0,0,0,0,0,0,0,0,0,0,0,0,0,0,0,0,0,0,0,0,0,0,0,0,0,0,1,1,1,1,1,1,1,1,1,1,1,1,1,1,1,1,1,1,1,1,1,1,1,1,1,1,1,1,1,1,1,1,32,0,Unicorn_Absent,-1,-1.0,3,268,1.0,32.0,0.0,32.0,0.5625,0.5,DOWN,1.0,0.30434782608695654,0.5625,0,UP,3,2
2348,16076794,35,160791,Absent,32,0,0,0,0,0,0,0,0,0,0,0,0,0,0,0,0,0,0,0,0,0,0,0,0,0,0,0,0,0,0,0,0,1,1,1,1,1,1,1,1,1,1,1,1,1,1,1,1,1,1,1,1,1,1,1,1,1,1,1,1,1,1,1,1,32,0,Unicorn_Absent,-1,-1.0,3,300,1.0,32.0,1.0,32.0,0.64,0.5,DOWN,1.0,0.0,0.5625,0,DOWN,3,2
2356,16076794,39,160791,Absent,32,0,0,0,0,0,0,0,0,0,0,0,0,0,0,0,0,0,0,0,0,0,0,0,0,0,0,0,0,0,0,0,0,1,1,1,1,1,1,1,1,1,1,1,1,1,1,1,1,1,1,1,1,1,1,1,1,1,1,1,1,1,1,1,1,16,16,Unicorn_Absent,-1,-1.0,3,170,0.9,32.0,1.0,48.0,0.64,0.5,DOWN,1.0,1.0,0.64,0,DOWN,3,2
2358,16076794,40,160791,Absent,36,0,0,0,0,0,0,0,0,0,1,1,1,1,1,1,0,0,1,1,1,1,1,1,0,0,1,1,1,1,1,1,0,0,1,1,1,1,1,1,0,0,1,1,1,1,1,1,0,0,1,1,1,1,1,1,0,0,0,0,0,0,0,0,0,14,18,Unicorn_Absent,-1,-1.0,7,184,0.8875,36.0,0.36,50.0,0.30434782608695654,0.5,IN,0.9,1.0,0.64,16,DOWN,3,2
2360,16076794,41,160791,Absent,36,0,0,0,0,0,0,0,0,0,1,1,1,1,1,1,0,0,1,1,1,1,1,1,0,0,1,1,1,1,1,1,0,0,1,1,1,1,1,1,0,0,1,1,1,1,1,1,0,0,1,1,1,1,1,1,0,0,0,0,0,0,0,0,0,-4,36,Unicorn_Absent,-1,-1.0,7,180,0.775,36.0,1.0,64.0,0.30434782608695654,0.4375,IN,0.8875,0.36,0.30434782608695654,18,IN,3,2
2364,16076794,43,160791,Absent,32,1,1,1,1,0,0,0,0,1,1,1,1,0,0,0,0,1,1,1,1,0,0,0,0,1,1,1,1,0,0,0,0,1,1,1,1,0,0,0,0,1,1,1,1,0,0,0,0,1,1,1,1,0,0,0,0,1,1,1,1,0,0,0,0,16,16,Unicorn_Absent,-1,-1.0,5,118,0.9,32.0,0.36,48.0,0.5,0.5,LEFT,0.775,1.0,0.30434782608695654,36,IN,3,2
2366,16076794,44,160791,Absent,32,0,0,0,0,0,0,0,0,0,0,0,0,0,0,0,0,0,0,0,0,0,0,0,0,0,0,0,0,0,0,0,0,1,1,1,1,1,1,1,1,1,1,1,1,1,1,1,1,1,1,1,1,1,1,1,1,1,1,1,1,1,1,1,1,32,0,Unicorn_Absent,-1,-1.0,3,150,1.0,32.0,0.3333333333333333,64.0,0.5,1.0,DOWN,0.9,0.36,0.5,16,LEFT,3,2
2368,16076794,45,160791,Absent,32,0,0,0,0,0,0,0,0,0,0,0,0,0,0,0,0,0,0,0,0,0,0,0,0,0,0,0,0,0,0,0,0,1,1,1,1,1,1,1,1,1,1,1,1,1,1,1,1,1,1,1,1,1,1,1,1,1,1,1,1,1,1,1,1,32,0,Unicorn_Absent,-1,-1.0,3,182,1.0,32.0,1.0,64.0,0.3333333333333333,1.0,DOWN,1.0,0.3333333333333333,0.5,0,DOWN,3,2
2372,16076794,47,160791,Absent,32,0,0,0,0,0,0,0,0,0,0,0,0,0,0,0,0,0,0,0,0,0,0,0,0,0,0,0,0,0,0,0,0,1,1,1,1,1,1,1,1,1,1,1,1,1,1,1,1,1,1,1,1,1,1,1,1,1,1,1,1,1,1,1,1,16,16,Unicorn_Absent,-1,-1.0,3,230,0.9,32.0,1.0,48.0,0.3333333333333333,0.5,DOWN,1.0,1.0,0.3333333333333333,0,DOWN,3,2
2374,16076794,48,160791,Absent,36,0,0,0,0,0,0,0,0,0,1,1,1,1,1,1,0,0,1,1,1,1,1,1,0,0,1,1,1,1,1,1,0,0,1,1,1,1,1,1,0,0,1,1,1,1,1,1,0,0,1,1,1,1,1,1,0,0,0,0,0,0,0,0,0,32,0,Unicorn_Absent,-1,-1.0,7,262,1.0,36.0,0.36,64.0,0.03768115942028988,1.0,IN,0.9,1.0,0.3333333333333333,16,DOWN,3,2
2380,16076794,51,160791,Absent,36,0,0,0,0,0,0,0,0,0,1,1,1,1,1,1,0,0,1,1,1,1,1,1,0,0,1,1,1,1,1,1,0,0,1,1,1,1,1,1,0,0,1,1,1,1,1,1,0,0,1,1,1,1,1,1,0,0,0,0,0,0,0,0,0,32,0,Unicorn_Absent,-1,-1.0,7,358,1.0,36.0,1.0,64.0,0.03768115942028988,1.0,IN,1.0,0.36,0.03768115942028988,0,IN,3,2
2382,16076794,52,160791,Absent,36,0,0,0,0,0,0,0,0,0,1,1,1,1,1,1,0,0,1,1,1,1,1,1,0,0,1,1,1,1,1,1,0,0,1,1,1,1,1,1,0,0,1,1,1,1,1,1,0,0,1,1,1,1,1,1,0,0,0,0,0,0,0,0,0,32,0,Unicorn_Absent,-1,-1.0,7,390,1.0,36.0,1.0,64.0,0.2708333333333333,1.0,IN,1.0,1.0,0.03768115942028988,0,IN,3,2
2388,16076794,55,160791,Absent,36,0,0,0,0,0,0,0,0,0,1,1,1,1,1,1,0,0,1,1,1,1,1,1,0,0,1,1,1,1,1,1,0,0,1,1,1,1,1,1,0,0,1,1,1,1,1,1,0,0,1,1,1,1,1,1,0,0,0,0,0,0,0,0,0,32,0,Unicorn_Absent,-1,-1.0,7,486,1.0,36.0,1.0,64.0,0.2708333333333333,1.0,IN,1.0,1.0,0.2708333333333333,0,IN,3,2
2390,16076794,56,160791,Absent,36,0,0,0,0,0,0,0,0,0,1,1,1,1,1,1,0,0,1,1,1,1,1,1,0,0,1,1,1,1,1,1,0,0,1,1,1,1,1,1,0,0,1,1,1,1,1,1,0,0,1,1,1,1,1,1,0,0,0,0,0,0,0,0,0,32,0,Unicorn_Absent,-1,-1.0,7,518,1.0,36.0,1.0,64.0,0.055652173913043446,1.0,IN,1.0,1.0,0.2708333333333333,0,IN,3,2
2394,16076794,58,160791,Absent,28,1,1,1,1,1,1,1,1,1,0,0,0,0,0,0,1,1,0,0,0,0,0,0,1,1,0,0,0,0,0,0,1,1,0,0,0,0,0,0,1,1,0,0,0,0,0,0,1,1,0,0,0,0,0,0,1,1,1,1,1,1,1,1,1,4,28,Unicorn_Absent,-1,-1.0,8,554,0.825,28.0,0.0,28.0,0.055652173913043446,0.0,OUT,1.0,1.0,0.055652173913043446,0,IN,3,2
2396,16076794,59,160791,Absent,32,1,1,1,1,1,1,1,1,1,1,1,1,1,1,1,1,1,1,1,1,1,1,1,1,1,1,1,1,1,1,1,1,0,0,0,0,0,0,0,0,0,0,0,0,0,0,0,0,0,0,0,0,0,0,0,0,0,0,0,0,0,0,0,0,14,18,Unicorn_Absent,-1,-1.0,4,568,0.8875,32.0,0.30434782608695654,50.0,0.6956521739130435,0.5,UP,0.825,0.0,0.055652173913043446,28,OUT,3,2
2281,16076794,1,679496,Absent,24,0,0,0,0,0,0,0,1,1,0,1,1,0,0,0,0,0,0,0,0,0,0,1,0,0,1,1,0,0,0,0,0,0,1,1,0,0,1,0,0,1,1,0,0,1,1,1,1,0,1,0,1,1,0,0,0,0,0,1,0,1,0,0,1,17,15,Unicorn_Absent,-1,-1.0,9,17,0.90625,22.0,1.0,44.0,0.6956521739130435,0.453125,,,,,,,3,2
2283,16076794,2,679496,Absent,0,0,0,0,0,0,0,0,0,0,0,0,0,0,0,0,0,0,0,0,0,0,0,0,0,0,0,0,0,0,0,0,0,0,0,0,0,0,0,0,0,0,0,0,0,0,0,0,0,0,0,0,0,0,0,0,0,0,0,0,0,0,0,0,0,32,0,Unicorn_Absent,-1,-1.0,2,49,1.0,0.0,0.0,36.0,0.30434782608695654,0.5625,NOTHING,0.90625,1.0,0.6956521739130435,15,,3,2
2285,16076794,3,679496,Absent,0,0,0,0,0,0,0,0,0,0,0,0,0,0,0,0,0,0,0,0,0,0,0,0,0,0,0,0,0,0,0,0,0,0,0,0,0,0,0,0,0,0,0,0,0,0,0,0,0,0,0,0,0,0,0,0,0,0,0,0,0,0,0,0,0,32,0,Unicorn_Absent,-1,-1.0,2,81,1.0,0.0,1.0,36.0,0.30434782608695654,0.5625,NOTHING,1.0,0.0,0.30434782608695654,0,NOTHING,3,2
2287,16076794,4,679496,Absent,0,0,0,0,0,0,0,0,0,0,0,0,0,0,0,0,0,0,0,0,0,0,0,0,0,0,0,0,0,0,0,0,0,0,0,0,0,0,0,0,0,0,0,0,0,0,0,0,0,0,0,0,0,0,0,0,0,0,0,0,0,0,0,0,0,32,0,Unicorn_Absent,-1,-1.0,2,113,1.0,0.0,1.0,32.0,1.0,0.5,NOTHING,1.0,1.0,0.30434782608695654,0,NOTHING,3,2
2289,16076794,5,679496,Absent,0,0,0,0,0,0,0,0,0,0,0,0,0,0,0,0,0,0,0,0,0,0,0,0,0,0,0,0,0,0,0,0,0,0,0,0,0,0,0,0,0,0,0,0,0,0,0,0,0,0,0,0,0,0,0,0,0,0,0,0,0,0,0,0,0,32,0,Unicorn_Absent,-1,-1.0,2,145,1.0,0.0,1.0,32.0,1.0,0.5,NOTHING,1.0,1.0,1.0,0,NOTHING,3,2
2291,16076794,6,679496,Absent,0,0,0,0,0,0,0,0,0,0,0,0,0,0,0,0,0,0,0,0,0,0,0,0,0,0,0,0,0,0,0,0,0,0,0,0,0,0,0,0,0,0,0,0,0,0,0,0,0,0,0,0,0,0,0,0,0,0,0,0,0,0,0,0,0,32,0,Unicorn_Absent,-1,-1.0,2,177,1.0,0.0,1.0,32.0,0.0,0.5,NOTHING,1.0,1.0,1.0,0,NOTHING,3,2
2293,16076794,7,679496,Absent,0,0,0,0,0,0,0,0,0,0,0,0,0,0,0,0,0,0,0,0,0,0,0,0,0,0,0,0,0,0,0,0,0,0,0,0,0,0,0,0,0,0,0,0,0,0,0,0,0,0,0,0,0,0,0,0,0,0,0,0,0,0,0,0,0,32,0,Unicorn_Absent,-1,-1.0,2,209,1.0,0.0,1.0,32.0,0.0,0.5,NOTHING,1.0,1.0,0.0,0,NOTHING,3,2
2295,16076794,8,679496,Absent,0,0,0,0,0,0,0,0,0,0,0,0,0,0,0,0,0,0,0,0,0,0,0,0,0,0,0,0,0,0,0,0,0,0,0,0,0,0,0,0,0,0,0,0,0,0,0,0,0,0,0,0,0,0,0,0,0,0,0,0,0,0,0,0,0,32,0,Unicorn_Absent,-1,-1.0,2,241,1.0,0.0,1.0,32.0,1.0,0.5,NOTHING,1.0,1.0,0.0,0,NOTHING,3,2
2299,16076794,10,679496,Absent,28,1,1,1,1,1,1,1,1,1,0,0,0,0,0,0,1,1,0,0,0,0,0,0,1,1,0,0,0,0,0,0,1,1,0,0,0,0,0,0,1,1,0,0,0,0,0,0,1,1,0,0,0,0,0,0,1,1,1,1,1,1,1,1,1,4,28,Unicorn_Absent,-1,-1.0,8,181,0.825,28.0,0.0,64.0,1.0,0.5625,OUT,1.0,1.0,1.0,0,NOTHING,3,2
2303,16076794,12,679496,Absent,0,0,0,0,0,0,0,0,0,0,0,0,0,0,0,0,0,0,0,0,0,0,0,0,0,0,0,0,0,0,0,0,0,0,0,0,0,0,0,0,0,0,0,0,0,0,0,0,0,0,0,0,0,0,0,0,0,0,0,0,0,0,0,0,0,32,0,Unicorn_Absent,-1,-1.0,2,245,1.0,0.0,0.0,36.0,0.026666666666666672,0.5625,NOTHING,0.825,0.0,1.0,28,OUT,3,2
2311,16076794,16,679496,Absent,0,0,0,0,0,0,0,0,0,0,0,0,0,0,0,0,0,0,0,0,0,0,0,0,0,0,0,0,0,0,0,0,0,0,0,0,0,0,0,0,0,0,0,0,0,0,0,0,0,0,0,0,0,0,0,0,0,0,0,0,0,0,0,0,0,32,0,Unicorn_Absent,-1,-1.0,2,361,1.0,0.0,1.0,32.0,0.026666666666666672,0.5,NOTHING,1.0,0.0,0.026666666666666672,0,NOTHING,3,2
2315,16076794,18,679496,Absent,64,1,1,1,1,1,1,1,1,1,1,1,1,1,1,1,1,1,1,1,1,1,1,1,1,1,1,1,1,1,1,1,1,1,1,1,1,1,1,1,1,1,1,1,1,1,1,1,1,1,1,1,1,1,1,1,1,1,1,1,1,1,1,1,1,4,28,Unicorn_Absent,-1,-1.0,1,285,0.825,64.0,0.0,64.0,0.5,0.5625,ALL,1.0,1.0,0.026666666666666672,0,NOTHING,3,2
2317,16076794,19,679496,Absent,32,1,1,1,1,1,1,1,1,1,1,1,1,1,1,1,1,1,1,1,1,1,1,1,1,1,1,1,1,1,1,1,1,0,0,0,0,0,0,0,0,0,0,0,0,0,0,0,0,0,0,0,0,0,0,0,0,0,0,0,0,0,0,0,0,32,0,Unicorn_Absent,-1,-1.0,4,317,1.0,32.0,0.5,32.0,0.5,0.5,UP,0.825,0.0,0.5,28,ALL,3,2
2327,16076794,24,679496,Absent,32,0,0,0,0,1,1,1,1,0,0,0,0,1,1,1,1,0,0,0,0,1,1,1,1,0,0,0,0,1,1,1,1,0,0,0,0,1,1,1,1,0,0,0,0,1,1,1,1,0,0,0,0,1,1,1,1,0,0,0,0,1,1,1,1,18,14,Unicorn_Absent,-1,-1.0,6,248,0.9125,32.0,0.3333333333333333,46.0,0.14,0.5,RIGHT,1.0,0.5,0.5,0,UP,3,2
2333,16076794,27,679496,Absent,28,1,1,1,1,1,1,1,1,1,0,0,0,0,0,0,1,1,0,0,0,0,0,0,1,1,0,0,0,0,0,0,1,1,0,0,0,0,0,0,1,1,0,0,0,0,0,0,1,1,0,0,0,0,0,0,1,1,1,1,1,1,1,1,1,20,12,Unicorn_Absent,-1,-1.0,8,200,0.925,28.0,0.30434782608695654,45.0,0.14,0.515625,OUT,0.9125,0.3333333333333333,0.14,14,RIGHT,3,2
2335,16076794,28,679496,Absent,36,0,0,0,0,0,0,0,0,0,1,1,1,1,1,1,0,0,1,1,1,1,1,1,0,0,1,1,1,1,1,1,0,0,1,1,1,1,1,1,0,0,1,1,1,1,1,1,0,0,1,1,1,1,1,1,0,0,0,0,0,0,0,0,0,14,18,Unicorn_Absent,-1,-1.0,7,214,0.8875,36.0,0.0,50.0,0.6666666666666667,0.5,IN,0.925,0.30434782608695654,0.14,12,OUT,3,2
2339,16076794,30,679496,Absent,32,1,1,1,1,1,1,1,1,1,1,1,1,1,1,1,1,1,1,1,1,1,1,1,1,1,1,1,1,1,1,1,1,0,0,0,0,0,0,0,0,0,0,0,0,0,0,0,0,0,0,0,0,0,0,0,0,0,0,0,0,0,0,0,0,18,14,Unicorn_Absent,-1,-1.0,4,168,0.9125,32.0,0.36,46.0,0.6666666666666667,0.5,UP,0.8875,0.0,0.6666666666666667,18,IN,3,2
2341,16076794,31,679496,Absent,28,1,1,1,1,1,1,1,1,1,0,0,0,0,0,0,1,1,0,0,0,0,0,0,1,1,0,0,0,0,0,0,1,1,0,0,0,0,0,0,1,1,0,0,0,0,0,0,1,1,0,0,0,0,0,0,1,1,1,1,1,1,1,1,1,4,28,Unicorn_Absent,-1,-1.0,8,172,0.825,28.0,0.30434782608695654,28.0,0.0,0.0,OUT,0.9125,0.36,0.6666666666666667,14,UP,3,2
2345,16076794,33,679496,Absent,0,0,0,0,0,0,0,0,0,0,0,0,0,0,0,0,0,0,0,0,0,0,0,0,0,0,0,0,0,0,0,0,0,0,0,0,0,0,0,0,0,0,0,0,0,0,0,0,0,0,0,0,0,0,0,0,0,0,0,0,0,0,0,0,0,32,0,Unicorn_Absent,-1,-1.0,2,236,1.0,0.0,0.0,32.0,0.0,0.5,NOTHING,0.825,0.30434782608695654,0.0,28,OUT,3,2
2347,16076794,34,679496,Absent,0,0,0,0,0,0,0,0,0,0,0,0,0,0,0,0,0,0,0,0,0,0,0,0,0,0,0,0,0,0,0,0,0,0,0,0,0,0,0,0,0,0,0,0,0,0,0,0,0,0,0,0,0,0,0,0,0,0,0,0,0,0,0,0,0,32,0,Unicorn_Absent,-1,-1.0,2,268,1.0,0.0,1.0,32.0,0.6666666666666667,0.5,NOTHING,1.0,0.0,0.0,0,NOTHING,3,2
2349,16076794,35,679496,Absent,0,0,0,0,0,0,0,0,0,0,0,0,0,0,0,0,0,0,0,0,0,0,0,0,0,0,0,0,0,0,0,0,0,0,0,0,0,0,0,0,0,0,0,0,0,0,0,0,0,0,0,0,0,0,0,0,0,0,0,0,0,0,0,0,0,32,0,Unicorn_Absent,-1,-1.0,2,300,1.0,0.0,1.0,32.0,0.6666666666666667,0.5,NOTHING,1.0,1.0,0.6666666666666667,0,NOTHING,3,2
2357,16076794,39,679496,Absent,32,0,0,0,0,1,1,1,1,0,0,0,0,1,1,1,1,0,0,0,0,1,1,1,1,0,0,0,0,1,1,1,1,0,0,0,0,1,1,1,1,0,0,0,0,1,1,1,1,0,0,0,0,1,1,1,1,0,0,0,0,1,1,1,1,16,16,Unicorn_Absent,-1,-1.0,6,170,0.9,32.0,0.0,48.0,0.055652173913043446,0.5,RIGHT,1.0,1.0,0.6666666666666667,0,NOTHING,3,2
2359,16076794,40,679496,Absent,32,1,1,1,1,1,1,1,1,1,1,1,1,1,1,1,1,1,1,1,1,1,1,1,1,1,1,1,1,1,1,1,1,0,0,0,0,0,0,0,0,0,0,0,0,0,0,0,0,0,0,0,0,0,0,0,0,0,0,0,0,0,0,0,0,14,18,Unicorn_Absent,-1,-1.0,4,184,0.8875,32.0,0.3333333333333333,50.0,0.055652173913043446,0.5,UP,0.9,0.0,0.055652173913043446,16,RIGHT,3,2
2361,16076794,41,679496,Absent,64,1,1,1,1,1,1,1,1,1,1,1,1,1,1,1,1,1,1,1,1,1,1,1,1,1,1,1,1,1,1,1,1,1,1,1,1,1,1,1,1,1,1,1,1,1,1,1,1,1,1,1,1,1,1,1,1,1,1,1,1,1,1,1,1,-4,36,Unicorn_Absent,-1,-1.0,1,180,0.775,64.0,0.5,64.0,0.0,0.4375,ALL,0.8875,0.3333333333333333,0.055652173913043446,18,UP,3,2
2365,16076794,43,679496,Absent,32,1,1,1,1,1,1,1,1,1,1,1,1,1,1,1,1,1,1,1,1,1,1,1,1,1,1,1,1,1,1,1,1,0,0,0,0,0,0,0,0,0,0,0,0,0,0,0,0,0,0,0,0,0,0,0,0,0,0,0,0,0,0,0,0,16,16,Unicorn_Absent,-1,-1.0,4,118,0.9,32.0,0.5,48.0,0.0,0.5,UP,0.775,0.5,0.0,36,ALL,3,2
2367,16076794,44,679496,Absent,32,1,1,1,1,1,1,1,1,1,1,1,1,1,1,1,1,1,1,1,1,1,1,1,1,1,1,1,1,1,1,1,1,0,0,0,0,0,0,0,0,0,0,0,0,0,0,0,0,0,0,0,0,0,0,0,0,0,0,0,0,0,0,0,0,32,0,Unicorn_Absent,-1,-1.0,4,150,1.0,32.0,1.0,64.0,0.0,1.0,UP,0.9,0.5,0.0,16,UP,3,2
2369,16076794,45,679496,Absent,32,1,1,1,1,1,1,1,1,1,1,1,1,1,1,1,1,1,1,1,1,1,1,1,1,1,1,1,1,1,1,1,1,0,0,0,0,0,0,0,0,0,0,0,0,0,0,0,0,0,0,0,0,0,0,0,0,0,0,0,0,0,0,0,0,32,0,Unicorn_Absent,-1,-1.0,4,182,1.0,32.0,1.0,64.0,0.0,1.0,UP,1.0,1.0,0.0,0,UP,3,2
2373,16076794,47,679496,Absent,32,0,0,0,0,1,1,1,1,0,0,0,0,1,1,1,1,0,0,0,0,1,1,1,1,0,0,0,0,1,1,1,1,0,0,0,0,1,1,1,1,0,0,0,0,1,1,1,1,0,0,0,0,1,1,1,1,0,0,0,0,1,1,1,1,16,16,Unicorn_Absent,-1,-1.0,6,230,0.9,32.0,0.3333333333333333,48.0,0.0,0.5,RIGHT,1.0,1.0,0.0,0,UP,3,2
2375,16076794,48,679496,Absent,28,1,1,1,1,1,1,1,1,1,0,0,0,0,0,0,1,1,0,0,0,0,0,0,1,1,0,0,0,0,0,0,1,1,0,0,0,0,0,0,1,1,0,0,0,0,0,0,1,1,0,0,0,0,0,0,1,1,1,1,1,1,1,1,1,32,0,Unicorn_Absent,-1,-1.0,8,262,1.0,28.0,0.30434782608695654,64.0,0.0,1.0,OUT,0.9,0.3333333333333333,0.0,16,RIGHT,3,2
2381,16076794,51,679496,Absent,28,1,1,1,1,1,1,1,1,1,0,0,0,0,0,0,1,1,0,0,0,0,0,0,1,1,0,0,0,0,0,0,1,1,0,0,0,0,0,0,1,1,0,0,0,0,0,0,1,1,0,0,0,0,0,0,1,1,1,1,1,1,1,1,1,32,0,Unicorn_Absent,-1,-1.0,8,358,1.0,28.0,1.0,64.0,0.0,1.0,OUT,1.0,0.30434782608695654,0.0,0,OUT,3,2
2383,16076794,52,679496,Absent,28,1,1,1,1,1,1,1,1,1,0,0,0,0,0,0,1,1,0,0,0,0,0,0,1,1,0,0,0,0,0,0,1,1,0,0,0,0,0,0,1,1,0,0,0,0,0,0,1,1,0,0,0,0,0,0,1,1,1,1,1,1,1,1,1,32,0,Unicorn_Absent,-1,-1.0,8,390,1.0,28.0,1.0,64.0,0.0,1.0,OUT,1.0,1.0,0.0,0,OUT,3,2
2389,16076794,55,679496,Absent,28,1,1,1,1,1,1,1,1,1,0,0,0,0,0,0,1,1,0,0,0,0,0,0,1,1,0,0,0,0,0,0,1,1,0,0,0,0,0,0,1,1,0,0,0,0,0,0,1,1,0,0,0,0,0,0,1,1,1,1,1,1,1,1,1,32,0,Unicorn_Absent,-1,-1.0,8,486,1.0,28.0,1.0,64.0,1.0,1.0,OUT,1.0,1.0,0.0,0,OUT,3,2
2391,16076794,56,679496,Absent,28,1,1,1,1,1,1,1,1,1,0,0,0,0,0,0,1,1,0,0,0,0,0,0,1,1,0,0,0,0,0,0,1,1,0,0,0,0,0,0,1,1,0,0,0,0,0,0,1,1,0,0,0,0,0,0,1,1,1,1,1,1,1,1,1,32,0,Unicorn_Absent,-1,-1.0,8,518,1.0,28.0,1.0,64.0,1.0,1.0,OUT,1.0,1.0,1.0,0,OUT,3,2
2395,16076794,58,679496,Absent,28,1,1,1,1,1,1,1,1,1,0,0,0,0,0,0,1,1,0,0,0,0,0,0,1,1,0,0,0,0,0,0,1,1,0,0,0,0,0,0,1,1,0,0,0,0,0,0,1,1,0,0,0,0,0,0,1,1,1,1,1,1,1,1,1,4,28,Unicorn_Absent,-1,-1.0,8,554,0.825,28.0,1.0,28.0,0.30434782608695654,0.0,OUT,1.0,1.0,1.0,0,OUT,3,2
2397,16076794,59,679496,Absent,36,0,0,0,0,0,0,0,0,0,1,1,1,1,1,1,0,0,1,1,1,1,1,1,0,0,1,1,1,1,1,1,0,0,1,1,1,1,1,1,0,0,1,1,1,1,1,1,0,0,1,1,1,1,1,1,0,0,0,0,0,0,0,0,0,14,18,Unicorn_Absent,-1,-1.0,7,568,0.8875,36.0,0.0,50.0,0.30434782608695654,0.5,IN,0.825,1.0,0.30434782608695654,28,OUT,3,2
120,18817225,1,188143,Absent,2,0,0,0,1,0,0,0,0,0,0,0,0,0,0,0,0,0,0,0,0,0,0,0,0,0,0,0,0,0,0,0,0,1,0,0,0,0,0,0,0,0,0,0,0,0,0,0,0,0,0,0,0,0,0,0,0,0,0,0,0,0,0,0,0,32,0,Unicorn_Absent,-1,-1.0,0,32,1.0,2.0,1.0,24.0,0.0,0.375,RS,,,,,,3,2
122,18817225,2,188143,Absent,25,1,0,0,0,0,1,1,1,1,1,0,1,0,1,0,1,0,0,0,1,0,0,0,1,0,0,0,0,1,0,1,1,0,0,0,0,0,0,0,0,1,0,1,0,1,0,0,0,0,0,1,0,1,0,0,0,1,0,1,0,0,0,0,0,29,3,Unicorn_Absent,-1,-1.0,0,61,0.98125,21.0,0.0,23.0,0.0,0.3125,RS,1.0,1.0,0.0,0,RS,3,2
126,18817225,4,188143,Absent,32,0,0,0,0,1,1,1,1,0,0,0,0,1,1,1,1,0,0,0,0,1,1,1,1,0,0,0,0,1,1,1,1,0,0,0,0,1,1,1,1,0,0,0,0,1,1,1,1,0,0,0,0,1,1,1,1,0,0,0,0,1,1,1,1,14,18,Unicorn_Absent,-1,-1.0,6,6,0.8875,32.0,0.2619047619047619,50.0,0.08,0.5,RIGHT,0.98125,0.0,0.0,3,RS,3,2
130,18817225,6,188143,Absent,0,0,0,0,0,0,0,0,0,0,0,0,0,0,0,0,0,0,0,0,0,0,0,0,0,0,0,0,0,0,0,0,0,0,0,0,0,0,0,0,0,0,0,0,0,0,0,0,0,0,0,0,0,0,0,0,0,0,0,0,0,0,0,0,0,32,0,Unicorn_Absent,-1,-1.0,2,-62,1.0,0.0,0.0,32.0,0.08,0.5,NOTHING,0.8875,0.2619047619047619,0.08,18,RIGHT,3,2
132,18817225,7,188143,Absent,36,0,0,0,0,0,0,0,0,0,1,1,1,1,1,1,0,0,1,1,1,1,1,1,0,0,1,1,1,1,1,1,0,0,1,1,1,1,1,1,0,0,1,1,1,1,1,1,0,0,1,1,1,1,1,1,0,0,0,0,0,0,0,0,0,14,18,Unicorn_Absent,-1,-1.0,7,-48,0.8875,36.0,0.0,50.0,0.1829573934837093,0.5,IN,1.0,0.0,0.08,0,NOTHING,3,2
136,18817225,9,188143,Absent,32,1,1,1,1,0,0,0,0,1,1,1,1,0,0,0,0,1,1,1,1,0,0,0,0,1,1,1,1,0,0,0,0,1,1,1,1,0,0,0,0,1,1,1,1,0,0,0,0,1,1,1,1,0,0,0,0,1,1,1,1,0,0,0,0,32,0,Unicorn_Absent,-1,-1.0,5,12,1.0,32.0,0.36,64.0,0.1829573934837093,1.0,LEFT,0.8875,0.0,0.1829573934837093,18,IN,3,2
144,18817225,13,188143,Absent,32,1,1,1,1,0,0,0,0,1,1,1,1,0,0,0,0,1,1,1,1,0,0,0,0,1,1,1,1,0,0,0,0,1,1,1,1,0,0,0,0,1,1,1,1,0,0,0,0,1,1,1,1,0,0,0,0,1,1,1,1,0,0,0,0,32,0,Unicorn_Absent,-1,-1.0,5,133,1.0,32.0,1.0,64.0,0.36,1.0,LEFT,1.0,0.36,0.1829573934837093,0,LEFT,3,2
150,18817225,16,188143,Absent,32,1,1,1,1,0,0,0,0,1,1,1,1,0,0,0,0,1,1,1,1,0,0,0,0,1,1,1,1,0,0,0,0,1,1,1,1,0,0,0,0,1,1,1,1,0,0,0,0,1,1,1,1,0,0,0,0,1,1,1,1,0,0,0,0,32,0,Unicorn_Absent,-1,-1.0,5,229,1.0,32.0,1.0,64.0,0.36,1.0,LEFT,1.0,1.0,0.36,0,LEFT,3,2
154,18817225,18,188143,Absent,32,1,1,1,1,0,0,0,0,1,1,1,1,0,0,0,0,1,1,1,1,0,0,0,0,1,1,1,1,0,0,0,0,1,1,1,1,0,0,0,0,1,1,1,1,0,0,0,0,1,1,1,1,0,0,0,0,1,1,1,1,0,0,0,0,32,0,Unicorn_Absent,-1,-1.0,5,293,1.0,32.0,1.0,64.0,1.0,1.0,LEFT,1.0,1.0,0.36,0,LEFT,3,2
166,18817225,24,188143,Absent,32,1,1,1,1,0,0,0,0,1,1,1,1,0,0,0,0,1,1,1,1,0,0,0,0,1,1,1,1,0,0,0,0,1,1,1,1,0,0,0,0,1,1,1,1,0,0,0,0,1,1,1,1,0,0,0,0,1,1,1,1,0,0,0,0,18,14,Unicorn_Absent,-1,-1.0,5,340,0.9125,32.0,1.0,46.0,1.0,0.5,LEFT,1.0,1.0,1.0,0,LEFT,3,2
168,18817225,25,188143,Absent,28,1,1,1,1,1,1,1,1,1,0,0,0,0,0,0,1,1,0,0,0,0,0,0,1,1,0,0,0,0,0,0,1,1,0,0,0,0,0,0,1,1,0,0,0,0,0,0,1,1,0,0,0,0,0,0,1,1,1,1,1,1,1,1,1,18,14,Unicorn_Absent,-1,-1.0,8,358,0.9125,28.0,0.30434782608695654,46.0,0.026666666666666672,0.5,OUT,0.9125,1.0,1.0,14,LEFT,3,2
174,18817225,28,188143,Absent,36,0,0,0,0,0,0,0,0,0,1,1,1,1,1,1,0,0,1,1,1,1,1,1,0,0,1,1,1,1,1,1,0,0,1,1,1,1,1,1,0,0,1,1,1,1,1,1,0,0,1,1,1,1,1,1,0,0,0,0,0,0,0,0,0,32,0,Unicorn_Absent,-1,-1.0,7,358,1.0,36.0,0.0,36.0,0.026666666666666672,0.5625,IN,0.9125,0.30434782608695654,0.026666666666666672,14,OUT,3,2
178,18817225,30,188143,Absent,0,0,0,0,0,0,0,0,0,0,0,0,0,0,0,0,0,0,0,0,0,0,0,0,0,0,0,0,0,0,0,0,0,0,0,0,0,0,0,0,0,0,0,0,0,0,0,0,0,0,0,0,0,0,0,0,0,0,0,0,0,0,0,0,0,32,0,Unicorn_Absent,-1,-1.0,2,326,1.0,0.0,0.0,36.0,0.0,0.5625,NOTHING,1.0,0.0,0.026666666666666672,0,IN,3,2
180,18817225,31,188143,Absent,0,0,0,0,0,0,0,0,0,0,0,0,0,0,0,0,0,0,0,0,0,0,0,0,0,0,0,0,0,0,0,0,0,0,0,0,0,0,0,0,0,0,0,0,0,0,0,0,0,0,0,0,0,0,0,0,0,0,0,0,0,0,0,0,0,32,0,Unicorn_Absent,-1,-1.0,2,358,1.0,0.0,1.0,28.0,0.0,0.4375,NOTHING,1.0,0.0,0.0,0,NOTHING,3,2
182,18817225,32,188143,Absent,0,0,0,0,0,0,0,0,0,0,0,0,0,0,0,0,0,0,0,0,0,0,0,0,0,0,0,0,0,0,0,0,0,0,0,0,0,0,0,0,0,0,0,0,0,0,0,0,0,0,0,0,0,0,0,0,0,0,0,0,0,0,0,0,0,32,0,Unicorn_Absent,-1,-1.0,2,390,1.0,0.0,1.0,36.0,0.0,0.5625,NOTHING,1.0,1.0,0.0,0,NOTHING,3,2
186,18817225,34,188143,Absent,0,0,0,0,0,0,0,0,0,0,0,0,0,0,0,0,0,0,0,0,0,0,0,0,0,0,0,0,0,0,0,0,0,0,0,0,0,0,0,0,0,0,0,0,0,0,0,0,0,0,0,0,0,0,0,0,0,0,0,0,0,0,0,0,0,32,0,Unicorn_Absent,-1,-1.0,2,454,1.0,0.0,1.0,36.0,0.0,0.5625,NOTHING,1.0,1.0,0.0,0,NOTHING,3,2
190,18817225,36,188143,Absent,0,0,0,0,0,0,0,0,0,0,0,0,0,0,0,0,0,0,0,0,0,0,0,0,0,0,0,0,0,0,0,0,0,0,0,0,0,0,0,0,0,0,0,0,0,0,0,0,0,0,0,0,0,0,0,0,0,0,0,0,0,0,0,0,0,32,0,Unicorn_Absent,-1,-1.0,2,518,1.0,0.0,1.0,36.0,0.0,0.5625,NOTHING,1.0,1.0,0.0,0,NOTHING,3,2
194,18817225,38,188143,Absent,32,1,1,1,1,0,0,0,0,1,1,1,1,0,0,0,0,1,1,1,1,0,0,0,0,1,1,1,1,0,0,0,0,1,1,1,1,0,0,0,0,1,1,1,1,0,0,0,0,1,1,1,1,0,0,0,0,1,1,1,1,0,0,0,0,18,14,Unicorn_Absent,-1,-1.0,5,472,0.9125,32.0,0.0,46.0,0.0,0.5,LEFT,1.0,1.0,0.0,0,NOTHING,3,2
198,18817225,40,188143,Absent,32,1,1,1,1,1,1,1,1,1,1,1,1,1,1,1,1,1,1,1,1,1,1,1,1,1,1,1,1,1,1,1,1,0,0,0,0,0,0,0,0,0,0,0,0,0,0,0,0,0,0,0,0,0,0,0,0,0,0,0,0,0,0,0,0,0,32,Unicorn_Absent,-1,-1.0,4,491,0.8,32.0,0.3333333333333333,32.0,0.6956521739130435,0.0,UP,0.9125,0.0,0.0,14,LEFT,3,2
200,18817225,41,188143,Absent,0,0,0,0,0,0,0,0,0,0,0,0,0,0,0,0,0,0,0,0,0,0,0,0,0,0,0,0,0,0,0,0,0,0,0,0,0,0,0,0,0,0,0,0,0,0,0,0,0,0,0,0,0,0,0,0,0,0,0,0,0,0,0,0,0,32,0,Unicorn_Absent,-1,-1.0,2,523,1.0,0.0,0.0,36.0,0.6956521739130435,0.5625,NOTHING,0.8,0.3333333333333333,0.6956521739130435,32,UP,3,2
202,18817225,42,188143,Absent,0,0,0,0,0,0,0,0,0,0,0,0,0,0,0,0,0,0,0,0,0,0,0,0,0,0,0,0,0,0,0,0,0,0,0,0,0,0,0,0,0,0,0,0,0,0,0,0,0,0,0,0,0,0,0,0,0,0,0,0,0,0,0,0,0,32,0,Unicorn_Absent,-1,-1.0,2,555,1.0,0.0,1.0,64.0,0.0,1.0,NOTHING,1.0,0.0,0.6956521739130435,0,NOTHING,3,2
204,18817225,43,188143,Absent,0,0,0,0,0,0,0,0,0,0,0,0,0,0,0,0,0,0,0,0,0,0,0,0,0,0,0,0,0,0,0,0,0,0,0,0,0,0,0,0,0,0,0,0,0,0,0,0,0,0,0,0,0,0,0,0,0,0,0,0,0,0,0,0,0,32,0,Unicorn_Absent,-1,-1.0,2,587,1.0,0.0,1.0,64.0,0.0,1.0,NOTHING,1.0,1.0,0.0,0,NOTHING,3,2
212,18817225,47,188143,Absent,32,0,0,0,0,1,1,1,1,0,0,0,0,1,1,1,1,0,0,0,0,1,1,1,1,0,0,0,0,1,1,1,1,0,0,0,0,1,1,1,1,0,0,0,0,1,1,1,1,0,0,0,0,1,1,1,1,0,0,0,0,1,1,1,1,32,0,Unicorn_Absent,-1,-1.0,6,615,1.0,32.0,0.0,32.0,0.0,0.5,RIGHT,1.0,1.0,0.0,0,NOTHING,3,2
220,18817225,51,188143,Absent,28,1,1,1,1,1,1,1,1,1,0,0,0,0,0,0,1,1,0,0,0,0,0,0,1,1,0,0,0,0,0,0,1,1,0,0,0,0,0,0,1,1,0,0,0,0,0,0,1,1,0,0,0,0,0,0,1,1,1,1,1,1,1,1,1,18,14,Unicorn_Absent,-1,-1.0,8,605,0.9125,28.0,0.30434782608695654,46.0,0.0,0.5,OUT,1.0,0.0,0.0,0,RIGHT,3,2
228,18817225,55,188143,Absent,32,1,1,1,1,1,1,1,1,1,1,1,1,1,1,1,1,1,1,1,1,1,1,1,1,1,1,1,1,1,1,1,1,0,0,0,0,0,0,0,0,0,0,0,0,0,0,0,0,0,0,0,0,0,0,0,0,0,0,0,0,0,0,0,0,0,32,Unicorn_Absent,-1,-1.0,4,663,0.8,32.0,0.30434782608695654,64.0,0.0,0.5,UP,0.9125,0.30434782608695654,0.0,14,OUT,3,2
230,18817225,56,188143,Absent,64,1,1,1,1,1,1,1,1,1,1,1,1,1,1,1,1,1,1,1,1,1,1,1,1,1,1,1,1,1,1,1,1,1,1,1,1,1,1,1,1,1,1,1,1,1,1,1,1,1,1,1,1,1,1,1,1,1,1,1,1,1,1,1,1,0,32,Unicorn_Absent,-1,-1.0,1,663,0.8,64.0,0.5,64.0,0.0,0.5,ALL,0.8,0.30434782608695654,0.0,32,UP,3,2
238,18817225,60,188143,Absent,28,1,1,1,1,1,1,1,1,1,0,0,0,0,0,0,1,1,0,0,0,0,0,0,1,1,0,0,0,0,0,0,1,1,0,0,0,0,0,0,1,1,0,0,0,0,0,0,1,1,0,0,0,0,0,0,1,1,1,1,1,1,1,1,1,32,0,Unicorn_Absent,-1,-1.0,8,651,1.0,28.0,0.4375,64.0,1.0,1.0,OUT,0.8,0.5,0.0,32,ALL,3,2
121,18817225,1,722518,Absent,27,0,1,1,0,1,1,0,0,1,1,0,0,0,0,0,0,0,1,0,0,0,1,0,0,0,0,0,1,1,0,1,1,0,0,0,0,0,0,1,0,1,1,0,0,0,0,1,1,1,0,0,1,0,0,0,0,0,1,1,0,1,0,0,0,32,0,Unicorn_Absent,-1,-1.0,9,32,1.0,22.0,1.0,24.0,1.0,0.375,,,,,,,3,2
123,18817225,2,722518,Absent,5,0,0,0,0,0,0,0,1,0,0,0,0,0,1,1,0,0,0,0,0,0,0,0,0,0,0,0,0,0,0,0,1,0,0,0,0,0,0,0,0,0,1,0,0,0,0,0,0,0,0,0,0,0,0,0,0,0,0,0,0,0,0,0,0,29,3,Unicorn_Absent,-1,-1.0,9,61,0.98125,5.0,0.08,23.0,1.0,0.3125,,1.0,1.0,1.0,0,,3,2
127,18817225,4,722518,Absent,36,0,0,0,0,0,0,0,0,0,1,1,1,1,1,1,0,0,1,1,1,1,1,1,0,0,1,1,1,1,1,1,0,0,1,1,1,1,1,1,0,0,1,1,1,1,1,1,0,0,1,1,1,1,1,1,0,0,0,0,0,0,0,0,0,14,18,Unicorn_Absent,-1,-1.0,7,6,0.8875,36.0,0.07894736842105263,50.0,1.0,0.5,IN,0.98125,0.08,1.0,3,,3,2
131,18817225,6,722518,Absent,32,0,0,0,0,0,0,0,0,0,0,0,0,0,0,0,0,0,0,0,0,0,0,0,0,0,0,0,0,0,0,0,0,1,1,1,1,1,1,1,1,1,1,1,1,1,1,1,1,1,1,1,1,1,1,1,1,1,1,1,1,1,1,1,1,32,0,Unicorn_Absent,-1,-1.0,3,-62,1.0,32.0,0.36,32.0,0.0,0.5,DOWN,0.8875,0.07894736842105263,1.0,18,IN,3,2
133,18817225,7,722518,Absent,32,0,0,0,0,0,0,0,0,0,0,0,0,0,0,0,0,0,0,0,0,0,0,0,0,0,0,0,0,0,0,0,0,1,1,1,1,1,1,1,1,1,1,1,1,1,1,1,1,1,1,1,1,1,1,1,1,1,1,1,1,1,1,1,1,14,18,Unicorn_Absent,-1,-1.0,3,-48,0.8875,32.0,1.0,50.0,0.0,0.5,DOWN,1.0,0.36,0.0,0,DOWN,3,2
137,18817225,9,722518,Absent,32,0,0,0,0,1,1,1,1,0,0,0,0,1,1,1,1,0,0,0,0,1,1,1,1,0,0,0,0,1,1,1,1,0,0,0,0,1,1,1,1,0,0,0,0,1,1,1,1,0,0,0,0,1,1,1,1,0,0,0,0,1,1,1,1,32,0,Unicorn_Absent,-1,-1.0,6,12,1.0,32.0,0.3333333333333333,64.0,0.0,1.0,RIGHT,0.8875,1.0,0.0,18,DOWN,3,2
145,18817225,13,722518,Absent,32,0,0,0,0,1,1,1,1,0,0,0,0,1,1,1,1,0,0,0,0,1,1,1,1,0,0,0,0,1,1,1,1,0,0,0,0,1,1,1,1,0,0,0,0,1,1,1,1,0,0,0,0,1,1,1,1,0,0,0,0,1,1,1,1,32,0,Unicorn_Absent,-1,-1.0,6,133,1.0,32.0,1.0,64.0,0.0,1.0,RIGHT,1.0,0.3333333333333333,0.0,0,RIGHT,3,2
151,18817225,16,722518,Absent,32,0,0,0,0,1,1,1,1,0,0,0,0,1,1,1,1,0,0,0,0,1,1,1,1,0,0,0,0,1,1,1,1,0,0,0,0,1,1,1,1,0,0,0,0,1,1,1,1,0,0,0,0,1,1,1,1,0,0,0,0,1,1,1,1,32,0,Unicorn_Absent,-1,-1.0,6,229,1.0,32.0,1.0,64.0,0.0,1.0,RIGHT,1.0,1.0,0.0,0,RIGHT,3,2
155,18817225,18,722518,Absent,32,0,0,0,0,1,1,1,1,0,0,0,0,1,1,1,1,0,0,0,0,1,1,1,1,0,0,0,0,1,1,1,1,0,0,0,0,1,1,1,1,0,0,0,0,1,1,1,1,0,0,0,0,1,1,1,1,0,0,0,0,1,1,1,1,32,0,Unicorn_Absent,-1,-1.0,6,293,1.0,32.0,1.0,64.0,0.0,1.0,RIGHT,1.0,1.0,0.0,0,RIGHT,3,2
167,18817225,24,722518,Absent,28,1,1,1,1,1,1,1,1,1,0,0,0,0,0,0,1,1,0,0,0,0,0,0,1,1,0,0,0,0,0,0,1,1,0,0,0,0,0,0,1,1,0,0,0,0,0,0,1,1,0,0,0,0,0,0,1,1,1,1,1,1,1,1,1,18,14,Unicorn_Absent,-1,-1.0,8,340,0.9125,28.0,0.30434782608695654,46.0,0.028985507246376774,0.5,OUT,1.0,1.0,0.0,0,RIGHT,3,2
169,18817225,25,722518,Absent,32,0,0,0,0,0,0,0,0,0,0,0,0,0,0,0,0,0,0,0,0,0,0,0,0,0,0,0,0,0,0,0,0,1,1,1,1,1,1,1,1,1,1,1,1,1,1,1,1,1,1,1,1,1,1,1,1,1,1,1,1,1,1,1,1,18,14,Unicorn_Absent,-1,-1.0,3,358,0.9125,32.0,0.30434782608695654,46.0,0.028985507246376774,0.5,DOWN,0.9125,0.30434782608695654,0.028985507246376774,14,OUT,3,2
175,18817225,28,722518,Absent,0,0,0,0,0,0,0,0,0,0,0,0,0,0,0,0,0,0,0,0,0,0,0,0,0,0,0,0,0,0,0,0,0,0,0,0,0,0,0,0,0,0,0,0,0,0,0,0,0,0,0,0,0,0,0,0,0,0,0,0,0,0,0,0,0,32,0,Unicorn_Absent,-1,-1.0,2,358,1.0,0.0,0.0,36.0,0.36,0.5625,NOTHING,0.9125,0.30434782608695654,0.028985507246376774,14,DOWN,3,2
179,18817225,30,722518,Absent,36,0,0,0,0,0,0,0,0,0,1,1,1,1,1,1,0,0,1,1,1,1,1,1,0,0,1,1,1,1,1,1,0,0,1,1,1,1,1,1,0,0,1,1,1,1,1,1,0,0,1,1,1,1,1,1,0,0,0,0,0,0,0,0,0,32,0,Unicorn_Absent,-1,-1.0,7,326,1.0,36.0,0.0,36.0,0.36,0.5625,IN,1.0,0.0,0.36,0,NOTHING,3,2
181,18817225,31,722518,Absent,28,1,1,1,1,1,1,1,1,1,0,0,0,0,0,0,1,1,0,0,0,0,0,0,1,1,0,0,0,0,0,0,1,1,0,0,0,0,0,0,1,1,0,0,0,0,0,0,1,1,0,0,0,0,0,0,1,1,1,1,1,1,1,1,1,32,0,Unicorn_Absent,-1,-1.0,8,358,1.0,28.0,0.0,28.0,0.4375,0.4375,OUT,1.0,0.0,0.36,0,IN,3,2
183,18817225,32,722518,Absent,36,0,0,0,0,0,0,0,0,0,1,1,1,1,1,1,0,0,1,1,1,1,1,1,0,0,1,1,1,1,1,1,0,0,1,1,1,1,1,1,0,0,1,1,1,1,1,1,0,0,1,1,1,1,1,1,0,0,0,0,0,0,0,0,0,32,0,Unicorn_Absent,-1,-1.0,7,390,1.0,36.0,0.0,36.0,0.4375,0.5625,IN,1.0,0.0,0.4375,0,OUT,3,2
187,18817225,34,722518,Absent,36,0,0,0,0,0,0,0,0,0,1,1,1,1,1,1,0,0,1,1,1,1,1,1,0,0,1,1,1,1,1,1,0,0,1,1,1,1,1,1,0,0,1,1,1,1,1,1,0,0,1,1,1,1,1,1,0,0,0,0,0,0,0,0,0,32,0,Unicorn_Absent,-1,-1.0,7,454,1.0,36.0,1.0,36.0,0.0,0.5625,IN,1.0,0.0,0.4375,0,IN,3,2
191,18817225,36,722518,Absent,36,0,0,0,0,0,0,0,0,0,1,1,1,1,1,1,0,0,1,1,1,1,1,1,0,0,1,1,1,1,1,1,0,0,1,1,1,1,1,1,0,0,1,1,1,1,1,1,0,0,1,1,1,1,1,1,0,0,0,0,0,0,0,0,0,32,0,Unicorn_Absent,-1,-1.0,7,518,1.0,36.0,1.0,36.0,0.0,0.5625,IN,1.0,1.0,0.0,0,IN,3,2
195,18817225,38,722518,Absent,28,1,1,1,1,1,1,1,1,1,0,0,0,0,0,0,1,1,0,0,0,0,0,0,1,1,0,0,0,0,0,0,1,1,0,0,0,0,0,0,1,1,0,0,0,0,0,0,1,1,0,0,0,0,0,0,1,1,1,1,1,1,1,1,1,18,14,Unicorn_Absent,-1,-1.0,8,472,0.9125,28.0,0.0,46.0,0.0,0.5,OUT,1.0,1.0,0.0,0,IN,3,2
199,18817225,40,722518,Absent,32,1,1,1,1,1,1,1,1,1,1,1,1,1,1,1,1,1,1,1,1,1,1,1,1,1,1,1,1,1,1,1,1,0,0,0,0,0,0,0,0,0,0,0,0,0,0,0,0,0,0,0,0,0,0,0,0,0,0,0,0,0,0,0,0,0,32,Unicorn_Absent,-1,-1.0,4,491,0.8,32.0,0.30434782608695654,32.0,0.0,0.0,UP,0.9125,0.0,0.0,14,OUT,3,2
201,18817225,41,722518,Absent,36,0,0,0,0,0,0,0,0,0,1,1,1,1,1,1,0,0,1,1,1,1,1,1,0,0,1,1,1,1,1,1,0,0,1,1,1,1,1,1,0,0,1,1,1,1,1,1,0,0,1,1,1,1,1,1,0,0,0,0,0,0,0,0,0,32,0,Unicorn_Absent,-1,-1.0,7,523,1.0,36.0,0.36,36.0,0.30434782608695654,0.5625,IN,0.8,0.30434782608695654,0.0,32,UP,3,2
203,18817225,42,722518,Absent,64,1,1,1,1,1,1,1,1,1,1,1,1,1,1,1,1,1,1,1,1,1,1,1,1,1,1,1,1,1,1,1,1,1,1,1,1,1,1,1,1,1,1,1,1,1,1,1,1,1,1,1,1,1,1,1,1,1,1,1,1,1,1,1,1,32,0,Unicorn_Absent,-1,-1.0,1,555,1.0,64.0,0.5625,64.0,0.30434782608695654,1.0,ALL,1.0,0.36,0.30434782608695654,0,IN,3,2
205,18817225,43,722518,Absent,64,1,1,1,1,1,1,1,1,1,1,1,1,1,1,1,1,1,1,1,1,1,1,1,1,1,1,1,1,1,1,1,1,1,1,1,1,1,1,1,1,1,1,1,1,1,1,1,1,1,1,1,1,1,1,1,1,1,1,1,1,1,1,1,1,32,0,Unicorn_Absent,-1,-1.0,1,587,1.0,64.0,1.0,64.0,0.19565217391304346,1.0,ALL,1.0,0.5625,0.30434782608695654,0,ALL,3,2
213,18817225,47,722518,Absent,0,0,0,0,0,0,0,0,0,0,0,0,0,0,0,0,0,0,0,0,0,0,0,0,0,0,0,0,0,0,0,0,0,0,0,0,0,0,0,0,0,0,0,0,0,0,0,0,0,0,0,0,0,0,0,0,0,0,0,0,0,0,0,0,0,32,0,Unicorn_Absent,-1,-1.0,2,615,1.0,0.0,0.0,32.0,0.19565217391304346,0.5,NOTHING,1.0,1.0,0.19565217391304346,0,ALL,3,2
221,18817225,51,722518,Absent,32,1,1,1,1,1,1,1,1,1,1,1,1,1,1,1,1,1,1,1,1,1,1,1,1,1,1,1,1,1,1,1,1,0,0,0,0,0,0,0,0,0,0,0,0,0,0,0,0,0,0,0,0,0,0,0,0,0,0,0,0,0,0,0,0,18,14,Unicorn_Absent,-1,-1.0,4,605,0.9125,32.0,0.0,46.0,0.0,0.5,UP,1.0,0.0,0.19565217391304346,0,NOTHING,3,2
229,18817225,55,722518,Absent,64,1,1,1,1,1,1,1,1,1,1,1,1,1,1,1,1,1,1,1,1,1,1,1,1,1,1,1,1,1,1,1,1,1,1,1,1,1,1,1,1,1,1,1,1,1,1,1,1,1,1,1,1,1,1,1,1,1,1,1,1,1,1,1,1,0,32,Unicorn_Absent,-1,-1.0,1,663,0.8,64.0,0.5,64.0,0.0,0.5,ALL,0.9125,0.0,0.0,14,UP,3,2
231,18817225,56,722518,Absent,32,1,1,1,1,0,0,0,0,1,1,1,1,0,0,0,0,1,1,1,1,0,0,0,0,1,1,1,1,0,0,0,0,1,1,1,1,0,0,0,0,1,1,1,1,0,0,0,0,1,1,1,1,0,0,0,0,1,1,1,1,0,0,0,0,0,32,Unicorn_Absent,-1,-1.0,5,663,0.8,32.0,0.5,64.0,0.07750000000000001,0.5,LEFT,0.8,0.5,0.0,32,ALL,3,2
239,18817225,60,722518,Absent,36,0,0,0,0,0,0,0,0,0,1,1,1,1,1,1,0,0,1,1,1,1,1,1,0,0,1,1,1,1,1,1,0,0,1,1,1,1,1,1,0,0,1,1,1,1,1,1,0,0,1,1,1,1,1,1,0,0,0,0,0,0,0,0,0,32,0,Unicorn_Absent,-1,-1.0,7,651,1.0,36.0,0.36,64.0,0.07750000000000001,1.0,IN,0.8,0.5,0.07750000000000001,32,LEFT,3,2
840,20736854,1,207368,Absent,25,0,0,0,1,1,1,0,1,1,1,1,0,0,0,0,1,0,0,0,1,1,1,1,0,0,0,1,0,0,0,0,0,0,0,1,1,0,0,1,0,0,0,0,1,1,0,1,0,1,0,0,1,0,0,0,0,0,0,0,0,0,0,0,0,25,7,Unicorn_Absent,-1,-1.0,0,25,0.95625,21.0,1.0,28.0,0.0,0.328125,RS,,,,,,3,2
842,20736854,2,207368,Absent,32,1,1,1,1,1,1,1,1,1,1,1,1,1,1,1,1,1,1,1,1,1,1,1,1,1,1,1,1,1,1,1,1,0,0,0,0,0,0,0,0,0,0,0,0,0,0,0,0,0,0,0,0,0,0,0,0,0,0,0,0,0,0,0,0,32,0,Unicorn_Absent,-1,-1.0,4,57,1.0,32.0,0.325,32.0,0.0,0.5,UP,0.95625,1.0,0.0,7,RS,3,2
846,20736854,4,207368,Absent,28,1,1,1,1,1,1,1,1,1,0,0,0,0,0,0,1,1,0,0,0,0,0,0,1,1,0,0,0,0,0,0,1,1,0,0,0,0,0,0,1,1,0,0,0,0,0,0,1,1,0,0,0,0,0,0,1,1,1,1,1,1,1,1,1,18,14,Unicorn_Absent,-1,-1.0,8,98,0.9125,28.0,0.30434782608695654,46.0,0.325,0.5,OUT,1.0,0.325,0.0,0,UP,3,2
858,20736854,10,207368,Absent,32,0,0,0,0,1,1,1,1,0,0,0,0,1,1,1,1,0,0,0,0,1,1,1,1,0,0,0,0,1,1,1,1,0,0,0,0,1,1,1,1,0,0,0,0,1,1,1,1,0,0,0,0,1,1,1,1,0,0,0,0,1,1,1,1,0,32,Unicorn_Absent,-1,-1.0,6,34,0.8,32.0,0.30434782608695654,64.0,0.325,0.5,RIGHT,0.9125,0.30434782608695654,0.325,14,OUT,3,2
864,20736854,13,207368,Absent,0,0,0,0,0,0,0,0,0,0,0,0,0,0,0,0,0,0,0,0,0,0,0,0,0,0,0,0,0,0,0,0,0,0,0,0,0,0,0,0,0,0,0,0,0,0,0,0,0,0,0,0,0,0,0,0,0,0,0,0,0,0,0,0,0,32,0,Unicorn_Absent,-1,-1.0,2,-10,1.0,0.0,0.0,32.0,0.30434782608695654,0.5,NOTHING,0.8,0.30434782608695654,0.325,32,RIGHT,3,2
866,20736854,14,207368,Absent,0,0,0,0,0,0,0,0,0,0,0,0,0,0,0,0,0,0,0,0,0,0,0,0,0,0,0,0,0,0,0,0,0,0,0,0,0,0,0,0,0,0,0,0,0,0,0,0,0,0,0,0,0,0,0,0,0,0,0,0,0,0,0,0,0,32,0,Unicorn_Absent,-1,-1.0,2,22,1.0,0.0,1.0,32.0,0.30434782608695654,0.5,NOTHING,1.0,0.0,0.30434782608695654,0,NOTHING,3,2
868,20736854,15,207368,Absent,0,0,0,0,0,0,0,0,0,0,0,0,0,0,0,0,0,0,0,0,0,0,0,0,0,0,0,0,0,0,0,0,0,0,0,0,0,0,0,0,0,0,0,0,0,0,0,0,0,0,0,0,0,0,0,0,0,0,0,0,0,0,0,0,0,32,0,Unicorn_Absent,-1,-1.0,2,54,1.0,0.0,1.0,36.0,0.19565217391304346,0.5625,NOTHING,1.0,1.0,0.30434782608695654,0,NOTHING,3,2
870,20736854,16,207368,Absent,0,0,0,0,0,0,0,0,0,0,0,0,0,0,0,0,0,0,0,0,0,0,0,0,0,0,0,0,0,0,0,0,0,0,0,0,0,0,0,0,0,0,0,0,0,0,0,0,0,0,0,0,0,0,0,0,0,0,0,0,0,0,0,0,0,32,0,Unicorn_Absent,-1,-1.0,2,86,1.0,0.0,1.0,36.0,0.19565217391304346,0.5625,NOTHING,1.0,1.0,0.19565217391304346,0,NOTHING,3,2
872,20736854,17,207368,Absent,0,0,0,0,0,0,0,0,0,0,0,0,0,0,0,0,0,0,0,0,0,0,0,0,0,0,0,0,0,0,0,0,0,0,0,0,0,0,0,0,0,0,0,0,0,0,0,0,0,0,0,0,0,0,0,0,0,0,0,0,0,0,0,0,0,32,0,Unicorn_Absent,-1,-1.0,2,118,1.0,0.0,1.0,36.0,0.5,0.5625,NOTHING,1.0,1.0,0.19565217391304346,0,NOTHING,3,2
878,20736854,20,207368,Absent,0,0,0,0,0,0,0,0,0,0,0,0,0,0,0,0,0,0,0,0,0,0,0,0,0,0,0,0,0,0,0,0,0,0,0,0,0,0,0,0,0,0,0,0,0,0,0,0,0,0,0,0,0,0,0,0,0,0,0,0,0,0,0,0,0,32,0,Unicorn_Absent,-1,-1.0,2,214,1.0,0.0,1.0,36.0,0.5,0.5625,NOTHING,1.0,1.0,0.5,0,NOTHING,3,2
882,20736854,22,207368,Absent,0,0,0,0,0,0,0,0,0,0,0,0,0,0,0,0,0,0,0,0,0,0,0,0,0,0,0,0,0,0,0,0,0,0,0,0,0,0,0,0,0,0,0,0,0,0,0,0,0,0,0,0,0,0,0,0,0,0,0,0,0,0,0,0,0,32,0,Unicorn_Absent,-1,-1.0,2,278,1.0,0.0,1.0,36.0,0.0,0.5625,NOTHING,1.0,1.0,0.5,0,NOTHING,3,2
888,20736854,25,207368,Absent,32,0,0,0,0,0,0,0,0,0,0,0,0,0,0,0,0,0,0,0,0,0,0,0,0,0,0,0,0,0,0,0,0,1,1,1,1,1,1,1,1,1,1,1,1,1,1,1,1,1,1,1,1,1,1,1,1,1,1,1,1,1,1,1,1,0,32,Unicorn_Absent,-1,-1.0,3,246,0.8,32.0,0.0,32.0,0.0,0.0,DOWN,1.0,1.0,0.0,0,NOTHING,3,2
890,20736854,26,207368,Absent,64,1,1,1,1,1,1,1,1,1,1,1,1,1,1,1,1,1,1,1,1,1,1,1,1,1,1,1,1,1,1,1,1,1,1,1,1,1,1,1,1,1,1,1,1,1,1,1,1,1,1,1,1,1,1,1,1,1,1,1,1,1,1,1,1,4,28,Unicorn_Absent,-1,-1.0,1,250,0.825,64.0,0.5,64.0,0.64,0.5625,ALL,0.8,0.0,0.0,32,DOWN,3,2
892,20736854,27,207368,Absent,32,0,0,0,0,1,1,1,1,0,0,0,0,1,1,1,1,0,0,0,0,1,1,1,1,0,0,0,0,1,1,1,1,0,0,0,0,1,1,1,1,0,0,0,0,1,1,1,1,0,0,0,0,1,1,1,1,0,0,0,0,1,1,1,1,14,18,Unicorn_Absent,-1,-1.0,6,264,0.8875,32.0,0.5,50.0,0.64,0.5,RIGHT,0.825,0.5,0.64,28,ALL,3,2
894,20736854,28,207368,Absent,32,1,1,1,1,1,1,1,1,1,1,1,1,1,1,1,1,1,1,1,1,1,1,1,1,1,1,1,1,1,1,1,1,0,0,0,0,0,0,0,0,0,0,0,0,0,0,0,0,0,0,0,0,0,0,0,0,0,0,0,0,0,0,0,0,32,0,Unicorn_Absent,-1,-1.0,4,296,1.0,32.0,0.3333333333333333,64.0,0.0,1.0,UP,0.8875,0.5,0.64,18,RIGHT,3,2
896,20736854,29,207368,Absent,32,1,1,1,1,1,1,1,1,1,1,1,1,1,1,1,1,1,1,1,1,1,1,1,1,1,1,1,1,1,1,1,1,0,0,0,0,0,0,0,0,0,0,0,0,0,0,0,0,0,0,0,0,0,0,0,0,0,0,0,0,0,0,0,0,32,0,Unicorn_Absent,-1,-1.0,4,328,1.0,32.0,1.0,64.0,0.0,1.0,UP,1.0,0.3333333333333333,0.0,0,UP,3,2
898,20736854,30,207368,Absent,32,1,1,1,1,1,1,1,1,1,1,1,1,1,1,1,1,1,1,1,1,1,1,1,1,1,1,1,1,1,1,1,1,0,0,0,0,0,0,0,0,0,0,0,0,0,0,0,0,0,0,0,0,0,0,0,0,0,0,0,0,0,0,0,0,32,0,Unicorn_Absent,-1,-1.0,4,360,1.0,32.0,1.0,64.0,0.0,1.0,UP,1.0,1.0,0.0,0,UP,3,2
900,20736854,31,207368,Absent,32,1,1,1,1,1,1,1,1,1,1,1,1,1,1,1,1,1,1,1,1,1,1,1,1,1,1,1,1,1,1,1,1,0,0,0,0,0,0,0,0,0,0,0,0,0,0,0,0,0,0,0,0,0,0,0,0,0,0,0,0,0,0,0,0,32,0,Unicorn_Absent,-1,-1.0,4,392,1.0,32.0,1.0,64.0,0.0,1.0,UP,1.0,1.0,0.0,0,UP,3,2
902,20736854,32,207368,Absent,32,1,1,1,1,1,1,1,1,1,1,1,1,1,1,1,1,1,1,1,1,1,1,1,1,1,1,1,1,1,1,1,1,0,0,0,0,0,0,0,0,0,0,0,0,0,0,0,0,0,0,0,0,0,0,0,0,0,0,0,0,0,0,0,0,32,0,Unicorn_Absent,-1,-1.0,4,424,1.0,32.0,1.0,64.0,0.0,1.0,UP,1.0,1.0,0.0,0,UP,3,2
906,20736854,34,207368,Absent,32,1,1,1,1,1,1,1,1,1,1,1,1,1,1,1,1,1,1,1,1,1,1,1,1,1,1,1,1,1,1,1,1,0,0,0,0,0,0,0,0,0,0,0,0,0,0,0,0,0,0,0,0,0,0,0,0,0,0,0,0,0,0,0,0,32,0,Unicorn_Absent,-1,-1.0,4,488,1.0,32.0,1.0,32.0,0.0,0.5,UP,1.0,1.0,0.0,0,UP,3,2
908,20736854,35,207368,Absent,32,1,1,1,1,1,1,1,1,1,1,1,1,1,1,1,1,1,1,1,1,1,1,1,1,1,1,1,1,1,1,1,1,0,0,0,0,0,0,0,0,0,0,0,0,0,0,0,0,0,0,0,0,0,0,0,0,0,0,0,0,0,0,0,0,18,14,Unicorn_Absent,-1,-1.0,4,506,0.9125,32.0,1.0,46.0,0.0,0.5,UP,1.0,1.0,0.0,0,UP,3,2
910,20736854,36,207368,Absent,28,1,1,1,1,1,1,1,1,1,0,0,0,0,0,0,1,1,0,0,0,0,0,0,1,1,0,0,0,0,0,0,1,1,0,0,0,0,0,0,1,1,0,0,0,0,0,0,1,1,0,0,0,0,0,0,1,1,1,1,1,1,1,1,1,4,28,Unicorn_Absent,-1,-1.0,8,510,0.825,28.0,0.30434782608695654,28.0,0.0,0.0,OUT,0.9125,1.0,0.0,14,UP,3,2
916,20736854,39,207368,Absent,34,0,0,1,1,1,1,0,0,1,1,1,0,0,1,0,0,1,1,1,0,1,0,1,0,0,0,0,0,1,0,0,1,1,0,1,0,0,0,1,0,0,1,0,1,1,1,1,0,1,0,1,0,1,0,0,0,1,0,0,0,0,1,1,1,15,17,Unicorn_Absent,-1,-1.0,0,466,0.89375,30.0,0.28888888888888886,49.0,0.36,0.5,RS,0.825,0.30434782608695654,0.0,28,OUT,3,2
918,20736854,40,207368,Absent,32,1,1,1,1,1,1,1,1,1,1,1,1,1,1,1,1,1,1,1,1,1,1,1,1,1,1,1,1,1,1,1,1,0,0,0,0,0,0,0,0,0,0,0,0,0,0,0,0,0,0,0,0,0,0,0,0,0,0,0,0,0,0,0,0,0,32,Unicorn_Absent,-1,-1.0,4,466,0.8,32.0,0.3191489361702128,64.0,0.36,0.5,UP,0.89375,0.28888888888888886,0.36,17,RS,3,2
920,20736854,41,207368,Absent,36,0,0,0,0,0,0,0,0,0,1,1,1,1,1,1,0,0,1,1,1,1,1,1,0,0,1,1,1,1,1,1,0,0,1,1,1,1,1,1,0,0,1,1,1,1,1,1,0,0,1,1,1,1,1,1,0,0,0,0,0,0,0,0,0,-4,36,Unicorn_Absent,-1,-1.0,7,462,0.775,36.0,0.36,36.0,0.19565217391304346,0.0,IN,0.8,0.3191489361702128,0.36,32,UP,3,2
924,20736854,43,207368,Absent,28,1,1,1,1,1,1,1,1,1,0,0,0,0,0,0,1,1,0,0,0,0,0,0,1,1,0,0,0,0,0,0,1,1,0,0,0,0,0,0,1,1,0,0,0,0,0,0,1,1,0,0,0,0,0,0,1,1,1,1,1,1,1,1,1,4,28,Unicorn_Absent,-1,-1.0,8,384,0.825,28.0,0.0,28.0,0.19565217391304346,0.0,OUT,0.775,0.36,0.19565217391304346,36,IN,3,2
928,20736854,45,207368,Absent,32,1,1,1,1,0,0,0,0,1,1,1,1,0,0,0,0,1,1,1,1,0,0,0,0,1,1,1,1,0,0,0,0,1,1,1,1,0,0,0,0,1,1,1,1,0,0,0,0,1,1,1,1,0,0,0,0,1,1,1,1,0,0,0,0,32,0,Unicorn_Absent,-1,-1.0,5,338,1.0,32.0,0.30434782608695654,32.0,0.5,0.5,LEFT,0.825,0.0,0.19565217391304346,28,OUT,3,2
930,20736854,46,207368,Absent,32,1,1,1,1,0,0,0,0,1,1,1,1,0,0,0,0,1,1,1,1,0,0,0,0,1,1,1,1,0,0,0,0,1,1,1,1,0,0,0,0,1,1,1,1,0,0,0,0,1,1,1,1,0,0,0,0,1,1,1,1,0,0,0,0,32,0,Unicorn_Absent,-1,-1.0,5,370,1.0,32.0,1.0,32.0,0.5,0.5,LEFT,1.0,0.30434782608695654,0.5,0,LEFT,3,2
938,20736854,50,207368,Absent,32,0,0,0,0,1,1,1,1,0,0,0,0,1,1,1,1,0,0,0,0,1,1,1,1,0,0,0,0,1,1,1,1,0,0,0,0,1,1,1,1,0,0,0,0,1,1,1,1,0,0,0,0,1,1,1,1,0,0,0,0,1,1,1,1,14,18,Unicorn_Absent,-1,-1.0,6,480,0.8875,32.0,0.0,50.0,0.026666666666666672,0.5,RIGHT,1.0,1.0,0.5,0,LEFT,3,2
942,20736854,52,207368,Absent,0,0,0,0,0,0,0,0,0,0,0,0,0,0,0,0,0,0,0,0,0,0,0,0,0,0,0,0,0,0,0,0,0,0,0,0,0,0,0,0,0,0,0,0,0,0,0,0,0,0,0,0,0,0,0,0,0,0,0,0,0,0,0,0,0,32,0,Unicorn_Absent,-1,-1.0,2,531,1.0,0.0,0.0,32.0,0.026666666666666672,0.5,NOTHING,0.8875,0.0,0.026666666666666672,18,RIGHT,3,2
944,20736854,53,207368,Absent,0,0,0,0,0,0,0,0,0,0,0,0,0,0,0,0,0,0,0,0,0,0,0,0,0,0,0,0,0,0,0,0,0,0,0,0,0,0,0,0,0,0,0,0,0,0,0,0,0,0,0,0,0,0,0,0,0,0,0,0,0,0,0,0,0,32,0,Unicorn_Absent,-1,-1.0,2,563,1.0,0.0,1.0,32.0,0.0,0.5,NOTHING,1.0,0.0,0.026666666666666672,0,NOTHING,3,2
841,20736854,1,685487,Absent,15,0,0,0,1,1,0,0,0,0,0,0,0,0,1,0,1,0,0,0,0,1,1,0,0,0,0,0,0,0,0,1,0,0,0,0,0,1,0,0,0,0,0,0,0,1,0,1,0,0,0,0,0,0,1,1,0,1,0,0,0,0,0,0,1,25,7,Unicorn_Absent,-1,-1.0,9,25,0.95625,14.0,1.0,28.0,0.0,0.328125,,,,,,,3,2
843,20736854,2,685487,Absent,0,0,0,0,0,0,0,0,0,0,0,0,0,0,0,0,0,0,0,0,0,0,0,0,0,0,0,0,0,0,0,0,0,0,0,0,0,0,0,0,0,0,0,0,0,0,0,0,0,0,0,0,0,0,0,0,0,0,0,0,0,0,0,0,0,32,0,Unicorn_Absent,-1,-1.0,2,57,1.0,0.0,0.0,32.0,0.0,0.5,NOTHING,0.95625,1.0,0.0,7,,3,2
847,20736854,4,685487,Absent,32,0,0,0,0,0,0,0,0,0,0,0,0,0,0,0,0,0,0,0,0,0,0,0,0,0,0,0,0,0,0,0,0,1,1,1,1,1,1,1,1,1,1,1,1,1,1,1,1,1,1,1,1,1,1,1,1,1,1,1,1,1,1,1,1,18,14,Unicorn_Absent,-1,-1.0,3,98,0.9125,32.0,0.0,46.0,0.0,0.5,DOWN,1.0,0.0,0.0,0,NOTHING,3,2
859,20736854,10,685487,Absent,64,1,1,1,1,1,1,1,1,1,1,1,1,1,1,1,1,1,1,1,1,1,1,1,1,1,1,1,1,1,1,1,1,1,1,1,1,1,1,1,1,1,1,1,1,1,1,1,1,1,1,1,1,1,1,1,1,1,1,1,1,1,1,1,1,0,32,Unicorn_Absent,-1,-1.0,1,34,0.8,64.0,0.5,64.0,0.0,0.5,ALL,0.9125,0.0,0.0,14,DOWN,3,2
865,20736854,13,685487,Absent,32,1,1,1,1,1,1,1,1,1,1,1,1,1,1,1,1,1,1,1,1,1,1,1,1,1,1,1,1,1,1,1,1,0,0,0,0,0,0,0,0,0,0,0,0,0,0,0,0,0,0,0,0,0,0,0,0,0,0,0,0,0,0,0,0,32,0,Unicorn_Absent,-1,-1.0,4,-10,1.0,32.0,0.5,32.0,0.0,0.5,UP,0.8,0.5,0.0,32,ALL,3,2
867,20736854,14,685487,Absent,32,1,1,1,1,1,1,1,1,1,1,1,1,1,1,1,1,1,1,1,1,1,1,1,1,1,1,1,1,1,1,1,1,0,0,0,0,0,0,0,0,0,0,0,0,0,0,0,0,0,0,0,0,0,0,0,0,0,0,0,0,0,0,0,0,32,0,Unicorn_Absent,-1,-1.0,4,22,1.0,32.0,1.0,32.0,0.0,0.5,UP,1.0,0.5,0.0,0,UP,3,2
869,20736854,15,685487,Absent,36,0,0,0,0,0,0,0,0,0,1,1,1,1,1,1,0,0,1,1,1,1,1,1,0,0,1,1,1,1,1,1,0,0,1,1,1,1,1,1,0,0,1,1,1,1,1,1,0,0,1,1,1,1,1,1,0,0,0,0,0,0,0,0,0,32,0,Unicorn_Absent,-1,-1.0,7,54,1.0,36.0,0.36,36.0,0.0,0.5625,IN,1.0,1.0,0.0,0,UP,3,2
871,20736854,16,685487,Absent,36,0,0,0,0,0,0,0,0,0,1,1,1,1,1,1,0,0,1,1,1,1,1,1,0,0,1,1,1,1,1,1,0,0,1,1,1,1,1,1,0,0,1,1,1,1,1,1,0,0,1,1,1,1,1,1,0,0,0,0,0,0,0,0,0,32,0,Unicorn_Absent,-1,-1.0,7,86,1.0,36.0,1.0,36.0,1.0,0.5625,IN,1.0,0.36,0.0,0,IN,3,2
873,20736854,17,685487,Absent,36,0,0,0,0,0,0,0,0,0,1,1,1,1,1,1,0,0,1,1,1,1,1,1,0,0,1,1,1,1,1,1,0,0,1,1,1,1,1,1,0,0,1,1,1,1,1,1,0,0,1,1,1,1,1,1,0,0,0,0,0,0,0,0,0,32,0,Unicorn_Absent,-1,-1.0,7,118,1.0,36.0,1.0,36.0,1.0,0.5625,IN,1.0,1.0,1.0,0,IN,3,2
879,20736854,20,685487,Absent,36,0,0,0,0,0,0,0,0,0,1,1,1,1,1,1,0,0,1,1,1,1,1,1,0,0,1,1,1,1,1,1,0,0,1,1,1,1,1,1,0,0,1,1,1,1,1,1,0,0,1,1,1,1,1,1,0,0,0,0,0,0,0,0,0,32,0,Unicorn_Absent,-1,-1.0,7,214,1.0,36.0,1.0,36.0,1.0,0.5625,IN,1.0,1.0,1.0,0,IN,3,2
883,20736854,22,685487,Absent,36,0,0,0,0,0,0,0,0,0,1,1,1,1,1,1,0,0,1,1,1,1,1,1,0,0,1,1,1,1,1,1,0,0,1,1,1,1,1,1,0,0,1,1,1,1,1,1,0,0,1,1,1,1,1,1,0,0,0,0,0,0,0,0,0,32,0,Unicorn_Absent,-1,-1.0,7,278,1.0,36.0,1.0,36.0,1.0,0.5625,IN,1.0,1.0,1.0,0,IN,3,2
889,20736854,25,685487,Absent,32,0,0,0,0,0,0,0,0,0,0,0,0,0,0,0,0,0,0,0,0,0,0,0,0,0,0,0,0,0,0,0,0,1,1,1,1,1,1,1,1,1,1,1,1,1,1,1,1,1,1,1,1,1,1,1,1,1,1,1,1,1,1,1,1,0,32,Unicorn_Absent,-1,-1.0,3,246,0.8,32.0,0.36,32.0,0.6956521739130435,0.0,DOWN,1.0,1.0,1.0,0,IN,3,2
891,20736854,26,685487,Absent,28,1,1,1,1,1,1,1,1,1,0,0,0,0,0,0,1,1,0,0,0,0,0,0,1,1,0,0,0,0,0,0,1,1,0,0,0,0,0,0,1,1,0,0,0,0,0,0,1,1,0,0,0,0,0,0,1,1,1,1,1,1,1,1,1,4,28,Unicorn_Absent,-1,-1.0,8,250,0.825,28.0,0.30434782608695654,64.0,0.6956521739130435,0.5625,OUT,0.8,0.36,0.6956521739130435,32,DOWN,3,2
893,20736854,27,685487,Absent,36,0,0,0,0,0,0,0,0,0,1,1,1,1,1,1,0,0,1,1,1,1,1,1,0,0,1,1,1,1,1,1,0,0,1,1,1,1,1,1,0,0,1,1,1,1,1,1,0,0,1,1,1,1,1,1,0,0,0,0,0,0,0,0,0,14,18,Unicorn_Absent,-1,-1.0,7,264,0.8875,36.0,0.0,50.0,0.28888888888888886,0.5,IN,0.825,0.30434782608695654,0.6956521739130435,28,OUT,3,2
895,20736854,28,685487,Absent,32,0,0,0,0,0,0,0,0,0,0,0,0,0,0,0,0,0,0,0,0,0,0,0,0,0,0,0,0,0,0,0,0,1,1,1,1,1,1,1,1,1,1,1,1,1,1,1,1,1,1,1,1,1,1,1,1,1,1,1,1,1,1,1,1,32,0,Unicorn_Absent,-1,-1.0,3,296,1.0,32.0,0.36,64.0,0.28888888888888886,1.0,DOWN,0.8875,0.0,0.28888888888888886,18,IN,3,2
897,20736854,29,685487,Absent,32,0,0,0,0,0,0,0,0,0,0,0,0,0,0,0,0,0,0,0,0,0,0,0,0,0,0,0,0,0,0,0,0,1,1,1,1,1,1,1,1,1,1,1,1,1,1,1,1,1,1,1,1,1,1,1,1,1,1,1,1,1,1,1,1,32,0,Unicorn_Absent,-1,-1.0,3,328,1.0,32.0,1.0,64.0,0.24335106382978722,1.0,DOWN,1.0,0.36,0.28888888888888886,0,DOWN,3,2
899,20736854,30,685487,Absent,32,0,0,0,0,0,0,0,0,0,0,0,0,0,0,0,0,0,0,0,0,0,0,0,0,0,0,0,0,0,0,0,0,1,1,1,1,1,1,1,1,1,1,1,1,1,1,1,1,1,1,1,1,1,1,1,1,1,1,1,1,1,1,1,1,32,0,Unicorn_Absent,-1,-1.0,3,360,1.0,32.0,1.0,64.0,0.24335106382978722,1.0,DOWN,1.0,1.0,0.24335106382978722,0,DOWN,3,2
901,20736854,31,685487,Absent,32,0,0,0,0,0,0,0,0,0,0,0,0,0,0,0,0,0,0,0,0,0,0,0,0,0,0,0,0,0,0,0,0,1,1,1,1,1,1,1,1,1,1,1,1,1,1,1,1,1,1,1,1,1,1,1,1,1,1,1,1,1,1,1,1,32,0,Unicorn_Absent,-1,-1.0,3,392,1.0,32.0,1.0,64.0,0.2025,1.0,DOWN,1.0,1.0,0.24335106382978722,0,DOWN,3,2
903,20736854,32,685487,Absent,32,0,0,0,0,0,0,0,0,0,0,0,0,0,0,0,0,0,0,0,0,0,0,0,0,0,0,0,0,0,0,0,0,1,1,1,1,1,1,1,1,1,1,1,1,1,1,1,1,1,1,1,1,1,1,1,1,1,1,1,1,1,1,1,1,32,0,Unicorn_Absent,-1,-1.0,3,424,1.0,32.0,1.0,64.0,0.2025,1.0,DOWN,1.0,1.0,0.2025,0,DOWN,3,2
907,20736854,34,685487,Absent,0,0,0,0,0,0,0,0,0,0,0,0,0,0,0,0,0,0,0,0,0,0,0,0,0,0,0,0,0,0,0,0,0,0,0,0,0,0,0,0,0,0,0,0,0,0,0,0,0,0,0,0,0,0,0,0,0,0,0,0,0,0,0,0,0,32,0,Unicorn_Absent,-1,-1.0,2,488,1.0,0.0,0.0,32.0,0.0,0.5,NOTHING,1.0,1.0,0.2025,0,DOWN,3,2
909,20736854,35,685487,Absent,28,1,1,1,1,1,1,1,1,1,0,0,0,0,0,0,1,1,0,0,0,0,0,0,1,1,0,0,0,0,0,0,1,1,0,0,0,0,0,0,1,1,0,0,0,0,0,0,1,1,0,0,0,0,0,0,1,1,1,1,1,1,1,1,1,18,14,Unicorn_Absent,-1,-1.0,8,506,0.9125,28.0,0.0,46.0,0.0,0.5,OUT,1.0,0.0,0.0,0,NOTHING,3,2
911,20736854,36,685487,Absent,28,1,1,1,1,1,1,1,1,1,0,0,0,0,0,0,1,1,0,0,0,0,0,0,1,1,0,0,0,0,0,0,1,1,0,0,0,0,0,0,1,1,0,0,0,0,0,0,1,1,0,0,0,0,0,0,1,1,1,1,1,1,1,1,1,4,28,Unicorn_Absent,-1,-1.0,8,510,0.825,28.0,1.0,28.0,0.30434782608695654,0.0,OUT,0.9125,0.0,0.0,14,OUT,3,2
917,20736854,39,685487,Absent,36,0,0,0,0,0,0,0,0,0,1,1,1,1,1,1,0,0,1,1,1,1,1,1,0,0,1,1,1,1,1,1,0,0,1,1,1,1,1,1,0,0,1,1,1,1,1,1,0,0,1,1,1,1,1,1,0,0,0,0,0,0,0,0,0,15,17,Unicorn_Absent,-1,-1.0,7,466,0.89375,36.0,0.0,49.0,0.30434782608695654,0.5,IN,0.825,1.0,0.30434782608695654,28,OUT,3,2
919,20736854,40,685487,Absent,64,1,1,1,1,1,1,1,1,1,1,1,1,1,1,1,1,1,1,1,1,1,1,1,1,1,1,1,1,1,1,1,1,1,1,1,1,1,1,1,1,1,1,1,1,1,1,1,1,1,1,1,1,1,1,1,1,1,1,1,1,1,1,1,1,0,32,Unicorn_Absent,-1,-1.0,1,466,0.8,64.0,0.5625,64.0,0.0,0.5,ALL,0.89375,0.0,0.30434782608695654,17,IN,3,2
921,20736854,41,685487,Absent,36,0,0,0,0,0,0,0,0,0,1,1,1,1,1,1,0,0,1,1,1,1,1,1,0,0,1,1,1,1,1,1,0,0,1,1,1,1,1,1,0,0,1,1,1,1,1,1,0,0,1,1,1,1,1,1,0,0,0,0,0,0,0,0,0,-4,36,Unicorn_Absent,-1,-1.0,7,462,0.775,36.0,0.5625,36.0,0.0,0.0,IN,0.8,0.5625,0.0,32,ALL,3,2
925,20736854,43,685487,Absent,28,1,1,1,1,1,1,1,1,1,0,0,0,0,0,0,1,1,0,0,0,0,0,0,1,1,0,0,0,0,0,0,1,1,0,0,0,0,0,0,1,1,0,0,0,0,0,0,1,1,0,0,0,0,0,0,1,1,1,1,1,1,1,1,1,4,28,Unicorn_Absent,-1,-1.0,8,384,0.825,28.0,0.0,28.0,0.0,0.0,OUT,0.775,0.5625,0.0,36,IN,3,2
929,20736854,45,685487,Absent,0,0,0,0,0,0,0,0,0,0,0,0,0,0,0,0,0,0,0,0,0,0,0,0,0,0,0,0,0,0,0,0,0,0,0,0,0,0,0,0,0,0,0,0,0,0,0,0,0,0,0,0,0,0,0,0,0,0,0,0,0,0,0,0,0,32,0,Unicorn_Absent,-1,-1.0,2,338,1.0,0.0,0.0,32.0,0.0,0.5,NOTHING,0.825,0.0,0.0,28,OUT,3,2
931,20736854,46,685487,Absent,0,0,0,0,0,0,0,0,0,0,0,0,0,0,0,0,0,0,0,0,0,0,0,0,0,0,0,0,0,0,0,0,0,0,0,0,0,0,0,0,0,0,0,0,0,0,0,0,0,0,0,0,0,0,0,0,0,0,0,0,0,0,0,0,0,32,0,Unicorn_Absent,-1,-1.0,2,370,1.0,0.0,1.0,32.0,0.36,0.5,NOTHING,1.0,0.0,0.0,0,NOTHING,3,2
939,20736854,50,685487,Absent,36,0,0,0,0,0,0,0,0,0,1,1,1,1,1,1,0,0,1,1,1,1,1,1,0,0,1,1,1,1,1,1,0,0,1,1,1,1,1,1,0,0,1,1,1,1,1,1,0,0,1,1,1,1,1,1,0,0,0,0,0,0,0,0,0,14,18,Unicorn_Absent,-1,-1.0,7,480,0.8875,36.0,0.0,50.0,0.36,0.5,IN,1.0,1.0,0.36,0,NOTHING,3,2
943,20736854,52,685487,Absent,32,1,1,1,1,1,1,1,1,1,1,1,1,1,1,1,1,1,1,1,1,1,1,1,1,1,1,1,1,1,1,1,1,0,0,0,0,0,0,0,0,0,0,0,0,0,0,0,0,0,0,0,0,0,0,0,0,0,0,0,0,0,0,0,0,32,0,Unicorn_Absent,-1,-1.0,4,531,1.0,32.0,0.36,32.0,0.0,0.5,UP,0.8875,0.0,0.36,18,IN,3,2
945,20736854,53,685487,Absent,32,1,1,1,1,1,1,1,1,1,1,1,1,1,1,1,1,1,1,1,1,1,1,1,1,1,1,1,1,1,1,1,1,0,0,0,0,0,0,0,0,0,0,0,0,0,0,0,0,0,0,0,0,0,0,0,0,0,0,0,0,0,0,0,0,32,0,Unicorn_Absent,-1,-1.0,4,563,1.0,32.0,1.0,32.0,0.0,0.5,UP,1.0,0.36,0.0,0,UP,3,2
4082,27788627,2,277842,Absent,32,0,0,0,0,0,0,0,0,0,0,0,0,0,0,0,0,0,0,0,0,0,0,0,0,0,0,0,0,0,0,0,0,1,1,1,1,1,1,1,1,1,1,1,1,1,1,1,1,1,1,1,1,1,1,1,1,1,1,1,1,1,1,1,1,32,0,Unicorn_Absent,-1,-1.0,3,-47,1.0,32.0,1.0,32.0,0.0,0.5,DOWN,,,,,,3,2
4084,27788627,3,277842,Absent,32,0,0,0,0,0,0,0,0,0,0,0,0,0,0,0,0,0,0,0,0,0,0,0,0,0,0,0,0,0,0,0,0,1,1,1,1,1,1,1,1,1,1,1,1,1,1,1,1,1,1,1,1,1,1,1,1,1,1,1,1,1,1,1,1,32,0,Unicorn_Absent,-1,-1.0,3,-15,1.0,32.0,1.0,32.0,0.0,0.5,DOWN,1.0,1.0,0.0,0,DOWN,3,2
4088,27788627,5,277842,Absent,32,0,0,0,0,0,0,0,0,0,0,0,0,0,0,0,0,0,0,0,0,0,0,0,0,0,0,0,0,0,0,0,0,1,1,1,1,1,1,1,1,1,1,1,1,1,1,1,1,1,1,1,1,1,1,1,1,1,1,1,1,1,1,1,1,32,0,Unicorn_Absent,-1,-1.0,3,49,1.0,32.0,1.0,32.0,0.0,0.5,DOWN,1.0,1.0,0.0,0,DOWN,3,2
4092,27788627,7,277842,Absent,32,0,0,0,0,0,0,0,0,0,0,0,0,0,0,0,0,0,0,0,0,0,0,0,0,0,0,0,0,0,0,0,0,1,1,1,1,1,1,1,1,1,1,1,1,1,1,1,1,1,1,1,1,1,1,1,1,1,1,1,1,1,1,1,1,18,14,Unicorn_Absent,-1,-1.0,3,-15,0.9125,32.0,1.0,46.0,0.0,0.5,DOWN,1.0,1.0,0.0,0,DOWN,3,2
4096,27788627,9,277842,Absent,32,1,1,1,1,0,0,0,0,1,1,1,1,0,0,0,0,1,1,1,1,0,0,0,0,1,1,1,1,0,0,0,0,1,1,1,1,0,0,0,0,1,1,1,1,0,0,0,0,1,1,1,1,0,0,0,0,1,1,1,1,0,0,0,0,14,18,Unicorn_Absent,-1,-1.0,5,-101,0.8875,32.0,0.3333333333333333,50.0,0.0,0.5,LEFT,0.9125,1.0,0.0,14,DOWN,3,2
4100,27788627,11,277842,Absent,36,0,0,0,0,0,0,0,0,0,1,1,1,1,1,1,0,0,1,1,1,1,1,1,0,0,1,1,1,1,1,1,0,0,1,1,1,1,1,1,0,0,1,1,1,1,1,1,0,0,1,1,1,1,1,1,0,0,0,0,0,0,0,0,0,14,18,Unicorn_Absent,-1,-1.0,7,-55,0.8875,36.0,0.36,50.0,0.0,0.5,IN,0.8875,0.3333333333333333,0.0,18,LEFT,3,2
4102,27788627,12,277842,Absent,36,0,0,0,0,0,0,0,0,0,1,1,1,1,1,1,0,0,1,1,1,1,1,1,0,0,1,1,1,1,1,1,0,0,1,1,1,1,1,1,0,0,1,1,1,1,1,1,0,0,1,1,1,1,1,1,0,0,0,0,0,0,0,0,0,14,18,Unicorn_Absent,-1,-1.0,7,-41,0.8875,36.0,1.0,50.0,1.0,0.5,IN,0.8875,0.36,0.0,18,IN,3,2
4108,27788627,15,277842,Absent,36,0,0,0,0,0,0,0,0,0,1,1,1,1,1,1,0,0,1,1,1,1,1,1,0,0,1,1,1,1,1,1,0,0,1,1,1,1,1,1,0,0,1,1,1,1,1,1,0,0,1,1,1,1,1,1,0,0,0,0,0,0,0,0,0,-4,36,Unicorn_Absent,-1,-1.0,7,-173,0.775,36.0,1.0,36.0,1.0,0.0,IN,0.8875,1.0,1.0,18,IN,3,2
4110,27788627,16,277842,Absent,64,1,1,1,1,1,1,1,1,1,1,1,1,1,1,1,1,1,1,1,1,1,1,1,1,1,1,1,1,1,1,1,1,1,1,1,1,1,1,1,1,1,1,1,1,1,1,1,1,1,1,1,1,1,1,1,1,1,1,1,1,1,1,1,1,32,0,Unicorn_Absent,-1,-1.0,1,-141,1.0,64.0,0.5625,64.0,0.3333333333333333,1.0,ALL,0.775,1.0,1.0,36,IN,3,2
4112,27788627,17,277842,Absent,64,1,1,1,1,1,1,1,1,1,1,1,1,1,1,1,1,1,1,1,1,1,1,1,1,1,1,1,1,1,1,1,1,1,1,1,1,1,1,1,1,1,1,1,1,1,1,1,1,1,1,1,1,1,1,1,1,1,1,1,1,1,1,1,1,32,0,Unicorn_Absent,-1,-1.0,1,-109,1.0,64.0,1.0,64.0,0.3333333333333333,1.0,ALL,1.0,0.5625,0.3333333333333333,0,ALL,3,2
4114,27788627,18,277842,Absent,64,1,1,1,1,1,1,1,1,1,1,1,1,1,1,1,1,1,1,1,1,1,1,1,1,1,1,1,1,1,1,1,1,1,1,1,1,1,1,1,1,1,1,1,1,1,1,1,1,1,1,1,1,1,1,1,1,1,1,1,1,1,1,1,1,32,0,Unicorn_Absent,-1,-1.0,1,-77,1.0,64.0,1.0,64.0,0.0,1.0,ALL,1.0,1.0,0.3333333333333333,0,ALL,3,2
4118,27788627,20,277842,Absent,32,1,1,1,1,0,0,0,0,1,1,1,1,0,0,0,0,1,1,1,1,0,0,0,0,1,1,1,1,0,0,0,0,1,1,1,1,0,0,0,0,1,1,1,1,0,0,0,0,1,1,1,1,0,0,0,0,1,1,1,1,0,0,0,0,18,14,Unicorn_Absent,-1,-1.0,5,-36,0.9125,32.0,0.5,46.0,0.0,0.5,LEFT,1.0,1.0,0.0,0,ALL,3,2
4120,27788627,21,277842,Absent,0,0,0,0,0,0,0,0,0,0,0,0,0,0,0,0,0,0,0,0,0,0,0,0,0,0,0,0,0,0,0,0,0,0,0,0,0,0,0,0,0,0,0,0,0,0,0,0,0,0,0,0,0,0,0,0,0,0,0,0,0,0,0,0,0,32,0,Unicorn_Absent,-1,-1.0,2,-4,1.0,0.0,0.0,28.0,0.0,0.4375,NOTHING,0.9125,0.5,0.0,14,LEFT,3,2
4122,27788627,22,277842,Absent,0,0,0,0,0,0,0,0,0,0,0,0,0,0,0,0,0,0,0,0,0,0,0,0,0,0,0,0,0,0,0,0,0,0,0,0,0,0,0,0,0,0,0,0,0,0,0,0,0,0,0,0,0,0,0,0,0,0,0,0,0,0,0,0,0,32,0,Unicorn_Absent,-1,-1.0,2,28,1.0,0.0,1.0,36.0,0.0,0.5625,NOTHING,1.0,0.0,0.0,0,NOTHING,3,2
4124,27788627,23,277842,Absent,32,1,1,1,1,0,0,0,0,1,1,1,1,0,0,0,0,1,1,1,1,0,0,0,0,1,1,1,1,0,0,0,0,1,1,1,1,0,0,0,0,1,1,1,1,0,0,0,0,1,1,1,1,0,0,0,0,1,1,1,1,0,0,0,0,14,18,Unicorn_Absent,-1,-1.0,5,42,0.8875,32.0,0.0,50.0,0.64,0.5,LEFT,1.0,1.0,0.0,0,NOTHING,3,2
4128,27788627,25,277842,Absent,28,1,1,1,1,1,1,1,1,1,0,0,0,0,0,0,1,1,0,0,0,0,0,0,1,1,0,0,0,0,0,0,1,1,0,0,0,0,0,0,1,1,0,0,0,0,0,0,1,1,0,0,0,0,0,0,1,1,1,1,1,1,1,1,1,32,0,Unicorn_Absent,-1,-1.0,8,106,1.0,28.0,0.30434782608695654,28.0,0.64,0.4375,OUT,0.8875,0.0,0.64,18,LEFT,3,2
4132,27788627,27,277842,Absent,64,1,1,1,1,1,1,1,1,1,1,1,1,1,1,1,1,1,1,1,1,1,1,1,1,1,1,1,1,1,1,1,1,1,1,1,1,1,1,1,1,1,1,1,1,1,1,1,1,1,1,1,1,1,1,1,1,1,1,1,1,1,1,1,1,32,0,Unicorn_Absent,-1,-1.0,1,170,1.0,64.0,0.4375,64.0,0.5625,1.0,ALL,1.0,0.30434782608695654,0.64,0,OUT,3,2
4140,27788627,31,277842,Absent,64,1,1,1,1,1,1,1,1,1,1,1,1,1,1,1,1,1,1,1,1,1,1,1,1,1,1,1,1,1,1,1,1,1,1,1,1,1,1,1,1,1,1,1,1,1,1,1,1,1,1,1,1,1,1,1,1,1,1,1,1,1,1,1,1,32,0,Unicorn_Absent,-1,-1.0,1,298,1.0,64.0,1.0,64.0,0.5625,1.0,ALL,1.0,0.4375,0.5625,0,ALL,3,2
4142,27788627,32,277842,Absent,64,1,1,1,1,1,1,1,1,1,1,1,1,1,1,1,1,1,1,1,1,1,1,1,1,1,1,1,1,1,1,1,1,1,1,1,1,1,1,1,1,1,1,1,1,1,1,1,1,1,1,1,1,1,1,1,1,1,1,1,1,1,1,1,1,32,0,Unicorn_Absent,-1,-1.0,1,330,1.0,64.0,1.0,64.0,0.0,1.0,ALL,1.0,1.0,0.5625,0,ALL,3,2
4146,27788627,34,277842,Absent,32,1,1,1,1,0,0,0,0,1,1,1,1,0,0,0,0,1,1,1,1,0,0,0,0,1,1,1,1,0,0,0,0,1,1,1,1,0,0,0,0,1,1,1,1,0,0,0,0,1,1,1,1,0,0,0,0,1,1,1,1,0,0,0,0,0,32,Unicorn_Absent,-1,-1.0,5,266,0.8,32.0,0.5,32.0,0.0,0.0,LEFT,1.0,1.0,0.0,0,ALL,3,2
4150,27788627,36,277842,Absent,32,0,0,0,0,0,0,0,0,0,0,0,0,0,0,0,0,0,0,0,0,0,0,0,0,0,0,0,0,0,0,0,0,1,1,1,1,1,1,1,1,1,1,1,1,1,1,1,1,1,1,1,1,1,1,1,1,1,1,1,1,1,1,1,1,18,14,Unicorn_Absent,-1,-1.0,3,316,0.9125,32.0,0.3333333333333333,46.0,0.0,0.5,DOWN,0.8,0.5,0.0,32,LEFT,3,2
4152,27788627,37,277842,Absent,32,0,0,0,0,0,0,0,0,0,0,0,0,0,0,0,0,0,0,0,0,0,0,0,0,0,0,0,0,0,0,0,0,1,1,1,1,1,1,1,1,1,1,1,1,1,1,1,1,1,1,1,1,1,1,1,1,1,1,1,1,1,1,1,1,14,18,Unicorn_Absent,-1,-1.0,3,330,0.8875,32.0,1.0,50.0,0.0,0.5,DOWN,0.9125,0.3333333333333333,0.0,14,DOWN,3,2
4158,27788627,40,277842,Absent,32,1,1,1,1,0,0,0,0,1,1,1,1,0,0,0,0,1,1,1,1,0,0,0,0,1,1,1,1,0,0,0,0,1,1,1,1,0,0,0,0,1,1,1,1,0,0,0,0,1,1,1,1,0,0,0,0,1,1,1,1,0,0,0,0,16,16,Unicorn_Absent,-1,-1.0,5,308,0.9,32.0,0.3333333333333333,48.0,0.5,0.5,LEFT,0.8875,1.0,0.0,18,DOWN,3,2
4168,27788627,45,277842,Absent,28,1,1,1,1,1,1,1,1,1,0,0,0,0,0,0,1,1,0,0,0,0,0,0,1,1,0,0,0,0,0,0,1,1,0,0,0,0,0,0,1,1,0,0,0,0,0,0,1,1,0,0,0,0,0,0,1,1,1,1,1,1,1,1,1,18,14,Unicorn_Absent,-1,-1.0,8,432,0.9125,28.0,0.30434782608695654,46.0,0.5,0.5,OUT,0.9,0.3333333333333333,0.5,16,LEFT,3,2
4170,27788627,46,277842,Absent,0,0,0,0,0,0,0,0,0,0,0,0,0,0,0,0,0,0,0,0,0,0,0,0,0,0,0,0,0,0,0,0,0,0,0,0,0,0,0,0,0,0,0,0,0,0,0,0,0,0,0,0,0,0,0,0,0,0,0,0,0,0,0,0,0,32,0,Unicorn_Absent,-1,-1.0,2,464,1.0,0.0,0.0,28.0,1.0,0.4375,NOTHING,0.9125,0.30434782608695654,0.5,14,OUT,3,2
4176,27788627,49,277842,Absent,32,1,1,1,1,1,1,1,1,1,1,1,1,1,1,1,1,1,1,1,1,1,1,1,1,1,1,1,1,1,1,1,1,0,0,0,0,0,0,0,0,0,0,0,0,0,0,0,0,0,0,0,0,0,0,0,0,0,0,0,0,0,0,0,0,14,18,Unicorn_Absent,-1,-1.0,4,538,0.8875,32.0,0.0,50.0,1.0,0.5,UP,1.0,0.0,1.0,0,NOTHING,3,2
4178,27788627,50,277842,Absent,32,0,0,0,0,1,1,1,1,0,0,0,0,1,1,1,1,0,0,0,0,1,1,1,1,0,0,0,0,1,1,1,1,0,0,0,0,1,1,1,1,0,0,0,0,1,1,1,1,0,0,0,0,1,1,1,1,0,0,0,0,1,1,1,1,14,18,Unicorn_Absent,-1,-1.0,6,552,0.8875,32.0,0.3333333333333333,50.0,1.0,0.5,RIGHT,0.8875,0.0,1.0,18,UP,3,2
4180,27788627,51,277842,Absent,0,0,0,0,0,0,0,0,0,0,0,0,0,0,0,0,0,0,0,0,0,0,0,0,0,0,0,0,0,0,0,0,0,0,0,0,0,0,0,0,0,0,0,0,0,0,0,0,0,0,0,0,0,0,0,0,0,0,0,0,0,0,0,0,0,32,0,Unicorn_Absent,-1,-1.0,2,584,1.0,0.0,0.0,32.0,1.0,0.5,NOTHING,0.8875,0.3333333333333333,1.0,18,RIGHT,3,2
4186,27788627,54,277842,Absent,0,0,0,0,0,0,0,0,0,0,0,0,0,0,0,0,0,0,0,0,0,0,0,0,0,0,0,0,0,0,0,0,0,0,0,0,0,0,0,0,0,0,0,0,0,0,0,0,0,0,0,0,0,0,0,0,0,0,0,0,0,0,0,0,0,32,0,Unicorn_Absent,-1,-1.0,2,680,1.0,0.0,1.0,28.0,1.0,0.4375,NOTHING,1.0,0.0,1.0,0,NOTHING,3,2
4188,27788627,55,277842,Absent,0,0,0,0,0,0,0,0,0,0,0,0,0,0,0,0,0,0,0,0,0,0,0,0,0,0,0,0,0,0,0,0,0,0,0,0,0,0,0,0,0,0,0,0,0,0,0,0,0,0,0,0,0,0,0,0,0,0,0,0,0,0,0,0,0,32,0,Unicorn_Absent,-1,-1.0,2,712,1.0,0.0,1.0,28.0,1.0,0.4375,NOTHING,1.0,1.0,1.0,0,NOTHING,3,2
4190,27788627,56,277842,Absent,28,0,0,0,0,1,0,1,0,0,1,1,0,1,0,1,1,1,1,0,0,0,1,0,0,1,1,1,1,1,1,1,0,0,0,1,0,0,1,0,0,0,0,0,0,0,0,1,1,0,0,0,0,0,0,0,0,0,0,1,1,1,0,0,1,22,10,Unicorn_Absent,-1,-1.0,0,734,0.9375,25.0,0.0,43.0,0.30434782608695654,0.515625,RS,1.0,1.0,1.0,0,NOTHING,3,2
4196,27788627,59,277842,Absent,64,1,1,1,1,1,1,1,1,1,1,1,1,1,1,1,1,1,1,1,1,1,1,1,1,1,1,1,1,1,1,1,1,1,1,1,1,1,1,1,1,1,1,1,1,1,1,1,1,1,1,1,1,1,1,1,1,1,1,1,1,1,1,1,1,0,32,Unicorn_Absent,-1,-1.0,1,789,0.8,64.0,0.390625,64.0,0.30434782608695654,0.5,ALL,0.9375,0.0,0.30434782608695654,10,RS,3,2
4198,27788627,60,277842,Absent,32,1,1,1,1,0,0,0,0,1,1,1,1,0,0,0,0,1,1,1,1,0,0,0,0,1,1,1,1,0,0,0,0,1,1,1,1,0,0,0,0,1,1,1,1,0,0,0,0,1,1,1,1,0,0,0,0,1,1,1,1,0,0,0,0,32,0,Unicorn_Absent,-1,-1.0,5,821,1.0,32.0,0.5,32.0,0.5625,0.5,LEFT,0.8,0.390625,0.30434782608695654,32,ALL,3,2
4083,27788627,2,862727,Absent,0,0,0,0,0,0,0,0,0,0,0,0,0,0,0,0,0,0,0,0,0,0,0,0,0,0,0,0,0,0,0,0,0,0,0,0,0,0,0,0,0,0,0,0,0,0,0,0,0,0,0,0,0,0,0,0,0,0,0,0,0,0,0,0,0,32,0,Unicorn_Absent,-1,-1.0,2,-47,1.0,0.0,1.0,32.0,0.5625,0.5,NOTHING,,,,,,3,2
4085,27788627,3,862727,Absent,0,0,0,0,0,0,0,0,0,0,0,0,0,0,0,0,0,0,0,0,0,0,0,0,0,0,0,0,0,0,0,0,0,0,0,0,0,0,0,0,0,0,0,0,0,0,0,0,0,0,0,0,0,0,0,0,0,0,0,0,0,0,0,0,0,32,0,Unicorn_Absent,-1,-1.0,2,-15,1.0,0.0,1.0,32.0,0.0,0.5,NOTHING,1.0,1.0,0.5625,0,NOTHING,3,2
4089,27788627,5,862727,Absent,0,0,0,0,0,0,0,0,0,0,0,0,0,0,0,0,0,0,0,0,0,0,0,0,0,0,0,0,0,0,0,0,0,0,0,0,0,0,0,0,0,0,0,0,0,0,0,0,0,0,0,0,0,0,0,0,0,0,0,0,0,0,0,0,0,32,0,Unicorn_Absent,-1,-1.0,2,49,1.0,0.0,1.0,32.0,0.0,0.5,NOTHING,1.0,1.0,0.0,0,NOTHING,3,2
4093,27788627,7,862727,Absent,28,1,1,1,1,1,1,1,1,1,0,0,0,0,0,0,1,1,0,0,0,0,0,0,1,1,0,0,0,0,0,0,1,1,0,0,0,0,0,0,1,1,0,0,0,0,0,0,1,1,0,0,0,0,0,0,1,1,1,1,1,1,1,1,1,18,14,Unicorn_Absent,-1,-1.0,8,-15,0.9125,28.0,0.0,46.0,0.0,0.5,OUT,1.0,1.0,0.0,0,NOTHING,3,2
4097,27788627,9,862727,Absent,36,0,0,0,0,0,0,0,0,0,1,1,1,1,1,1,0,0,1,1,1,1,1,1,0,0,1,1,1,1,1,1,0,0,1,1,1,1,1,1,0,0,1,1,1,1,1,1,0,0,1,1,1,1,1,1,0,0,0,0,0,0,0,0,0,14,18,Unicorn_Absent,-1,-1.0,7,-101,0.8875,36.0,0.0,50.0,0.0,0.5,IN,0.9125,0.0,0.0,14,OUT,3,2
4101,27788627,11,862727,Absent,32,1,1,1,1,1,1,1,1,1,1,1,1,1,1,1,1,1,1,1,1,1,1,1,1,1,1,1,1,1,1,1,1,0,0,0,0,0,0,0,0,0,0,0,0,0,0,0,0,0,0,0,0,0,0,0,0,0,0,0,0,0,0,0,0,14,18,Unicorn_Absent,-1,-1.0,4,-55,0.8875,32.0,0.36,50.0,0.5,0.5,UP,0.8875,0.0,0.0,18,IN,3,2
4103,27788627,12,862727,Absent,32,1,1,1,1,1,1,1,1,1,1,1,1,1,1,1,1,1,1,1,1,1,1,1,1,1,1,1,1,1,1,1,1,0,0,0,0,0,0,0,0,0,0,0,0,0,0,0,0,0,0,0,0,0,0,0,0,0,0,0,0,0,0,0,0,14,18,Unicorn_Absent,-1,-1.0,4,-41,0.8875,32.0,1.0,50.0,0.5,0.5,UP,0.8875,0.36,0.5,18,UP,3,2
4109,27788627,15,862727,Absent,36,0,0,0,0,0,0,0,0,0,1,1,1,1,1,1,0,0,1,1,1,1,1,1,0,0,1,1,1,1,1,1,0,0,1,1,1,1,1,1,0,0,1,1,1,1,1,1,0,0,1,1,1,1,1,1,0,0,0,0,0,0,0,0,0,-4,36,Unicorn_Absent,-1,-1.0,7,-173,0.775,36.0,0.36,36.0,0.028985507246376774,0.0,IN,0.8875,1.0,0.5,18,UP,3,2
4111,27788627,16,862727,Absent,0,0,0,0,0,0,0,0,0,0,0,0,0,0,0,0,0,0,0,0,0,0,0,0,0,0,0,0,0,0,0,0,0,0,0,0,0,0,0,0,0,0,0,0,0,0,0,0,0,0,0,0,0,0,0,0,0,0,0,0,0,0,0,0,0,32,0,Unicorn_Absent,-1,-1.0,2,-141,1.0,0.0,0.0,64.0,0.028985507246376774,1.0,NOTHING,0.775,0.36,0.028985507246376774,36,IN,3,2
4113,27788627,17,862727,Absent,0,0,0,0,0,0,0,0,0,0,0,0,0,0,0,0,0,0,0,0,0,0,0,0,0,0,0,0,0,0,0,0,0,0,0,0,0,0,0,0,0,0,0,0,0,0,0,0,0,0,0,0,0,0,0,0,0,0,0,0,0,0,0,0,0,32,0,Unicorn_Absent,-1,-1.0,2,-109,1.0,0.0,1.0,64.0,1.0,1.0,NOTHING,1.0,0.0,0.028985507246376774,0,NOTHING,3,2
4115,27788627,18,862727,Absent,0,0,0,0,0,0,0,0,0,0,0,0,0,0,0,0,0,0,0,0,0,0,0,0,0,0,0,0,0,0,0,0,0,0,0,0,0,0,0,0,0,0,0,0,0,0,0,0,0,0,0,0,0,0,0,0,0,0,0,0,0,0,0,0,0,32,0,Unicorn_Absent,-1,-1.0,2,-77,1.0,0.0,1.0,64.0,1.0,1.0,NOTHING,1.0,1.0,1.0,0,NOTHING,3,2
4119,27788627,20,862727,Absent,28,1,1,1,1,1,1,1,1,1,0,0,0,0,0,0,1,1,0,0,0,0,0,0,1,1,0,0,0,0,0,0,1,1,0,0,0,0,0,0,1,1,0,0,0,0,0,0,1,1,0,0,0,0,0,0,1,1,1,1,1,1,1,1,1,18,14,Unicorn_Absent,-1,-1.0,8,-36,0.9125,28.0,0.0,46.0,0.026666666666666672,0.5,OUT,1.0,1.0,1.0,0,NOTHING,3,2
4121,27788627,21,862727,Absent,28,1,1,1,1,1,1,1,1,1,0,0,0,0,0,0,1,1,0,0,0,0,0,0,1,1,0,0,0,0,0,0,1,1,0,0,0,0,0,0,1,1,0,0,0,0,0,0,1,1,0,0,0,0,0,0,1,1,1,1,1,1,1,1,1,32,0,Unicorn_Absent,-1,-1.0,8,-4,1.0,28.0,1.0,28.0,0.026666666666666672,0.4375,OUT,0.9125,0.0,0.026666666666666672,14,OUT,3,2
4123,27788627,22,862727,Absent,36,0,0,0,0,0,0,0,0,0,1,1,1,1,1,1,0,0,1,1,1,1,1,1,0,0,1,1,1,1,1,1,0,0,1,1,1,1,1,1,0,0,1,1,1,1,1,1,0,0,1,1,1,1,1,1,0,0,0,0,0,0,0,0,0,32,0,Unicorn_Absent,-1,-1.0,7,28,1.0,36.0,0.0,36.0,0.028985507246376774,0.5625,IN,1.0,1.0,0.026666666666666672,0,OUT,3,2
4125,27788627,23,862727,Absent,36,0,0,0,0,0,0,0,0,0,1,1,1,1,1,1,0,0,1,1,1,1,1,1,0,0,1,1,1,1,1,1,0,0,1,1,1,1,1,1,0,0,1,1,1,1,1,1,0,0,1,1,1,1,1,1,0,0,0,0,0,0,0,0,0,14,18,Unicorn_Absent,-1,-1.0,7,42,0.8875,36.0,1.0,50.0,0.028985507246376774,0.5,IN,1.0,0.0,0.028985507246376774,0,IN,3,2
4129,27788627,25,862727,Absent,0,0,0,0,0,0,0,0,0,0,0,0,0,0,0,0,0,0,0,0,0,0,0,0,0,0,0,0,0,0,0,0,0,0,0,0,0,0,0,0,0,0,0,0,0,0,0,0,0,0,0,0,0,0,0,0,0,0,0,0,0,0,0,0,0,32,0,Unicorn_Absent,-1,-1.0,2,106,1.0,0.0,0.0,28.0,0.30434782608695654,0.4375,NOTHING,0.8875,1.0,0.028985507246376774,18,IN,3,2
4133,27788627,27,862727,Absent,0,0,0,0,0,0,0,0,0,0,0,0,0,0,0,0,0,0,0,0,0,0,0,0,0,0,0,0,0,0,0,0,0,0,0,0,0,0,0,0,0,0,0,0,0,0,0,0,0,0,0,0,0,0,0,0,0,0,0,0,0,0,0,0,0,32,0,Unicorn_Absent,-1,-1.0,2,170,1.0,0.0,1.0,64.0,0.30434782608695654,1.0,NOTHING,1.0,0.0,0.30434782608695654,0,NOTHING,3,2
4141,27788627,31,862727,Absent,0,0,0,0,0,0,0,0,0,0,0,0,0,0,0,0,0,0,0,0,0,0,0,0,0,0,0,0,0,0,0,0,0,0,0,0,0,0,0,0,0,0,0,0,0,0,0,0,0,0,0,0,0,0,0,0,0,0,0,0,0,0,0,0,0,32,0,Unicorn_Absent,-1,-1.0,2,298,1.0,0.0,1.0,64.0,0.0,1.0,NOTHING,1.0,1.0,0.30434782608695654,0,NOTHING,3,2
4143,27788627,32,862727,Absent,0,0,0,0,0,0,0,0,0,0,0,0,0,0,0,0,0,0,0,0,0,0,0,0,0,0,0,0,0,0,0,0,0,0,0,0,0,0,0,0,0,0,0,0,0,0,0,0,0,0,0,0,0,0,0,0,0,0,0,0,0,0,0,0,0,32,0,Unicorn_Absent,-1,-1.0,2,330,1.0,0.0,1.0,64.0,0.0,1.0,NOTHING,1.0,1.0,0.0,0,NOTHING,3,2
4147,27788627,34,862727,Absent,32,1,1,1,1,0,0,0,0,1,1,1,1,0,0,0,0,1,1,1,1,0,0,0,0,1,1,1,1,0,0,0,0,1,1,1,1,0,0,0,0,1,1,1,1,0,0,0,0,1,1,1,1,0,0,0,0,1,1,1,1,0,0,0,0,0,32,Unicorn_Absent,-1,-1.0,5,266,0.8,32.0,0.0,32.0,0.6666666666666667,0.0,LEFT,1.0,1.0,0.0,0,NOTHING,3,2
4151,27788627,36,862727,Absent,28,1,1,1,1,1,1,1,1,1,0,0,0,0,0,0,1,1,0,0,0,0,0,0,1,1,0,0,0,0,0,0,1,1,0,0,0,0,0,0,1,1,0,0,0,0,0,0,1,1,0,0,0,0,0,0,1,1,1,1,1,1,1,1,1,18,14,Unicorn_Absent,-1,-1.0,8,316,0.9125,28.0,0.30434782608695654,46.0,0.6666666666666667,0.5,OUT,0.8,0.0,0.6666666666666667,32,LEFT,3,2
4153,27788627,37,862727,Absent,36,0,0,0,0,0,0,0,0,0,1,1,1,1,1,1,0,0,1,1,1,1,1,1,0,0,1,1,1,1,1,1,0,0,1,1,1,1,1,1,0,0,1,1,1,1,1,1,0,0,1,1,1,1,1,1,0,0,0,0,0,0,0,0,0,14,18,Unicorn_Absent,-1,-1.0,7,330,0.8875,36.0,0.0,50.0,0.36,0.5,IN,0.9125,0.30434782608695654,0.6666666666666667,14,OUT,3,2
4159,27788627,40,862727,Absent,32,0,0,0,0,0,0,0,0,0,0,0,0,0,0,0,0,0,0,0,0,0,0,0,0,0,0,0,0,0,0,0,0,1,1,1,1,1,1,1,1,1,1,1,1,1,1,1,1,1,1,1,1,1,1,1,1,1,1,1,1,1,1,1,1,16,16,Unicorn_Absent,-1,-1.0,3,308,0.9,32.0,0.36,48.0,0.36,0.5,DOWN,0.8875,0.0,0.36,18,IN,3,2
4169,27788627,45,862727,Absent,32,0,0,0,0,1,1,1,1,0,0,0,0,1,1,1,1,0,0,0,0,1,1,1,1,0,0,0,0,1,1,1,1,0,0,0,0,1,1,1,1,0,0,0,0,1,1,1,1,0,0,0,0,1,1,1,1,0,0,0,0,1,1,1,1,18,14,Unicorn_Absent,-1,-1.0,6,432,0.9125,32.0,0.3333333333333333,46.0,0.6956521739130435,0.5,RIGHT,0.9,0.36,0.36,16,DOWN,3,2
4171,27788627,46,862727,Absent,28,1,1,1,1,1,1,1,1,1,0,0,0,0,0,0,1,1,0,0,0,0,0,0,1,1,0,0,0,0,0,0,1,1,0,0,0,0,0,0,1,1,0,0,0,0,0,0,1,1,0,0,0,0,0,0,1,1,1,1,1,1,1,1,1,32,0,Unicorn_Absent,-1,-1.0,8,464,1.0,28.0,0.30434782608695654,28.0,0.6956521739130435,0.4375,OUT,0.9125,0.3333333333333333,0.6956521739130435,14,RIGHT,3,2
4177,27788627,49,862727,Absent,36,0,0,0,0,0,0,0,0,0,1,1,1,1,1,1,0,0,1,1,1,1,1,1,0,0,1,1,1,1,1,1,0,0,1,1,1,1,1,1,0,0,1,1,1,1,1,1,0,0,1,1,1,1,1,1,0,0,0,0,0,0,0,0,0,14,18,Unicorn_Absent,-1,-1.0,7,538,0.8875,36.0,0.0,50.0,0.0,0.5,IN,1.0,0.30434782608695654,0.6956521739130435,0,OUT,3,2
4179,27788627,50,862727,Absent,36,0,0,0,0,0,0,0,0,0,1,1,1,1,1,1,0,0,1,1,1,1,1,1,0,0,1,1,1,1,1,1,0,0,1,1,1,1,1,1,0,0,1,1,1,1,1,1,0,0,1,1,1,1,1,1,0,0,0,0,0,0,0,0,0,14,18,Unicorn_Absent,-1,-1.0,7,552,0.8875,36.0,1.0,50.0,0.0,0.5,IN,0.8875,0.0,0.0,18,IN,3,2
4181,27788627,51,862727,Absent,32,1,1,1,1,1,1,1,1,1,1,1,1,1,1,1,1,1,1,1,1,1,1,1,1,1,1,1,1,1,1,1,1,0,0,0,0,0,0,0,0,0,0,0,0,0,0,0,0,0,0,0,0,0,0,0,0,0,0,0,0,0,0,0,0,32,0,Unicorn_Absent,-1,-1.0,4,584,1.0,32.0,0.36,32.0,1.0,0.5,UP,0.8875,1.0,0.0,18,IN,3,2
4187,27788627,54,862727,Absent,28,1,1,1,1,1,1,1,1,1,0,0,0,0,0,0,1,1,0,0,0,0,0,0,1,1,0,0,0,0,0,0,1,1,0,0,0,0,0,0,1,1,0,0,0,0,0,0,1,1,0,0,0,0,0,0,1,1,1,1,1,1,1,1,1,32,0,Unicorn_Absent,-1,-1.0,8,680,1.0,28.0,0.30434782608695654,28.0,1.0,0.4375,OUT,1.0,0.36,1.0,0,UP,3,2
4189,27788627,55,862727,Absent,28,1,1,1,1,1,1,1,1,1,0,0,0,0,0,0,1,1,0,0,0,0,0,0,1,1,0,0,0,0,0,0,1,1,0,0,0,0,0,0,1,1,0,0,0,0,0,0,1,1,0,0,0,0,0,0,1,1,1,1,1,1,1,1,1,32,0,Unicorn_Absent,-1,-1.0,8,712,1.0,28.0,1.0,28.0,0.08627717391304346,0.4375,OUT,1.0,0.30434782608695654,1.0,0,OUT,3,2
4191,27788627,56,862727,Absent,28,1,1,1,1,1,1,1,1,1,0,0,0,0,0,0,1,1,0,0,0,0,0,0,1,1,0,0,0,0,0,0,1,1,0,0,0,0,0,0,1,1,0,0,0,0,0,0,1,1,0,0,0,0,0,0,1,1,1,1,1,1,1,1,1,22,10,Unicorn_Absent,-1,-1.0,8,734,0.9375,28.0,1.0,43.0,0.08627717391304346,0.515625,OUT,1.0,1.0,0.08627717391304346,0,OUT,3,2
4197,27788627,59,862727,Absent,32,1,1,1,1,0,0,0,0,1,1,1,1,0,0,0,0,1,1,1,1,0,0,0,0,1,1,1,1,0,0,0,0,1,1,1,1,0,0,0,0,1,1,1,1,0,0,0,0,1,1,1,1,0,0,0,0,1,1,1,1,0,0,0,0,0,32,Unicorn_Absent,-1,-1.0,5,789,0.8,32.0,0.30434782608695654,64.0,0.5,0.5,LEFT,0.9375,1.0,0.08627717391304346,10,OUT,3,2
4199,27788627,60,862727,Absent,0,0,0,0,0,0,0,0,0,0,0,0,0,0,0,0,0,0,0,0,0,0,0,0,0,0,0,0,0,0,0,0,0,0,0,0,0,0,0,0,0,0,0,0,0,0,0,0,0,0,0,0,0,0,0,0,0,0,0,0,0,0,0,0,0,32,0,Unicorn_Absent,-1,-1.0,2,821,1.0,0.0,0.0,32.0,0.5,0.5,NOTHING,0.8,0.30434782608695654,0.5,32,LEFT,3,2
481,31201696,1,169642,Absent,45,0,1,0,1,0,0,0,0,1,0,1,0,0,1,1,1,1,1,0,1,1,0,0,1,0,1,1,1,1,0,1,0,0,1,0,0,0,1,1,0,0,0,1,1,1,0,1,0,0,1,1,1,1,1,1,1,1,1,0,1,1,1,0,0,32,0,Unicorn_Absent,-1,-1.0,9,32,1.0,36.0,1.0,36.0,0.0,0.5625,,,,,,,3,2
489,31201696,5,169642,Absent,32,0,0,0,0,1,1,1,1,0,0,0,0,1,1,1,1,0,0,0,0,1,1,1,1,0,0,0,0,1,1,1,1,0,0,0,0,1,1,1,1,0,0,0,0,1,1,1,1,0,0,0,0,1,1,1,1,0,0,0,0,1,1,1,1,16,16,Unicorn_Absent,-1,-1.0,6,38,0.9,32.0,0.3333333333333333,48.0,0.0,0.5,RIGHT,1.0,1.0,0.0,0,,3,2
491,31201696,6,169642,Absent,32,1,1,1,1,1,1,1,1,1,1,1,1,1,1,1,1,1,1,1,1,1,1,1,1,1,1,1,1,1,1,1,1,0,0,0,0,0,0,0,0,0,0,0,0,0,0,0,0,0,0,0,0,0,0,0,0,0,0,0,0,0,0,0,0,14,18,Unicorn_Absent,-1,-1.0,4,52,0.8875,32.0,0.3333333333333333,50.0,0.3333333333333333,0.5,UP,0.9,0.3333333333333333,0.0,16,RIGHT,3,2
499,31201696,10,169642,Absent,32,0,0,0,0,1,1,1,1,0,0,0,0,1,1,1,1,0,0,0,0,1,1,1,1,0,0,0,0,1,1,1,1,0,0,0,0,1,1,1,1,0,0,0,0,1,1,1,1,0,0,0,0,1,1,1,1,0,0,0,0,1,1,1,1,16,16,Unicorn_Absent,-1,-1.0,6,141,0.9,32.0,0.3333333333333333,48.0,0.3333333333333333,0.5,RIGHT,0.8875,0.3333333333333333,0.3333333333333333,18,UP,3,2
503,31201696,12,169642,Absent,32,1,1,1,1,1,1,1,1,1,1,1,1,1,1,1,1,1,1,1,1,1,1,1,1,1,1,1,1,1,1,1,1,0,0,0,0,0,0,0,0,0,0,0,0,0,0,0,0,0,0,0,0,0,0,0,0,0,0,0,0,0,0,0,0,14,18,Unicorn_Absent,-1,-1.0,4,91,0.8875,32.0,0.3333333333333333,50.0,0.026666666666666672,0.5,UP,0.9,0.3333333333333333,0.3333333333333333,16,RIGHT,3,2
515,31201696,18,169642,Absent,32,0,0,0,0,0,0,0,0,0,0,0,0,0,0,0,0,0,0,0,0,0,0,0,0,0,0,0,0,0,0,0,0,1,1,1,1,1,1,1,1,1,1,1,1,1,1,1,1,1,1,1,1,1,1,1,1,1,1,1,1,1,1,1,1,16,16,Unicorn_Absent,-1,-1.0,3,160,0.9,32.0,0.0,48.0,0.026666666666666672,0.5,DOWN,0.8875,0.3333333333333333,0.026666666666666672,18,UP,3,2
521,31201696,21,169642,Absent,32,1,1,1,1,0,0,0,0,1,1,1,1,0,0,0,0,1,1,1,1,0,0,0,0,1,1,1,1,0,0,0,0,1,1,1,1,0,0,0,0,1,1,1,1,0,0,0,0,1,1,1,1,0,0,0,0,1,1,1,1,0,0,0,0,0,32,Unicorn_Absent,-1,-1.0,5,113,0.8,32.0,0.3333333333333333,64.0,0.026666666666666672,0.5,LEFT,0.9,0.0,0.026666666666666672,16,DOWN,3,2
529,31201696,25,169642,Absent,32,1,1,1,1,0,0,0,0,1,1,1,1,0,0,0,0,1,1,1,1,0,0,0,0,1,1,1,1,0,0,0,0,1,1,1,1,0,0,0,0,1,1,1,1,0,0,0,0,1,1,1,1,0,0,0,0,1,1,1,1,0,0,0,0,16,16,Unicorn_Absent,-1,-1.0,5,7,0.9,32.0,1.0,48.0,0.026666666666666672,0.5,LEFT,0.8,0.3333333333333333,0.026666666666666672,32,LEFT,3,2
531,31201696,26,169642,Absent,28,1,1,1,1,1,1,1,1,1,0,0,0,0,0,0,1,1,0,0,0,0,0,0,1,1,0,0,0,0,0,0,1,1,0,0,0,0,0,0,1,1,0,0,0,0,0,0,1,1,0,0,0,0,0,0,1,1,1,1,1,1,1,1,1,32,0,Unicorn_Absent,-1,-1.0,8,39,1.0,28.0,0.30434782608695654,28.0,0.026666666666666672,0.4375,OUT,0.9,1.0,0.026666666666666672,16,LEFT,3,2
533,31201696,27,169642,Absent,28,1,1,1,1,1,1,1,1,1,0,0,0,0,0,0,1,1,0,0,0,0,0,0,1,1,0,0,0,0,0,0,1,1,0,0,0,0,0,0,1,1,0,0,0,0,0,0,1,1,0,0,0,0,0,0,1,1,1,1,1,1,1,1,1,18,14,Unicorn_Absent,-1,-1.0,8,57,0.9125,28.0,1.0,46.0,0.026666666666666672,0.5,OUT,1.0,0.30434782608695654,0.026666666666666672,0,OUT,3,2
535,31201696,28,169642,Absent,32,0,0,0,0,1,1,1,1,0,0,0,0,1,1,1,1,0,0,0,0,1,1,1,1,0,0,0,0,1,1,1,1,0,0,0,0,1,1,1,1,0,0,0,0,1,1,1,1,0,0,0,0,1,1,1,1,0,0,0,0,1,1,1,1,0,32,Unicorn_Absent,-1,-1.0,6,57,0.8,32.0,0.30434782608695654,64.0,0.36,0.5,RIGHT,0.9125,1.0,0.026666666666666672,14,OUT,3,2
537,31201696,29,169642,Absent,64,1,1,1,1,1,1,1,1,1,1,1,1,1,1,1,1,1,1,1,1,1,1,1,1,1,1,1,1,1,1,1,1,1,1,1,1,1,1,1,1,1,1,1,1,1,1,1,1,1,1,1,1,1,1,1,1,1,1,1,1,1,1,1,1,0,32,Unicorn_Absent,-1,-1.0,1,57,0.8,64.0,0.5,64.0,0.36,0.5,ALL,0.8,0.30434782608695654,0.36,32,RIGHT,3,2
539,31201696,30,169642,Absent,32,1,1,1,1,1,1,1,1,1,1,1,1,1,1,1,1,1,1,1,1,1,1,1,1,1,1,1,1,1,1,1,1,0,0,0,0,0,0,0,0,0,0,0,0,0,0,0,0,0,0,0,0,0,0,0,0,0,0,0,0,0,0,0,0,32,0,Unicorn_Absent,-1,-1.0,4,89,1.0,32.0,0.5,32.0,0.16666666666666669,0.5,UP,0.8,0.5,0.36,32,ALL,3,2
543,31201696,32,169642,Absent,32,0,0,0,0,0,0,0,0,0,0,0,0,0,0,0,0,0,0,0,0,0,0,0,0,0,0,0,0,0,0,0,0,1,1,1,1,1,1,1,1,1,1,1,1,1,1,1,1,1,1,1,1,1,1,1,1,1,1,1,1,1,1,1,1,16,16,Unicorn_Absent,-1,-1.0,3,41,0.9,32.0,0.0,48.0,0.16666666666666669,0.5,DOWN,1.0,0.5,0.16666666666666669,0,UP,3,2
545,31201696,33,169642,Absent,0,0,0,0,0,0,0,0,0,0,0,0,0,0,0,0,0,0,0,0,0,0,0,0,0,0,0,0,0,0,0,0,0,0,0,0,0,0,0,0,0,0,0,0,0,0,0,0,0,0,0,0,0,0,0,0,0,0,0,0,0,0,0,0,0,32,0,Unicorn_Absent,-1,-1.0,2,73,1.0,0.0,0.0,36.0,0.5,0.5625,NOTHING,0.9,0.0,0.16666666666666669,16,DOWN,3,2
547,31201696,34,169642,Absent,0,0,0,0,0,0,0,0,0,0,0,0,0,0,0,0,0,0,0,0,0,0,0,0,0,0,0,0,0,0,0,0,0,0,0,0,0,0,0,0,0,0,0,0,0,0,0,0,0,0,0,0,0,0,0,0,0,0,0,0,0,0,0,0,0,32,0,Unicorn_Absent,-1,-1.0,2,105,1.0,0.0,1.0,36.0,0.5,0.5625,NOTHING,1.0,0.0,0.5,0,NOTHING,3,2
553,31201696,37,169642,Absent,28,1,1,1,1,1,1,1,1,1,0,0,0,0,0,0,1,1,0,0,0,0,0,0,1,1,0,0,0,0,0,0,1,1,0,0,0,0,0,0,1,1,0,0,0,0,0,0,1,1,0,0,0,0,0,0,1,1,1,1,1,1,1,1,1,18,14,Unicorn_Absent,-1,-1.0,8,91,0.9125,28.0,0.0,46.0,0.30434782608695654,0.5,OUT,1.0,1.0,0.5,0,NOTHING,3,2
555,31201696,38,169642,Absent,32,0,0,0,0,1,1,1,1,0,0,0,0,1,1,1,1,0,0,0,0,1,1,1,1,0,0,0,0,1,1,1,1,0,0,0,0,1,1,1,1,0,0,0,0,1,1,1,1,0,0,0,0,1,1,1,1,0,0,0,0,1,1,1,1,16,16,Unicorn_Absent,-1,-1.0,6,107,0.9,32.0,0.30434782608695654,48.0,0.30434782608695654,0.5,RIGHT,0.9125,0.0,0.30434782608695654,14,OUT,3,2
561,31201696,41,169642,Absent,28,1,1,1,1,1,1,1,1,1,0,0,0,0,0,0,1,1,0,0,0,0,0,0,1,1,0,0,0,0,0,0,1,1,0,0,0,0,0,0,1,1,0,0,0,0,0,0,1,1,0,0,0,0,0,0,1,1,1,1,1,1,1,1,1,18,14,Unicorn_Absent,-1,-1.0,8,181,0.9125,28.0,0.30434782608695654,46.0,1.0,0.5,OUT,0.9,0.30434782608695654,0.30434782608695654,16,RIGHT,3,2
567,31201696,44,169642,Absent,0,0,0,0,0,0,0,0,0,0,0,0,0,0,0,0,0,0,0,0,0,0,0,0,0,0,0,0,0,0,0,0,0,0,0,0,0,0,0,0,0,0,0,0,0,0,0,0,0,0,0,0,0,0,0,0,0,0,0,0,0,0,0,0,0,32,0,Unicorn_Absent,-1,-1.0,2,265,1.0,0.0,0.0,28.0,1.0,0.4375,NOTHING,0.9125,0.30434782608695654,1.0,14,OUT,3,2
569,31201696,45,169642,Absent,0,0,0,0,0,0,0,0,0,0,0,0,0,0,0,0,0,0,0,0,0,0,0,0,0,0,0,0,0,0,0,0,0,0,0,0,0,0,0,0,0,0,0,0,0,0,0,0,0,0,0,0,0,0,0,0,0,0,0,0,0,0,0,0,0,32,0,Unicorn_Absent,-1,-1.0,2,297,1.0,0.0,1.0,28.0,0.19565217391304346,0.4375,NOTHING,1.0,0.0,1.0,0,NOTHING,3,2
571,31201696,46,169642,Absent,0,0,0,0,0,0,0,0,0,0,0,0,0,0,0,0,0,0,0,0,0,0,0,0,0,0,0,0,0,0,0,0,0,0,0,0,0,0,0,0,0,0,0,0,0,0,0,0,0,0,0,0,0,0,0,0,0,0,0,0,0,0,0,0,0,32,0,Unicorn_Absent,-1,-1.0,2,329,1.0,0.0,1.0,28.0,0.19565217391304346,0.4375,NOTHING,1.0,1.0,0.19565217391304346,0,NOTHING,3,2
579,31201696,50,169642,Absent,64,1,1,1,1,1,1,1,1,1,1,1,1,1,1,1,1,1,1,1,1,1,1,1,1,1,1,1,1,1,1,1,1,1,1,1,1,1,1,1,1,1,1,1,1,1,1,1,1,1,1,1,1,1,1,1,1,1,1,1,1,1,1,1,1,-32,64,Unicorn_Absent,-1,-1.0,1,289,0.6,64.0,0.0,64.0,0.0,0.0,ALL,1.0,1.0,0.19565217391304346,0,NOTHING,3,2
581,31201696,51,169642,Absent,32,1,1,1,1,0,0,0,0,1,1,1,1,0,0,0,0,1,1,1,1,0,0,0,0,1,1,1,1,0,0,0,0,1,1,1,1,0,0,0,0,1,1,1,1,0,0,0,0,1,1,1,1,0,0,0,0,1,1,1,1,0,0,0,0,18,14,Unicorn_Absent,-1,-1.0,5,307,0.9125,32.0,0.5,46.0,0.0,0.5,LEFT,0.6,0.0,0.0,64,ALL,3,2
583,31201696,52,169642,Absent,28,1,1,1,1,1,1,1,1,1,0,0,0,0,0,0,1,1,0,0,0,0,0,0,1,1,0,0,0,0,0,0,1,1,0,0,0,0,0,0,1,1,0,0,0,0,0,0,1,1,0,0,0,0,0,0,1,1,1,1,1,1,1,1,1,4,28,Unicorn_Absent,-1,-1.0,8,311,0.825,28.0,0.30434782608695654,64.0,0.5,0.5625,OUT,0.9125,0.5,0.0,14,LEFT,3,2
585,31201696,53,169642,Absent,36,0,0,0,0,0,0,0,0,0,1,1,1,1,1,1,0,0,1,1,1,1,1,1,0,0,1,1,1,1,1,1,0,0,1,1,1,1,1,1,0,0,1,1,1,1,1,1,0,0,1,1,1,1,1,1,0,0,0,0,0,0,0,0,0,14,18,Unicorn_Absent,-1,-1.0,7,325,0.8875,36.0,0.0,50.0,0.5,0.5,IN,0.825,0.30434782608695654,0.5,28,OUT,3,2
593,31201696,57,169642,Absent,32,1,1,1,1,1,1,1,1,1,1,1,1,1,1,1,1,1,1,1,1,1,1,1,1,1,1,1,1,1,1,1,1,0,0,0,0,0,0,0,0,0,0,0,0,0,0,0,0,0,0,0,0,0,0,0,0,0,0,0,0,0,0,0,0,16,16,Unicorn_Absent,-1,-1.0,4,327,0.9,32.0,0.36,48.0,0.0,0.5,UP,0.8875,0.0,0.5,18,IN,3,2
595,31201696,58,169642,Absent,28,1,1,1,1,1,1,1,1,1,0,0,0,0,0,0,1,1,0,0,0,0,0,0,1,1,0,0,0,0,0,0,1,1,0,0,0,0,0,0,1,1,0,0,0,0,0,0,1,1,0,0,0,0,0,0,1,1,1,1,1,1,1,1,1,18,14,Unicorn_Absent,-1,-1.0,8,345,0.9125,28.0,0.30434782608695654,46.0,0.0,0.5,OUT,0.9,0.36,0.0,16,UP,3,2
597,31201696,59,169642,Absent,64,1,1,1,1,1,1,1,1,1,1,1,1,1,1,1,1,1,1,1,1,1,1,1,1,1,1,1,1,1,1,1,1,1,1,1,1,1,1,1,1,1,1,1,1,1,1,1,1,1,1,1,1,1,1,1,1,1,1,1,1,1,1,1,1,0,32,Unicorn_Absent,-1,-1.0,1,345,0.8,64.0,0.4375,64.0,0.36,0.5,ALL,0.9125,0.30434782608695654,0.0,14,OUT,3,2
480,31201696,1,312055,Absent,0,0,0,0,0,0,0,0,0,0,0,0,0,0,0,0,0,0,0,0,0,0,0,0,0,0,0,0,0,0,0,0,0,0,0,0,0,0,0,0,0,0,0,0,0,0,0,0,0,0,0,0,0,0,0,0,0,0,0,0,0,0,0,0,0,32,0,Unicorn_Absent,-1,-1.0,0,32,1.0,0.0,1.0,36.0,0.36,0.5625,RS,,,,,,3,2
488,31201696,5,312055,Absent,32,1,1,1,1,1,1,1,1,1,1,1,1,1,1,1,1,1,1,1,1,1,1,1,1,1,1,1,1,1,1,1,1,0,0,0,0,0,0,0,0,0,0,0,0,0,0,0,0,0,0,0,0,0,0,0,0,0,0,0,0,0,0,0,0,16,16,Unicorn_Absent,-1,-1.0,4,38,0.9,32.0,0.0,48.0,0.0,0.5,UP,1.0,1.0,0.36,0,RS,3,2
490,31201696,6,312055,Absent,36,0,0,0,0,0,0,0,0,0,1,1,1,1,1,1,0,0,1,1,1,1,1,1,0,0,1,1,1,1,1,1,0,0,1,1,1,1,1,1,0,0,1,1,1,1,1,1,0,0,1,1,1,1,1,1,0,0,0,0,0,0,0,0,0,14,18,Unicorn_Absent,-1,-1.0,7,52,0.8875,36.0,0.36,50.0,0.0,0.5,IN,0.9,0.0,0.0,16,UP,3,2
498,31201696,10,312055,Absent,32,0,0,0,0,0,0,0,0,0,0,0,0,0,0,0,0,0,0,0,0,0,0,0,0,0,0,0,0,0,0,0,0,1,1,1,1,1,1,1,1,1,1,1,1,1,1,1,1,1,1,1,1,1,1,1,1,1,1,1,1,1,1,1,1,16,16,Unicorn_Absent,-1,-1.0,3,141,0.9,32.0,0.36,48.0,0.36,0.5,DOWN,0.8875,0.36,0.0,18,IN,3,2
502,31201696,12,312055,Absent,36,0,0,0,0,0,0,0,0,0,1,1,1,1,1,1,0,0,1,1,1,1,1,1,0,0,1,1,1,1,1,1,0,0,1,1,1,1,1,1,0,0,1,1,1,1,1,1,0,0,1,1,1,1,1,1,0,0,0,0,0,0,0,0,0,14,18,Unicorn_Absent,-1,-1.0,7,91,0.8875,36.0,0.36,50.0,0.36,0.5,IN,0.9,0.36,0.36,16,DOWN,3,2
514,31201696,18,312055,Absent,32,0,0,0,0,1,1,1,1,0,0,0,0,1,1,1,1,0,0,0,0,1,1,1,1,0,0,0,0,1,1,1,1,0,0,0,0,1,1,1,1,0,0,0,0,1,1,1,1,0,0,0,0,1,1,1,1,0,0,0,0,1,1,1,1,16,16,Unicorn_Absent,-1,-1.0,6,160,0.9,32.0,0.36,48.0,0.6956521739130435,0.5,RIGHT,0.8875,0.36,0.36,18,IN,3,2
520,31201696,21,312055,Absent,64,1,1,1,1,1,1,1,1,1,1,1,1,1,1,1,1,1,1,1,1,1,1,1,1,1,1,1,1,1,1,1,1,1,1,1,1,1,1,1,1,1,1,1,1,1,1,1,1,1,1,1,1,1,1,1,1,1,1,1,1,1,1,1,1,0,32,Unicorn_Absent,-1,-1.0,1,113,0.8,64.0,0.5,64.0,0.6956521739130435,0.5,ALL,0.9,0.36,0.6956521739130435,16,RIGHT,3,2
528,31201696,25,312055,Absent,32,0,0,0,0,0,0,0,0,0,0,0,0,0,0,0,0,0,0,0,0,0,0,0,0,0,0,0,0,0,0,0,0,1,1,1,1,1,1,1,1,1,1,1,1,1,1,1,1,1,1,1,1,1,1,1,1,1,1,1,1,1,1,1,1,16,16,Unicorn_Absent,-1,-1.0,3,7,0.9,32.0,0.5,48.0,0.6956521739130435,0.5,DOWN,0.8,0.5,0.6956521739130435,32,ALL,3,2
530,31201696,26,312055,Absent,0,0,0,0,0,0,0,0,0,0,0,0,0,0,0,0,0,0,0,0,0,0,0,0,0,0,0,0,0,0,0,0,0,0,0,0,0,0,0,0,0,0,0,0,0,0,0,0,0,0,0,0,0,0,0,0,0,0,0,0,0,0,0,0,0,32,0,Unicorn_Absent,-1,-1.0,2,39,1.0,0.0,0.0,28.0,0.6956521739130435,0.4375,NOTHING,0.9,0.5,0.6956521739130435,16,DOWN,3,2
532,31201696,27,312055,Absent,32,0,0,0,0,0,0,0,0,0,0,0,0,0,0,0,0,0,0,0,0,0,0,0,0,0,0,0,0,0,0,0,0,1,1,1,1,1,1,1,1,1,1,1,1,1,1,1,1,1,1,1,1,1,1,1,1,1,1,1,1,1,1,1,1,18,14,Unicorn_Absent,-1,-1.0,3,57,0.9125,32.0,0.0,46.0,0.30434782608695654,0.5,DOWN,1.0,0.0,0.6956521739130435,0,NOTHING,3,2
534,31201696,28,312055,Absent,64,1,1,1,1,1,1,1,1,1,1,1,1,1,1,1,1,1,1,1,1,1,1,1,1,1,1,1,1,1,1,1,1,1,1,1,1,1,1,1,1,1,1,1,1,1,1,1,1,1,1,1,1,1,1,1,1,1,1,1,1,1,1,1,1,0,32,Unicorn_Absent,-1,-1.0,1,57,0.8,64.0,0.5,64.0,0.30434782608695654,0.5,ALL,0.9125,0.0,0.30434782608695654,14,DOWN,3,2
536,31201696,29,312055,Absent,32,1,1,1,1,0,0,0,0,1,1,1,1,0,0,0,0,1,1,1,1,0,0,0,0,1,1,1,1,0,0,0,0,1,1,1,1,0,0,0,0,1,1,1,1,0,0,0,0,1,1,1,1,0,0,0,0,1,1,1,1,0,0,0,0,0,32,Unicorn_Absent,-1,-1.0,5,57,0.8,32.0,0.5,64.0,0.0,0.5,LEFT,0.8,0.5,0.30434782608695654,32,ALL,3,2
538,31201696,30,312055,Absent,0,0,0,0,0,0,0,0,0,0,0,0,0,0,0,0,0,0,0,0,0,0,0,0,0,0,0,0,0,0,0,0,0,0,0,0,0,0,0,0,0,0,0,0,0,0,0,0,0,0,0,0,0,0,0,0,0,0,0,0,0,0,0,0,0,32,0,Unicorn_Absent,-1,-1.0,2,89,1.0,0.0,0.0,32.0,0.0,0.5,NOTHING,0.8,0.5,0.0,32,LEFT,3,2
542,31201696,32,312055,Absent,32,1,1,1,1,0,0,0,0,1,1,1,1,0,0,0,0,1,1,1,1,0,0,0,0,1,1,1,1,0,0,0,0,1,1,1,1,0,0,0,0,1,1,1,1,0,0,0,0,1,1,1,1,0,0,0,0,1,1,1,1,0,0,0,0,16,16,Unicorn_Absent,-1,-1.0,5,41,0.9,32.0,0.0,48.0,0.0,0.5,LEFT,1.0,0.0,0.0,0,NOTHING,3,2
544,31201696,33,312055,Absent,36,0,0,0,0,0,0,0,0,0,1,1,1,1,1,1,0,0,1,1,1,1,1,1,0,0,1,1,1,1,1,1,0,0,1,1,1,1,1,1,0,0,1,1,1,1,1,1,0,0,1,1,1,1,1,1,0,0,0,0,0,0,0,0,0,32,0,Unicorn_Absent,-1,-1.0,7,73,1.0,36.0,0.36,36.0,0.0,0.5625,IN,0.9,0.0,0.0,16,LEFT,3,2
546,31201696,34,312055,Absent,36,0,0,0,0,0,0,0,0,0,1,1,1,1,1,1,0,0,1,1,1,1,1,1,0,0,1,1,1,1,1,1,0,0,1,1,1,1,1,1,0,0,1,1,1,1,1,1,0,0,1,1,1,1,1,1,0,0,0,0,0,0,0,0,0,32,0,Unicorn_Absent,-1,-1.0,7,105,1.0,36.0,1.0,36.0,0.4375,0.5625,IN,1.0,0.36,0.0,0,IN,3,2
552,31201696,37,312055,Absent,32,0,0,0,0,0,0,0,0,0,0,0,0,0,0,0,0,0,0,0,0,0,0,0,0,0,0,0,0,0,0,0,0,1,1,1,1,1,1,1,1,1,1,1,1,1,1,1,1,1,1,1,1,1,1,1,1,1,1,1,1,1,1,1,1,18,14,Unicorn_Absent,-1,-1.0,3,91,0.9125,32.0,0.36,46.0,0.4375,0.5,DOWN,1.0,1.0,0.4375,0,IN,3,2
554,31201696,38,312055,Absent,32,0,0,0,0,0,0,0,0,0,0,0,0,0,0,0,0,0,0,0,0,0,0,0,0,0,0,0,0,0,0,0,0,1,1,1,1,1,1,1,1,1,1,1,1,1,1,1,1,1,1,1,1,1,1,1,1,1,1,1,1,1,1,1,1,16,16,Unicorn_Absent,-1,-1.0,3,107,0.9,32.0,1.0,48.0,0.0625,0.5,DOWN,0.9125,0.36,0.4375,14,DOWN,3,2
560,31201696,41,312055,Absent,32,0,0,0,0,0,0,0,0,0,0,0,0,0,0,0,0,0,0,0,0,0,0,0,0,0,0,0,0,0,0,0,0,1,1,1,1,1,1,1,1,1,1,1,1,1,1,1,1,1,1,1,1,1,1,1,1,1,1,1,1,1,1,1,1,18,14,Unicorn_Absent,-1,-1.0,3,181,0.9125,32.0,1.0,46.0,0.0625,0.5,DOWN,0.9,1.0,0.0625,16,DOWN,3,2
566,31201696,44,312055,Absent,28,1,1,1,1,1,1,1,1,1,0,0,0,0,0,0,1,1,0,0,0,0,0,0,1,1,0,0,0,0,0,0,1,1,0,0,0,0,0,0,1,1,0,0,0,0,0,0,1,1,0,0,0,0,0,0,1,1,1,1,1,1,1,1,1,32,0,Unicorn_Absent,-1,-1.0,8,265,1.0,28.0,0.30434782608695654,28.0,0.13315217391304346,0.4375,OUT,0.9125,1.0,0.0625,14,DOWN,3,2
568,31201696,45,312055,Absent,28,1,1,1,1,1,1,1,1,1,0,0,0,0,0,0,1,1,0,0,0,0,0,0,1,1,0,0,0,0,0,0,1,1,0,0,0,0,0,0,1,1,0,0,0,0,0,0,1,1,0,0,0,0,0,0,1,1,1,1,1,1,1,1,1,32,0,Unicorn_Absent,-1,-1.0,8,297,1.0,28.0,1.0,28.0,0.13315217391304346,0.4375,OUT,1.0,0.30434782608695654,0.13315217391304346,0,OUT,3,2
570,31201696,46,312055,Absent,28,1,1,1,1,1,1,1,1,1,0,0,0,0,0,0,1,1,0,0,0,0,0,0,1,1,0,0,0,0,0,0,1,1,0,0,0,0,0,0,1,1,0,0,0,0,0,0,1,1,0,0,0,0,0,0,1,1,1,1,1,1,1,1,1,32,0,Unicorn_Absent,-1,-1.0,8,329,1.0,28.0,1.0,28.0,0.5,0.4375,OUT,1.0,1.0,0.13315217391304346,0,OUT,3,2
578,31201696,50,312055,Absent,64,1,1,1,1,1,1,1,1,1,1,1,1,1,1,1,1,1,1,1,1,1,1,1,1,1,1,1,1,1,1,1,1,1,1,1,1,1,1,1,1,1,1,1,1,1,1,1,1,1,1,1,1,1,1,1,1,1,1,1,1,1,1,1,1,-32,64,Unicorn_Absent,-1,-1.0,1,289,0.6,64.0,0.4375,64.0,0.5,0.0,ALL,1.0,1.0,0.5,0,OUT,3,2
580,31201696,51,312055,Absent,28,1,1,1,1,1,1,1,1,1,0,0,0,0,0,0,1,1,0,0,0,0,0,0,1,1,0,0,0,0,0,0,1,1,0,0,0,0,0,0,1,1,0,0,0,0,0,0,1,1,0,0,0,0,0,0,1,1,1,1,1,1,1,1,1,18,14,Unicorn_Absent,-1,-1.0,8,307,0.9125,28.0,0.4375,46.0,0.64,0.5,OUT,0.6,0.4375,0.5,64,ALL,3,2
582,31201696,52,312055,Absent,64,1,1,1,1,1,1,1,1,1,1,1,1,1,1,1,1,1,1,1,1,1,1,1,1,1,1,1,1,1,1,1,1,1,1,1,1,1,1,1,1,1,1,1,1,1,1,1,1,1,1,1,1,1,1,1,1,1,1,1,1,1,1,1,1,4,28,Unicorn_Absent,-1,-1.0,1,311,0.825,64.0,0.4375,64.0,0.64,0.5625,ALL,0.9125,0.4375,0.64,14,OUT,3,2
584,31201696,53,312055,Absent,32,1,1,1,1,0,0,0,0,1,1,1,1,0,0,0,0,1,1,1,1,0,0,0,0,1,1,1,1,0,0,0,0,1,1,1,1,0,0,0,0,1,1,1,1,0,0,0,0,1,1,1,1,0,0,0,0,1,1,1,1,0,0,0,0,14,18,Unicorn_Absent,-1,-1.0,5,325,0.8875,32.0,0.5,50.0,0.028985507246376774,0.5,LEFT,0.825,0.4375,0.64,28,ALL,3,2
592,31201696,57,312055,Absent,32,1,1,1,1,0,0,0,0,1,1,1,1,0,0,0,0,1,1,1,1,0,0,0,0,1,1,1,1,0,0,0,0,1,1,1,1,0,0,0,0,1,1,1,1,0,0,0,0,1,1,1,1,0,0,0,0,1,1,1,1,0,0,0,0,16,16,Unicorn_Absent,-1,-1.0,5,327,0.9,32.0,1.0,48.0,0.028985507246376774,0.5,LEFT,0.8875,0.5,0.028985507246376774,18,LEFT,3,2
594,31201696,58,312055,Absent,32,1,1,1,1,1,1,1,1,1,1,1,1,1,1,1,1,1,1,1,1,1,1,1,1,1,1,1,1,1,1,1,1,0,0,0,0,0,0,0,0,0,0,0,0,0,0,0,0,0,0,0,0,0,0,0,0,0,0,0,0,0,0,0,0,18,14,Unicorn_Absent,-1,-1.0,4,345,0.9125,32.0,0.3333333333333333,46.0,0.4375,0.5,UP,0.9,1.0,0.028985507246376774,16,LEFT,3,2
596,31201696,59,312055,Absent,32,0,0,0,0,0,0,0,0,0,0,0,0,0,0,0,0,0,0,0,0,0,0,0,0,0,0,0,0,0,0,0,0,1,1,1,1,1,1,1,1,1,1,1,1,1,1,1,1,1,1,1,1,1,1,1,1,1,1,1,1,1,1,1,1,0,32,Unicorn_Absent,-1,-1.0,3,345,0.8,32.0,0.0,64.0,0.4375,0.5,DOWN,0.9125,0.3333333333333333,0.4375,14,UP,3,2
4320,31855511,1,318528,Absent,3,0,0,0,0,0,0,0,0,0,0,0,0,0,0,0,0,0,1,0,0,0,0,0,0,0,0,0,0,0,0,0,0,0,0,0,0,0,0,0,0,0,0,0,0,0,1,0,0,0,0,0,0,0,0,0,0,0,0,1,0,0,0,0,0,30,2,Unicorn_Absent,-1,-1.0,0,30,0.9875,3.0,1.0,36.0,0.0,0.53125,RS,,,,,,3,2
4328,31855511,5,318528,Absent,36,0,0,0,0,0,0,0,0,0,1,1,1,1,1,1,0,0,1,1,1,1,1,1,0,0,1,1,1,1,1,1,0,0,1,1,1,1,1,1,0,0,1,1,1,1,1,1,0,0,1,1,1,1,1,1,0,0,0,0,0,0,0,0,0,14,18,Unicorn_Absent,-1,-1.0,7,124,0.8875,36.0,0.05405405405405406,50.0,0.0,0.5,IN,0.9875,1.0,0.0,2,RS,3,2
4330,31855511,6,318528,Absent,28,1,1,1,1,1,1,1,1,1,0,0,0,0,0,0,1,1,0,0,0,0,0,0,1,1,0,0,0,0,0,0,1,1,0,0,0,0,0,0,1,1,0,0,0,0,0,0,1,1,0,0,0,0,0,0,1,1,1,1,1,1,1,1,1,18,14,Unicorn_Absent,-1,-1.0,8,142,0.9125,28.0,0.0,46.0,0.31329288472145617,0.5,OUT,0.8875,0.05405405405405406,0.0,18,IN,3,2
4336,31855511,9,318528,Absent,32,1,1,1,1,0,0,0,0,1,1,1,1,0,0,0,0,1,1,1,1,0,0,0,0,1,1,1,1,0,0,0,0,1,1,1,1,0,0,0,0,1,1,1,1,0,0,0,0,1,1,1,1,0,0,0,0,1,1,1,1,0,0,0,0,14,18,Unicorn_Absent,-1,-1.0,5,89,0.8875,32.0,0.30434782608695654,50.0,0.31329288472145617,0.5,LEFT,0.9125,0.0,0.31329288472145617,14,OUT,3,2
4338,31855511,10,318528,Absent,32,0,0,0,0,0,0,0,0,0,0,0,0,0,0,0,0,0,0,0,0,0,0,0,0,0,0,0,0,0,0,0,0,1,1,1,1,1,1,1,1,1,1,1,1,1,1,1,1,1,1,1,1,1,1,1,1,1,1,1,1,1,1,1,1,18,14,Unicorn_Absent,-1,-1.0,3,107,0.9125,32.0,0.3333333333333333,46.0,0.3333333333333333,0.5,DOWN,0.8875,0.30434782608695654,0.31329288472145617,18,LEFT,3,2
4340,31855511,11,318528,Absent,0,0,0,0,0,0,0,0,0,0,0,0,0,0,0,0,0,0,0,0,0,0,0,0,0,0,0,0,0,0,0,0,0,0,0,0,0,0,0,0,0,0,0,0,0,0,0,0,0,0,0,0,0,0,0,0,0,0,0,0,0,0,0,0,0,32,0,Unicorn_Absent,-1,-1.0,2,139,1.0,0.0,0.0,32.0,0.3333333333333333,0.5,NOTHING,0.9125,0.3333333333333333,0.3333333333333333,14,DOWN,3,2
4348,31855511,15,318528,Absent,32,0,0,0,0,1,1,1,1,0,0,0,0,1,1,1,1,0,0,0,0,1,1,1,1,0,0,0,0,1,1,1,1,0,0,0,0,1,1,1,1,0,0,0,0,1,1,1,1,0,0,0,0,1,1,1,1,0,0,0,0,1,1,1,1,0,32,Unicorn_Absent,-1,-1.0,6,-10,0.8,32.0,0.0,32.0,0.055652173913043446,0.0,RIGHT,1.0,0.0,0.3333333333333333,0,NOTHING,3,2
4350,31855511,16,318528,Absent,28,1,1,1,1,1,1,1,1,1,0,0,0,0,0,0,1,1,0,0,0,0,0,0,1,1,0,0,0,0,0,0,1,1,0,0,0,0,0,0,1,1,0,0,0,0,0,0,1,1,0,0,0,0,0,0,1,1,1,1,1,1,1,1,1,18,14,Unicorn_Absent,-1,-1.0,8,8,0.9125,28.0,0.30434782608695654,46.0,0.055652173913043446,0.5,OUT,0.8,0.0,0.055652173913043446,32,RIGHT,3,2
4352,31855511,17,318528,Absent,32,0,0,0,0,0,0,0,0,0,0,0,0,0,0,0,0,0,0,0,0,0,0,0,0,0,0,0,0,0,0,0,0,1,1,1,1,1,1,1,1,1,1,1,1,1,1,1,1,1,1,1,1,1,1,1,1,1,1,1,1,1,1,1,1,27,5,Unicorn_Absent,-1,-1.0,3,35,0.96875,32.0,0.30434782608695654,40.0,0.3333333333333333,0.546875,DOWN,0.9125,0.30434782608695654,0.055652173913043446,14,OUT,3,2
4354,31855511,18,318528,Absent,32,0,0,0,0,0,0,0,0,0,0,0,0,0,0,0,0,0,0,0,0,0,0,0,0,0,0,0,0,0,0,0,0,1,1,1,1,1,1,1,1,1,1,1,1,1,1,1,1,1,1,1,1,1,1,1,1,1,1,1,1,1,1,1,1,32,0,Unicorn_Absent,-1,-1.0,3,67,1.0,32.0,1.0,64.0,0.3333333333333333,1.0,DOWN,0.96875,0.30434782608695654,0.3333333333333333,5,DOWN,3,2
4358,31855511,20,318528,Absent,0,0,0,0,0,0,0,0,0,0,0,0,0,0,0,0,0,0,0,0,0,0,0,0,0,0,0,0,0,0,0,0,0,0,0,0,0,0,0,0,0,0,0,0,0,0,0,0,0,0,0,0,0,0,0,0,0,0,0,0,0,0,0,0,0,32,0,Unicorn_Absent,-1,-1.0,2,120,1.0,0.0,0.0,28.0,0.30434782608695654,0.4375,NOTHING,1.0,1.0,0.3333333333333333,0,DOWN,3,2
4362,31855511,22,318528,Absent,32,1,1,1,1,0,0,0,0,1,1,1,1,0,0,0,0,1,1,1,1,0,0,0,0,1,1,1,1,0,0,0,0,1,1,1,1,0,0,0,0,1,1,1,1,0,0,0,0,1,1,1,1,0,0,0,0,1,1,1,1,0,0,0,0,14,18,Unicorn_Absent,-1,-1.0,5,70,0.8875,32.0,0.0,50.0,0.30434782608695654,0.5,LEFT,1.0,0.0,0.30434782608695654,0,NOTHING,3,2
4370,31855511,26,318528,Absent,28,1,1,1,1,1,1,1,1,1,0,0,0,0,0,0,1,1,0,0,0,0,0,0,1,1,0,0,0,0,0,0,1,1,0,0,0,0,0,0,1,1,0,0,0,0,0,0,1,1,0,0,0,0,0,0,1,1,1,1,1,1,1,1,1,19,13,Unicorn_Absent,-1,-1.0,8,70,0.91875,28.0,0.30434782608695654,41.0,0.3333333333333333,0.4375,OUT,0.8875,0.0,0.30434782608695654,18,LEFT,3,2
4374,31855511,28,318528,Absent,0,0,0,0,0,0,0,0,0,0,0,0,0,0,0,0,0,0,0,0,0,0,0,0,0,0,0,0,0,0,0,0,0,0,0,0,0,0,0,0,0,0,0,0,0,0,0,0,0,0,0,0,0,0,0,0,0,0,0,0,0,0,0,0,0,32,0,Unicorn_Absent,-1,-1.0,2,38,1.0,0.0,0.0,0.0,0.3333333333333333,0.0,NOTHING,0.91875,0.30434782608695654,0.3333333333333333,13,OUT,3,2
4376,31855511,29,318528,Absent,0,0,0,0,0,0,0,0,0,0,0,0,0,0,0,0,0,0,0,0,0,0,0,0,0,0,0,0,0,0,0,0,0,0,0,0,0,0,0,0,0,0,0,0,0,0,0,0,0,0,0,0,0,0,0,0,0,0,0,0,0,0,0,0,0,32,0,Unicorn_Absent,-1,-1.0,2,70,1.0,0.0,1.0,0.0,0.30434782608695654,0.0,NOTHING,1.0,0.0,0.3333333333333333,0,NOTHING,3,2
4380,31855511,31,318528,Absent,32,1,1,1,1,0,0,0,0,1,1,1,1,0,0,0,0,1,1,1,1,0,0,0,0,1,1,1,1,0,0,0,0,1,1,1,1,0,0,0,0,1,1,1,1,0,0,0,0,1,1,1,1,0,0,0,0,1,1,1,1,0,0,0,0,18,14,Unicorn_Absent,-1,-1.0,5,24,0.9125,32.0,0.0,46.0,0.30434782608695654,0.5,LEFT,1.0,1.0,0.30434782608695654,0,NOTHING,3,2
4382,31855511,32,318528,Absent,32,0,0,0,0,0,0,0,0,0,0,0,0,0,0,0,0,0,0,0,0,0,0,0,0,0,0,0,0,0,0,0,0,1,1,1,1,1,1,1,1,1,1,1,1,1,1,1,1,1,1,1,1,1,1,1,1,1,1,1,1,1,1,1,1,0,32,Unicorn_Absent,-1,-1.0,3,24,0.8,32.0,0.3333333333333333,32.0,0.12013729977116708,0.0,DOWN,0.9125,0.0,0.30434782608695654,14,LEFT,3,2
4386,31855511,34,318528,Absent,28,1,1,1,1,1,1,1,1,1,0,0,0,0,0,0,1,1,0,0,0,0,0,0,1,1,0,0,0,0,0,0,1,1,0,0,0,0,0,0,1,1,0,0,0,0,0,0,1,1,0,0,0,0,0,0,1,1,1,1,1,1,1,1,1,32,0,Unicorn_Absent,-1,-1.0,8,88,1.0,28.0,0.30434782608695654,64.0,0.12013729977116708,1.0,OUT,0.8,0.3333333333333333,0.12013729977116708,32,DOWN,3,2
4392,31855511,37,318528,Absent,28,1,1,1,1,1,1,1,1,1,0,0,0,0,0,0,1,1,0,0,0,0,0,0,1,1,0,0,0,0,0,0,1,1,0,0,0,0,0,0,1,1,0,0,0,0,0,0,1,1,0,0,0,0,0,0,1,1,1,1,1,1,1,1,1,32,0,Unicorn_Absent,-1,-1.0,8,184,1.0,28.0,1.0,64.0,0.7837837837837838,1.0,OUT,1.0,0.30434782608695654,0.12013729977116708,0,OUT,3,2
4394,31855511,38,318528,Absent,28,1,1,1,1,1,1,1,1,1,0,0,0,0,0,0,1,1,0,0,0,0,0,0,1,1,0,0,0,0,0,0,1,1,0,0,0,0,0,0,1,1,0,0,0,0,0,0,1,1,0,0,0,0,0,0,1,1,1,1,1,1,1,1,1,32,0,Unicorn_Absent,-1,-1.0,8,216,1.0,28.0,1.0,64.0,0.7837837837837838,1.0,OUT,1.0,1.0,0.7837837837837838,0,OUT,3,2
4400,31855511,41,318528,Absent,28,1,1,1,1,1,1,1,1,1,0,0,0,0,0,0,1,1,0,0,0,0,0,0,1,1,0,0,0,0,0,0,1,1,0,0,0,0,0,0,1,1,0,0,0,0,0,0,1,1,0,0,0,0,0,0,1,1,1,1,1,1,1,1,1,32,0,Unicorn_Absent,-1,-1.0,8,312,1.0,28.0,1.0,64.0,0.30434782608695654,1.0,OUT,1.0,1.0,0.7837837837837838,0,OUT,3,2
4412,31855511,47,318528,Absent,32,0,0,0,0,1,1,1,1,0,0,0,0,1,1,1,1,0,0,0,0,1,1,1,1,0,0,0,0,1,1,1,1,0,0,0,0,1,1,1,1,0,0,0,0,1,1,1,1,0,0,0,0,1,1,1,1,0,0,0,0,1,1,1,1,0,32,Unicorn_Absent,-1,-1.0,6,258,0.8,32.0,0.30434782608695654,32.0,0.30434782608695654,0.0,RIGHT,1.0,1.0,0.30434782608695654,0,OUT,3,2
4414,31855511,48,318528,Absent,0,0,0,0,0,0,0,0,0,0,0,0,0,0,0,0,0,0,0,0,0,0,0,0,0,0,0,0,0,0,0,0,0,0,0,0,0,0,0,0,0,0,0,0,0,0,0,0,0,0,0,0,0,0,0,0,0,0,0,0,0,0,0,0,0,32,0,Unicorn_Absent,-1,-1.0,2,290,1.0,0.0,0.0,64.0,0.0,1.0,NOTHING,0.8,0.30434782608695654,0.30434782608695654,32,RIGHT,3,2
4416,31855511,49,318528,Absent,0,0,0,0,0,0,0,0,0,0,0,0,0,0,0,0,0,0,0,0,0,0,0,0,0,0,0,0,0,0,0,0,0,0,0,0,0,0,0,0,0,0,0,0,0,0,0,0,0,0,0,0,0,0,0,0,0,0,0,0,0,0,0,0,0,32,0,Unicorn_Absent,-1,-1.0,2,322,1.0,0.0,1.0,32.0,0.0,0.5,NOTHING,1.0,0.0,0.0,0,NOTHING,3,2
4418,31855511,50,318528,Absent,0,0,0,0,0,0,0,0,0,0,0,0,0,0,0,0,0,0,0,0,0,0,0,0,0,0,0,0,0,0,0,0,0,0,0,0,0,0,0,0,0,0,0,0,0,0,0,0,0,0,0,0,0,0,0,0,0,0,0,0,0,0,0,0,0,32,0,Unicorn_Absent,-1,-1.0,2,354,1.0,0.0,1.0,32.0,0.03904170363797693,0.5,NOTHING,1.0,1.0,0.0,0,NOTHING,3,2
4420,31855511,51,318528,Absent,36,0,0,0,0,0,0,0,0,0,1,1,1,1,1,1,0,0,1,1,1,1,1,1,0,0,1,1,1,1,1,1,0,0,1,1,1,1,1,1,0,0,1,1,1,1,1,1,0,0,1,1,1,1,1,1,0,0,0,0,0,0,0,0,0,14,18,Unicorn_Absent,-1,-1.0,7,368,0.8875,36.0,0.0,50.0,0.03904170363797693,0.5,IN,1.0,1.0,0.03904170363797693,0,NOTHING,3,2
4422,31855511,52,318528,Absent,64,1,1,1,1,1,1,1,1,1,1,1,1,1,1,1,1,1,1,1,1,1,1,1,1,1,1,1,1,1,1,1,1,1,1,1,1,1,1,1,1,1,1,1,1,1,1,1,1,1,1,1,1,1,1,1,1,1,1,1,1,1,1,1,1,0,32,Unicorn_Absent,-1,-1.0,1,368,0.8,64.0,0.5625,64.0,0.0,0.5,ALL,0.8875,0.0,0.03904170363797693,18,IN,3,2
4428,31855511,55,318528,Absent,32,0,0,0,0,0,0,0,0,0,0,0,0,0,0,0,0,0,0,0,0,0,0,0,0,0,0,0,0,0,0,0,0,1,1,1,1,1,1,1,1,1,1,1,1,1,1,1,1,1,1,1,1,1,1,1,1,1,1,1,1,1,1,1,1,0,32,Unicorn_Absent,-1,-1.0,3,432,0.8,32.0,0.5,64.0,0.0,0.5,DOWN,0.8,0.5625,0.0,32,ALL,3,2
4436,31855511,59,318528,Absent,0,0,0,0,0,0,0,0,0,0,0,0,0,0,0,0,0,0,0,0,0,0,0,0,0,0,0,0,0,0,0,0,0,0,0,0,0,0,0,0,0,0,0,0,0,0,0,0,0,0,0,0,0,0,0,0,0,0,0,0,0,0,0,0,0,32,0,Unicorn_Absent,-1,-1.0,2,421,1.0,0.0,0.0,32.0,0.0,0.5,NOTHING,0.8,0.5,0.0,32,DOWN,3,2
4321,31855511,1,551132,Absent,47,1,0,0,0,1,0,0,1,1,1,1,0,0,1,1,1,0,1,1,0,0,0,0,0,1,1,0,1,1,1,0,0,1,0,0,1,1,1,1,0,0,1,1,0,1,0,0,1,0,0,1,1,1,1,1,1,0,0,1,1,1,1,0,0,30,2,Unicorn_Absent,-1,-1.0,9,30,0.9875,35.0,1.0,36.0,0.0,0.53125,,,,,,,3,2
4329,31855511,5,551132,Absent,32,0,0,0,0,1,1,1,1,0,0,0,0,1,1,1,1,0,0,0,0,1,1,1,1,0,0,0,0,1,1,1,1,0,0,0,0,1,1,1,1,0,0,0,0,1,1,1,1,0,0,0,0,1,1,1,1,0,0,0,0,1,1,1,1,14,18,Unicorn_Absent,-1,-1.0,6,124,0.8875,32.0,0.3673469387755102,50.0,0.0,0.5,RIGHT,0.9875,1.0,0.0,2,,3,2
4331,31855511,6,551132,Absent,32,0,0,0,0,0,0,0,0,0,0,0,0,0,0,0,0,0,0,0,0,0,0,0,0,0,0,0,0,0,0,0,0,1,1,1,1,1,1,1,1,1,1,1,1,1,1,1,1,1,1,1,1,1,1,1,1,1,1,1,1,1,1,1,1,18,14,Unicorn_Absent,-1,-1.0,3,142,0.9125,32.0,0.3333333333333333,46.0,0.0,0.5,DOWN,0.8875,0.3673469387755102,0.0,18,RIGHT,3,2
4337,31855511,9,551132,Absent,36,0,0,0,0,0,0,0,0,0,1,1,1,1,1,1,0,0,1,1,1,1,1,1,0,0,1,1,1,1,1,1,0,0,1,1,1,1,1,1,0,0,1,1,1,1,1,1,0,0,1,1,1,1,1,1,0,0,0,0,0,0,0,0,0,14,18,Unicorn_Absent,-1,-1.0,7,89,0.8875,36.0,0.36,50.0,0.028985507246376774,0.5,IN,0.9125,0.3333333333333333,0.0,14,DOWN,3,2
4339,31855511,10,551132,Absent,28,1,1,1,1,1,1,1,1,1,0,0,0,0,0,0,1,1,0,0,0,0,0,0,1,1,0,0,0,0,0,0,1,1,0,0,0,0,0,0,1,1,0,0,0,0,0,0,1,1,0,0,0,0,0,0,1,1,1,1,1,1,1,1,1,18,14,Unicorn_Absent,-1,-1.0,8,107,0.9125,28.0,0.0,46.0,0.028985507246376774,0.5,OUT,0.8875,0.36,0.028985507246376774,18,IN,3,2
4341,31855511,11,551132,Absent,32,0,0,0,0,0,0,0,0,0,0,0,0,0,0,0,0,0,0,0,0,0,0,0,0,0,0,0,0,0,0,0,0,1,1,1,1,1,1,1,1,1,1,1,1,1,1,1,1,1,1,1,1,1,1,1,1,1,1,1,1,1,1,1,1,32,0,Unicorn_Absent,-1,-1.0,3,139,1.0,32.0,0.30434782608695654,32.0,0.055652173913043446,0.5,DOWN,0.9125,0.0,0.028985507246376774,14,OUT,3,2
4349,31855511,15,551132,Absent,32,0,0,0,0,1,1,1,1,0,0,0,0,1,1,1,1,0,0,0,0,1,1,1,1,0,0,0,0,1,1,1,1,0,0,0,0,1,1,1,1,0,0,0,0,1,1,1,1,0,0,0,0,1,1,1,1,0,0,0,0,1,1,1,1,0,32,Unicorn_Absent,-1,-1.0,6,-10,0.8,32.0,0.3333333333333333,32.0,0.055652173913043446,0.0,RIGHT,1.0,0.30434782608695654,0.055652173913043446,0,DOWN,3,2
4351,31855511,16,551132,Absent,32,1,1,1,1,0,0,0,0,1,1,1,1,0,0,0,0,1,1,1,1,0,0,0,0,1,1,1,1,0,0,0,0,1,1,1,1,0,0,0,0,1,1,1,1,0,0,0,0,1,1,1,1,0,0,0,0,1,1,1,1,0,0,0,0,18,14,Unicorn_Absent,-1,-1.0,5,8,0.9125,32.0,0.0,46.0,0.0,0.5,LEFT,0.8,0.3333333333333333,0.055652173913043446,32,RIGHT,3,2
4353,31855511,17,551132,Absent,14,0,0,0,0,1,0,0,0,0,0,0,1,1,0,0,0,0,0,1,1,0,0,0,0,1,0,1,0,0,0,0,1,0,0,0,0,0,0,0,0,0,0,0,0,1,0,1,0,0,1,0,0,0,1,0,0,0,0,1,0,0,0,0,0,27,5,Unicorn_Absent,-1,-1.0,9,35,0.96875,13.0,0.18421052631578946,40.0,0.0,0.546875,,0.9125,0.0,0.0,14,LEFT,3,2
4355,31855511,18,551132,Absent,32,1,1,1,1,1,1,1,1,1,1,1,1,1,1,1,1,1,1,1,1,1,1,1,1,1,1,1,1,1,1,1,1,0,0,0,0,0,0,0,0,0,0,0,0,0,0,0,0,0,0,0,0,0,0,0,0,0,0,0,0,0,0,0,0,32,0,Unicorn_Absent,-1,-1.0,4,67,1.0,32.0,0.21621621621621623,64.0,0.0,1.0,UP,0.96875,0.18421052631578946,0.0,5,,3,2
4359,31855511,20,551132,Absent,28,1,1,1,1,1,1,1,1,1,0,0,0,0,0,0,1,1,0,0,0,0,0,0,1,1,0,0,0,0,0,0,1,1,0,0,0,0,0,0,1,1,0,0,0,0,0,0,1,1,0,0,0,0,0,0,1,1,1,1,1,1,1,1,1,32,0,Unicorn_Absent,-1,-1.0,8,120,1.0,28.0,0.30434782608695654,28.0,0.0,0.4375,OUT,1.0,0.21621621621621623,0.0,0,UP,3,2
4363,31855511,22,551132,Absent,36,0,0,0,0,0,0,0,0,0,1,1,1,1,1,1,0,0,1,1,1,1,1,1,0,0,1,1,1,1,1,1,0,0,1,1,1,1,1,1,0,0,1,1,1,1,1,1,0,0,1,1,1,1,1,1,0,0,0,0,0,0,0,0,0,14,18,Unicorn_Absent,-1,-1.0,7,70,0.8875,36.0,0.0,50.0,0.0,0.5,IN,1.0,0.30434782608695654,0.0,0,OUT,3,2
4371,31855511,26,551132,Absent,33,0,0,0,0,0,1,0,0,1,1,0,1,1,0,1,1,1,0,1,1,0,1,0,0,1,1,0,1,0,0,0,1,1,0,0,1,0,0,0,1,1,1,1,0,0,0,0,0,1,1,0,0,0,0,0,0,1,0,0,0,1,0,1,0,19,13,Unicorn_Absent,-1,-1.0,9,70,0.91875,26.0,0.2653061224489796,41.0,0.0,0.4375,,0.8875,0.0,0.0,18,IN,3,2
4375,31855511,28,551132,Absent,0,0,0,0,0,0,0,0,0,0,0,0,0,0,0,0,0,0,0,0,0,0,0,0,0,0,0,0,0,0,0,0,0,0,0,0,0,0,0,0,0,0,0,0,0,0,0,0,0,0,0,0,0,0,0,0,0,0,0,0,0,0,0,0,0,32,0,Unicorn_Absent,-1,-1.0,2,38,1.0,0.0,0.0,0.0,0.055652173913043446,0.0,NOTHING,0.91875,0.2653061224489796,0.0,13,,3,2
4377,31855511,29,551132,Absent,0,0,0,0,0,0,0,0,0,0,0,0,0,0,0,0,0,0,0,0,0,0,0,0,0,0,0,0,0,0,0,0,0,0,0,0,0,0,0,0,0,0,0,0,0,0,0,0,0,0,0,0,0,0,0,0,0,0,0,0,0,0,0,0,0,32,0,Unicorn_Absent,-1,-1.0,2,70,1.0,0.0,1.0,0.0,0.055652173913043446,0.0,NOTHING,1.0,0.0,0.055652173913043446,0,NOTHING,3,2
4381,31855511,31,551132,Absent,28,1,1,1,1,1,1,1,1,1,0,0,0,0,0,0,1,1,0,0,0,0,0,0,1,1,0,0,0,0,0,0,1,1,0,0,0,0,0,0,1,1,0,0,0,0,0,0,1,1,0,0,0,0,0,0,1,1,1,1,1,1,1,1,1,18,14,Unicorn_Absent,-1,-1.0,8,24,0.9125,28.0,0.0,46.0,0.5,0.5,OUT,1.0,1.0,0.055652173913043446,0,NOTHING,3,2
4383,31855511,32,551132,Absent,32,0,0,0,0,0,0,0,0,0,0,0,0,0,0,0,0,0,0,0,0,0,0,0,0,0,0,0,0,0,0,0,0,1,1,1,1,1,1,1,1,1,1,1,1,1,1,1,1,1,1,1,1,1,1,1,1,1,1,1,1,1,1,1,1,0,32,Unicorn_Absent,-1,-1.0,3,24,0.8,32.0,0.30434782608695654,32.0,0.5,0.0,DOWN,0.9125,0.0,0.5,14,OUT,3,2
4387,31855511,34,551132,Absent,36,0,0,0,0,0,0,0,0,0,1,1,1,1,1,1,0,0,1,1,1,1,1,1,0,0,1,1,1,1,1,1,0,0,1,1,1,1,1,1,0,0,1,1,1,1,1,1,0,0,1,1,1,1,1,1,0,0,0,0,0,0,0,0,0,32,0,Unicorn_Absent,-1,-1.0,7,88,1.0,36.0,0.36,64.0,0.5,1.0,IN,0.8,0.30434782608695654,0.5,32,DOWN,3,2
4393,31855511,37,551132,Absent,36,0,0,0,0,0,0,0,0,0,1,1,1,1,1,1,0,0,1,1,1,1,1,1,0,0,1,1,1,1,1,1,0,0,1,1,1,1,1,1,0,0,1,1,1,1,1,1,0,0,1,1,1,1,1,1,0,0,0,0,0,0,0,0,0,32,0,Unicorn_Absent,-1,-1.0,7,184,1.0,36.0,1.0,64.0,0.5,1.0,IN,1.0,0.36,0.5,0,IN,3,2
4395,31855511,38,551132,Absent,36,0,0,0,0,0,0,0,0,0,1,1,1,1,1,1,0,0,1,1,1,1,1,1,0,0,1,1,1,1,1,1,0,0,1,1,1,1,1,1,0,0,1,1,1,1,1,1,0,0,1,1,1,1,1,1,0,0,0,0,0,0,0,0,0,32,0,Unicorn_Absent,-1,-1.0,7,216,1.0,36.0,1.0,64.0,0.0,1.0,IN,1.0,1.0,0.5,0,IN,3,2
4401,31855511,41,551132,Absent,36,0,0,0,0,0,0,0,0,0,1,1,1,1,1,1,0,0,1,1,1,1,1,1,0,0,1,1,1,1,1,1,0,0,1,1,1,1,1,1,0,0,1,1,1,1,1,1,0,0,1,1,1,1,1,1,0,0,0,0,0,0,0,0,0,32,0,Unicorn_Absent,-1,-1.0,7,312,1.0,36.0,1.0,64.0,0.0,1.0,IN,1.0,1.0,0.0,0,IN,3,2
4413,31855511,47,551132,Absent,32,0,0,0,0,1,1,1,1,0,0,0,0,1,1,1,1,0,0,0,0,1,1,1,1,0,0,0,0,1,1,1,1,0,0,0,0,1,1,1,1,0,0,0,0,1,1,1,1,0,0,0,0,1,1,1,1,0,0,0,0,1,1,1,1,0,32,Unicorn_Absent,-1,-1.0,6,258,0.8,32.0,0.36,32.0,1.0,0.0,RIGHT,1.0,1.0,0.0,0,IN,3,2
4415,31855511,48,551132,Absent,64,1,1,1,1,1,1,1,1,1,1,1,1,1,1,1,1,1,1,1,1,1,1,1,1,1,1,1,1,1,1,1,1,1,1,1,1,1,1,1,1,1,1,1,1,1,1,1,1,1,1,1,1,1,1,1,1,1,1,1,1,1,1,1,1,32,0,Unicorn_Absent,-1,-1.0,1,290,1.0,64.0,0.5,64.0,1.0,1.0,ALL,0.8,0.36,1.0,32,RIGHT,3,2
4417,31855511,49,551132,Absent,32,0,0,0,0,0,0,0,0,0,0,0,0,0,0,0,0,0,0,0,0,0,0,0,0,0,0,0,0,0,0,0,0,1,1,1,1,1,1,1,1,1,1,1,1,1,1,1,1,1,1,1,1,1,1,1,1,1,1,1,1,1,1,1,1,32,0,Unicorn_Absent,-1,-1.0,3,322,1.0,32.0,0.5,32.0,0.4375,0.5,DOWN,1.0,0.5,1.0,0,ALL,3,2
4419,31855511,50,551132,Absent,32,0,0,0,0,0,0,0,0,0,0,0,0,0,0,0,0,0,0,0,0,0,0,0,0,0,0,0,0,0,0,0,0,1,1,1,1,1,1,1,1,1,1,1,1,1,1,1,1,1,1,1,1,1,1,1,1,1,1,1,1,1,1,1,1,32,0,Unicorn_Absent,-1,-1.0,3,354,1.0,32.0,1.0,32.0,0.4375,0.5,DOWN,1.0,0.5,0.4375,0,DOWN,3,2
4421,31855511,51,551132,Absent,32,0,0,0,0,0,0,0,0,0,0,0,0,0,0,0,0,0,0,0,0,0,0,0,0,0,0,0,0,0,0,0,0,1,1,1,1,1,1,1,1,1,1,1,1,1,1,1,1,1,1,1,1,1,1,1,1,1,1,1,1,1,1,1,1,14,18,Unicorn_Absent,-1,-1.0,3,368,0.8875,32.0,1.0,50.0,0.0,0.5,DOWN,1.0,1.0,0.4375,0,DOWN,3,2
4423,31855511,52,551132,Absent,32,0,0,0,0,0,0,0,0,0,0,0,0,0,0,0,0,0,0,0,0,0,0,0,0,0,0,0,0,0,0,0,0,1,1,1,1,1,1,1,1,1,1,1,1,1,1,1,1,1,1,1,1,1,1,1,1,1,1,1,1,1,1,1,1,0,32,Unicorn_Absent,-1,-1.0,3,368,0.8,32.0,1.0,64.0,0.0,0.5,DOWN,0.8875,1.0,0.0,18,DOWN,3,2
4429,31855511,55,551132,Absent,64,1,1,1,1,1,1,1,1,1,1,1,1,1,1,1,1,1,1,1,1,1,1,1,1,1,1,1,1,1,1,1,1,1,1,1,1,1,1,1,1,1,1,1,1,1,1,1,1,1,1,1,1,1,1,1,1,1,1,1,1,1,1,1,1,0,32,Unicorn_Absent,-1,-1.0,1,432,0.8,64.0,0.5,64.0,0.5,0.5,ALL,0.8,1.0,0.0,32,DOWN,3,2
4437,31855511,59,551132,Absent,32,0,0,0,0,1,1,1,1,0,0,0,0,1,1,1,1,0,0,0,0,1,1,1,1,0,0,0,0,1,1,1,1,0,0,0,0,1,1,1,1,0,0,0,0,1,1,1,1,0,0,0,0,1,1,1,1,0,0,0,0,1,1,1,1,32,0,Unicorn_Absent,-1,-1.0,6,421,1.0,32.0,0.5,32.0,0.5,0.5,RIGHT,0.8,0.5,0.5,32,ALL,3,2
3600,33806268,1,338026,Absent,8,0,0,0,0,0,0,0,0,1,0,0,0,0,0,0,0,0,0,0,0,0,0,0,0,0,0,0,0,0,0,0,1,0,0,0,0,1,0,0,0,0,0,1,0,0,1,0,0,1,0,0,0,0,0,0,0,0,0,0,0,1,0,1,0,31,1,Unicorn_Absent,-1,-1.0,0,31,0.99375,8.0,1.0,32.0,0.0,0.484375,RS,,,,,,3,2
3606,33806268,4,338026,Absent,32,0,0,0,0,1,1,1,1,0,0,0,0,1,1,1,1,0,0,0,0,1,1,1,1,0,0,0,0,1,1,1,1,0,0,0,0,1,1,1,1,0,0,0,0,1,1,1,1,0,0,0,0,1,1,1,1,0,0,0,0,1,1,1,1,16,16,Unicorn_Absent,-1,-1.0,6,-17,0.9,32.0,0.14285714285714285,48.0,0.0,0.5,RIGHT,0.99375,1.0,0.0,1,RS,3,2
3610,33806268,6,338026,Absent,32,1,1,1,1,1,1,1,1,1,1,1,1,1,1,1,1,1,1,1,1,1,1,1,1,1,1,1,1,1,1,1,1,0,0,0,0,0,0,0,0,0,0,0,0,0,0,0,0,0,0,0,0,0,0,0,0,0,0,0,0,0,0,0,0,14,18,Unicorn_Absent,-1,-1.0,4,29,0.8875,32.0,0.3333333333333333,50.0,0.09627329192546585,0.5,UP,0.9,0.14285714285714285,0.0,16,RIGHT,3,2
3612,33806268,7,338026,Absent,32,0,0,0,0,0,0,0,0,0,0,0,0,0,0,0,0,0,0,0,0,0,0,0,0,0,0,0,0,0,0,0,0,1,1,1,1,1,1,1,1,1,1,1,1,1,1,1,1,1,1,1,1,1,1,1,1,1,1,1,1,1,1,1,1,32,0,Unicorn_Absent,-1,-1.0,3,61,1.0,32.0,0.0,64.0,0.09627329192546585,1.0,DOWN,0.8875,0.3333333333333333,0.09627329192546585,18,UP,3,2
3614,33806268,8,338026,Absent,32,0,0,0,0,0,0,0,0,0,0,0,0,0,0,0,0,0,0,0,0,0,0,0,0,0,0,0,0,0,0,0,0,1,1,1,1,1,1,1,1,1,1,1,1,1,1,1,1,1,1,1,1,1,1,1,1,1,1,1,1,1,1,1,1,32,0,Unicorn_Absent,-1,-1.0,3,93,1.0,32.0,1.0,64.0,0.026666666666666672,1.0,DOWN,1.0,0.0,0.09627329192546585,0,DOWN,3,2
3620,33806268,11,338026,Absent,32,0,0,0,0,0,0,0,0,0,0,0,0,0,0,0,0,0,0,0,0,0,0,0,0,0,0,0,0,0,0,0,0,1,1,1,1,1,1,1,1,1,1,1,1,1,1,1,1,1,1,1,1,1,1,1,1,1,1,1,1,1,1,1,1,16,16,Unicorn_Absent,-1,-1.0,3,173,0.9,32.0,1.0,48.0,0.026666666666666672,0.5,DOWN,1.0,1.0,0.026666666666666672,0,DOWN,3,2
3622,33806268,12,338026,Absent,0,0,0,0,0,0,0,0,0,0,0,0,0,0,0,0,0,0,0,0,0,0,0,0,0,0,0,0,0,0,0,0,0,0,0,0,0,0,0,0,0,0,0,0,0,0,0,0,0,0,0,0,0,0,0,0,0,0,0,0,0,0,0,0,0,32,0,Unicorn_Absent,-1,-1.0,2,205,1.0,0.0,0.0,28.0,0.36,0.4375,NOTHING,0.9,1.0,0.026666666666666672,16,DOWN,3,2
3632,33806268,17,338026,Absent,32,0,0,0,0,1,1,1,1,0,0,0,0,1,1,1,1,0,0,0,0,1,1,1,1,0,0,0,0,1,1,1,1,0,0,0,0,1,1,1,1,0,0,0,0,1,1,1,1,0,0,0,0,1,1,1,1,0,0,0,0,1,1,1,1,16,16,Unicorn_Absent,-1,-1.0,6,45,0.9,32.0,0.0,48.0,0.36,0.5,RIGHT,1.0,0.0,0.36,0,NOTHING,3,2
3634,33806268,18,338026,Absent,32,1,1,1,1,0,0,0,0,1,1,1,1,0,0,0,0,1,1,1,1,0,0,0,0,1,1,1,1,0,0,0,0,1,1,1,1,0,0,0,0,1,1,1,1,0,0,0,0,1,1,1,1,0,0,0,0,1,1,1,1,0,0,0,0,16,16,Unicorn_Absent,-1,-1.0,5,61,0.9,32.0,0.0,48.0,0.0,0.5,LEFT,0.9,0.0,0.36,16,RIGHT,3,2
3636,33806268,19,338026,Absent,32,0,0,0,0,1,1,1,1,0,0,0,0,1,1,1,1,0,0,0,0,1,1,1,1,0,0,0,0,1,1,1,1,0,0,0,0,1,1,1,1,0,0,0,0,1,1,1,1,0,0,0,0,1,1,1,1,0,0,0,0,1,1,1,1,16,16,Unicorn_Absent,-1,-1.0,6,77,0.9,32.0,0.0,48.0,0.0,0.5,RIGHT,0.9,0.0,0.0,16,LEFT,3,2
3640,33806268,21,338026,Absent,28,1,1,1,1,1,1,1,1,1,0,0,0,0,0,0,1,1,0,0,0,0,0,0,1,1,0,0,0,0,0,0,1,1,0,0,0,0,0,0,1,1,0,0,0,0,0,0,1,1,0,0,0,0,0,0,1,1,1,1,1,1,1,1,1,18,14,Unicorn_Absent,-1,-1.0,8,127,0.9125,28.0,0.30434782608695654,46.0,0.6666666666666667,0.5,OUT,0.9,0.0,0.0,16,RIGHT,3,2
3642,33806268,22,338026,Absent,28,1,1,1,1,1,1,1,1,1,0,0,0,0,0,0,1,1,0,0,0,0,0,0,1,1,0,0,0,0,0,0,1,1,0,0,0,0,0,0,1,1,0,0,0,0,0,0,1,1,0,0,0,0,0,0,1,1,1,1,1,1,1,1,1,32,0,Unicorn_Absent,-1,-1.0,8,159,1.0,28.0,1.0,28.0,0.6666666666666667,0.4375,OUT,0.9125,0.30434782608695654,0.6666666666666667,14,OUT,3,2
3646,33806268,24,338026,Absent,32,1,1,1,1,1,1,1,1,1,1,1,1,1,1,1,1,1,1,1,1,1,1,1,1,1,1,1,1,1,1,1,1,0,0,0,0,0,0,0,0,0,0,0,0,0,0,0,0,0,0,0,0,0,0,0,0,0,0,0,0,0,0,0,0,0,32,Unicorn_Absent,-1,-1.0,4,95,0.8,32.0,0.30434782608695654,32.0,0.30434782608695654,0.0,UP,1.0,1.0,0.6666666666666667,0,OUT,3,2
3648,33806268,25,338026,Absent,0,0,0,0,0,0,0,0,0,0,0,0,0,0,0,0,0,0,0,0,0,0,0,0,0,0,0,0,0,0,0,0,0,0,0,0,0,0,0,0,0,0,0,0,0,0,0,0,0,0,0,0,0,0,0,0,0,0,0,0,0,0,0,0,0,32,0,Unicorn_Absent,-1,-1.0,2,127,1.0,0.0,0.0,32.0,0.30434782608695654,0.5,NOTHING,0.8,0.30434782608695654,0.30434782608695654,32,UP,3,2
3652,33806268,27,338026,Absent,36,0,0,0,0,0,0,0,0,0,1,1,1,1,1,1,0,0,1,1,1,1,1,1,0,0,1,1,1,1,1,1,0,0,1,1,1,1,1,1,0,0,1,1,1,1,1,1,0,0,1,1,1,1,1,1,0,0,0,0,0,0,0,0,0,-4,36,Unicorn_Absent,-1,-1.0,7,59,0.775,36.0,0.0,36.0,0.30434782608695654,0.0,IN,1.0,0.0,0.30434782608695654,0,NOTHING,3,2
3660,33806268,31,338026,Absent,32,1,1,1,1,0,0,0,0,1,1,1,1,0,0,0,0,1,1,1,1,0,0,0,0,1,1,1,1,0,0,0,0,1,1,1,1,0,0,0,0,1,1,1,1,0,0,0,0,1,1,1,1,0,0,0,0,1,1,1,1,0,0,0,0,14,18,Unicorn_Absent,-1,-1.0,5,58,0.8875,32.0,0.36,50.0,0.30434782608695654,0.5,LEFT,0.775,0.0,0.30434782608695654,36,IN,3,2
3662,33806268,32,338026,Absent,36,0,0,0,0,0,0,0,0,0,1,1,1,1,1,1,0,0,1,1,1,1,1,1,0,0,1,1,1,1,1,1,0,0,1,1,1,1,1,1,0,0,1,1,1,1,1,1,0,0,1,1,1,1,1,1,0,0,0,0,0,0,0,0,0,14,18,Unicorn_Absent,-1,-1.0,7,72,0.8875,36.0,0.36,50.0,1.0,0.5,IN,0.8875,0.36,0.30434782608695654,18,LEFT,3,2
3666,33806268,34,338026,Absent,32,0,0,0,0,0,0,0,0,0,0,0,0,0,0,0,0,0,0,0,0,0,0,0,0,0,0,0,0,0,0,0,0,1,1,1,1,1,1,1,1,1,1,1,1,1,1,1,1,1,1,1,1,1,1,1,1,1,1,1,1,1,1,1,1,16,16,Unicorn_Absent,-1,-1.0,3,117,0.9,32.0,0.36,48.0,1.0,0.5,DOWN,0.8875,0.36,1.0,18,IN,3,2
3670,33806268,36,338026,Absent,32,0,0,0,0,1,1,1,1,0,0,0,0,1,1,1,1,0,0,0,0,1,1,1,1,0,0,0,0,1,1,1,1,0,0,0,0,1,1,1,1,0,0,0,0,1,1,1,1,0,0,0,0,1,1,1,1,0,0,0,0,1,1,1,1,14,18,Unicorn_Absent,-1,-1.0,6,49,0.8875,32.0,0.3333333333333333,50.0,0.0,0.5,RIGHT,0.9,0.36,1.0,16,DOWN,3,2
3672,33806268,37,338026,Absent,28,1,1,1,1,1,1,1,1,1,0,0,0,0,0,0,1,1,0,0,0,0,0,0,1,1,0,0,0,0,0,0,1,1,0,0,0,0,0,0,1,1,0,0,0,0,0,0,1,1,0,0,0,0,0,0,1,1,1,1,1,1,1,1,1,18,14,Unicorn_Absent,-1,-1.0,8,67,0.9125,28.0,0.30434782608695654,46.0,0.0,0.5,OUT,0.8875,0.3333333333333333,0.0,18,RIGHT,3,2
3674,33806268,38,338026,Absent,32,1,1,1,1,1,1,1,1,1,1,1,1,1,1,1,1,1,1,1,1,1,1,1,1,1,1,1,1,1,1,1,1,0,0,0,0,0,0,0,0,0,0,0,0,0,0,0,0,0,0,0,0,0,0,0,0,0,0,0,0,0,0,0,0,32,0,Unicorn_Absent,-1,-1.0,4,99,1.0,32.0,0.30434782608695654,64.0,0.028985507246376774,1.0,UP,0.9125,0.30434782608695654,0.0,14,OUT,3,2
3678,33806268,40,338026,Absent,0,0,0,0,0,0,0,0,0,0,0,0,0,0,0,0,0,0,0,0,0,0,0,0,0,0,0,0,0,0,0,0,0,0,0,0,0,0,0,0,0,0,0,0,0,0,0,0,0,0,0,0,0,0,0,0,0,0,0,0,0,0,0,0,0,32,0,Unicorn_Absent,-1,-1.0,2,163,1.0,0.0,0.0,32.0,0.028985507246376774,0.5,NOTHING,1.0,0.30434782608695654,0.028985507246376774,0,UP,3,2
3680,33806268,41,338026,Absent,0,0,0,0,0,0,0,0,0,0,0,0,0,0,0,0,0,0,0,0,0,0,0,0,0,0,0,0,0,0,0,0,0,0,0,0,0,0,0,0,0,0,0,0,0,0,0,0,0,0,0,0,0,0,0,0,0,0,0,0,0,0,0,0,0,32,0,Unicorn_Absent,-1,-1.0,2,195,1.0,0.0,1.0,32.0,1.0,0.5,NOTHING,1.0,0.0,0.028985507246376774,0,NOTHING,3,2
3684,33806268,43,338026,Absent,36,0,0,0,0,0,0,0,0,0,1,1,1,1,1,1,0,0,1,1,1,1,1,1,0,0,1,1,1,1,1,1,0,0,1,1,1,1,1,1,0,0,1,1,1,1,1,1,0,0,1,1,1,1,1,1,0,0,0,0,0,0,0,0,0,14,18,Unicorn_Absent,-1,-1.0,7,236,0.8875,36.0,0.0,50.0,1.0,0.5,IN,1.0,1.0,1.0,0,NOTHING,3,2
3688,33806268,45,338026,Absent,32,0,0,0,0,0,0,0,0,0,0,0,0,0,0,0,0,0,0,0,0,0,0,0,0,0,0,0,0,0,0,0,0,1,1,1,1,1,1,1,1,1,1,1,1,1,1,1,1,1,1,1,1,1,1,1,1,1,1,1,1,1,1,1,1,16,16,Unicorn_Absent,-1,-1.0,3,284,0.9,32.0,0.36,48.0,0.30434782608695654,0.5,DOWN,0.8875,0.0,1.0,18,IN,3,2
3692,33806268,47,338026,Absent,32,1,1,1,1,0,0,0,0,1,1,1,1,0,0,0,0,1,1,1,1,0,0,0,0,1,1,1,1,0,0,0,0,1,1,1,1,0,0,0,0,1,1,1,1,0,0,0,0,1,1,1,1,0,0,0,0,1,1,1,1,0,0,0,0,14,18,Unicorn_Absent,-1,-1.0,5,330,0.8875,32.0,0.3333333333333333,50.0,0.30434782608695654,0.5,LEFT,0.9,0.36,0.30434782608695654,16,DOWN,3,2
3694,33806268,48,338026,Absent,32,0,0,0,0,0,0,0,0,0,0,0,0,0,0,0,0,0,0,0,0,0,0,0,0,0,0,0,0,0,0,0,0,1,1,1,1,1,1,1,1,1,1,1,1,1,1,1,1,1,1,1,1,1,1,1,1,1,1,1,1,1,1,1,1,16,16,Unicorn_Absent,-1,-1.0,3,346,0.9,32.0,0.3333333333333333,48.0,0.3333333333333333,0.5,DOWN,0.8875,0.3333333333333333,0.30434782608695654,18,LEFT,3,2
3698,33806268,50,338026,Absent,32,0,0,0,0,1,1,1,1,0,0,0,0,1,1,1,1,0,0,0,0,1,1,1,1,0,0,0,0,1,1,1,1,0,0,0,0,1,1,1,1,0,0,0,0,1,1,1,1,0,0,0,0,1,1,1,1,0,0,0,0,1,1,1,1,18,14,Unicorn_Absent,-1,-1.0,6,368,0.9125,32.0,0.3333333333333333,46.0,0.3333333333333333,0.5,RIGHT,0.9,0.3333333333333333,0.3333333333333333,16,DOWN,3,2
3702,33806268,52,338026,Absent,32,1,1,1,1,1,1,1,1,1,1,1,1,1,1,1,1,1,1,1,1,1,1,1,1,1,1,1,1,1,1,1,1,0,0,0,0,0,0,0,0,0,0,0,0,0,0,0,0,0,0,0,0,0,0,0,0,0,0,0,0,0,0,0,0,32,0,Unicorn_Absent,-1,-1.0,4,432,1.0,32.0,0.3333333333333333,64.0,0.36,1.0,UP,0.9125,0.3333333333333333,0.3333333333333333,14,RIGHT,3,2
3704,33806268,53,338026,Absent,32,1,1,1,1,1,1,1,1,1,1,1,1,1,1,1,1,1,1,1,1,1,1,1,1,1,1,1,1,1,1,1,1,0,0,0,0,0,0,0,0,0,0,0,0,0,0,0,0,0,0,0,0,0,0,0,0,0,0,0,0,0,0,0,0,32,0,Unicorn_Absent,-1,-1.0,4,464,1.0,32.0,1.0,64.0,0.36,1.0,UP,1.0,0.3333333333333333,0.36,0,UP,3,2
3712,33806268,57,338026,Absent,9,0,0,0,0,0,0,0,0,1,0,0,0,1,0,0,0,0,0,0,0,1,1,0,0,0,0,0,0,0,0,0,1,0,0,0,0,1,0,1,1,0,0,1,0,0,0,0,0,0,0,0,0,0,0,0,0,0,0,0,0,0,0,0,0,27,5,Unicorn_Absent,-1,-1.0,0,579,0.96875,9.0,0.1388888888888889,36.0,0.64,0.484375,RS,1.0,1.0,0.36,0,UP,3,2
3601,33806268,1,626878,Absent,28,0,1,0,1,0,1,1,1,0,1,1,0,1,0,0,0,1,0,0,0,1,0,0,1,0,1,1,0,1,0,0,0,0,0,1,0,1,0,1,0,1,0,0,1,1,0,1,0,0,0,1,0,0,1,0,1,0,0,0,1,0,0,0,0,31,1,Unicorn_Absent,-1,-1.0,9,31,0.99375,25.0,1.0,32.0,0.64,0.484375,,,,,,,3,2
3607,33806268,4,626878,Absent,32,0,0,0,0,0,0,0,0,0,0,0,0,0,0,0,0,0,0,0,0,0,0,0,0,0,0,0,0,0,0,0,0,1,1,1,1,1,1,1,1,1,1,1,1,1,1,1,1,1,1,1,1,1,1,1,1,1,1,1,1,1,1,1,1,16,16,Unicorn_Absent,-1,-1.0,3,-17,0.9,32.0,0.2391304347826087,48.0,0.0,0.5,DOWN,0.99375,1.0,0.64,1,,3,2
3611,33806268,6,626878,Absent,36,0,0,0,0,0,0,0,0,0,1,1,1,1,1,1,0,0,1,1,1,1,1,1,0,0,1,1,1,1,1,1,0,0,1,1,1,1,1,1,0,0,1,1,1,1,1,1,0,0,1,1,1,1,1,1,0,0,0,0,0,0,0,0,0,14,18,Unicorn_Absent,-1,-1.0,7,29,0.8875,36.0,0.36,50.0,0.0,0.5,IN,0.9,0.2391304347826087,0.0,16,DOWN,3,2
3613,33806268,7,626878,Absent,32,1,1,1,1,1,1,1,1,1,1,1,1,1,1,1,1,1,1,1,1,1,1,1,1,1,1,1,1,1,1,1,1,0,0,0,0,0,0,0,0,0,0,0,0,0,0,0,0,0,0,0,0,0,0,0,0,0,0,0,0,0,0,0,0,32,0,Unicorn_Absent,-1,-1.0,4,61,1.0,32.0,0.36,64.0,0.026666666666666672,1.0,UP,0.8875,0.36,0.0,18,IN,3,2
3615,33806268,8,626878,Absent,32,1,1,1,1,1,1,1,1,1,1,1,1,1,1,1,1,1,1,1,1,1,1,1,1,1,1,1,1,1,1,1,1,0,0,0,0,0,0,0,0,0,0,0,0,0,0,0,0,0,0,0,0,0,0,0,0,0,0,0,0,0,0,0,0,32,0,Unicorn_Absent,-1,-1.0,4,93,1.0,32.0,1.0,64.0,0.026666666666666672,1.0,UP,1.0,0.36,0.026666666666666672,0,UP,3,2
3621,33806268,11,626878,Absent,32,1,1,1,1,0,0,0,0,1,1,1,1,0,0,0,0,1,1,1,1,0,0,0,0,1,1,1,1,0,0,0,0,1,1,1,1,0,0,0,0,1,1,1,1,0,0,0,0,1,1,1,1,0,0,0,0,1,1,1,1,0,0,0,0,16,16,Unicorn_Absent,-1,-1.0,5,173,0.9,32.0,0.3333333333333333,48.0,0.026666666666666672,0.5,LEFT,1.0,1.0,0.026666666666666672,0,UP,3,2
3623,33806268,12,626878,Absent,28,1,1,1,1,1,1,1,1,1,0,0,0,0,0,0,1,1,0,0,0,0,0,0,1,1,0,0,0,0,0,0,1,1,0,0,0,0,0,0,1,1,0,0,0,0,0,0,1,1,0,0,0,0,0,0,1,1,1,1,1,1,1,1,1,32,0,Unicorn_Absent,-1,-1.0,8,205,1.0,28.0,0.30434782608695654,28.0,0.026666666666666672,0.4375,OUT,0.9,0.3333333333333333,0.026666666666666672,16,LEFT,3,2
3633,33806268,17,626878,Absent,32,0,0,0,0,0,0,0,0,0,0,0,0,0,0,0,0,0,0,0,0,0,0,0,0,0,0,0,0,0,0,0,0,1,1,1,1,1,1,1,1,1,1,1,1,1,1,1,1,1,1,1,1,1,1,1,1,1,1,1,1,1,1,1,1,16,16,Unicorn_Absent,-1,-1.0,3,45,0.9,32.0,0.30434782608695654,48.0,0.055652173913043446,0.5,DOWN,1.0,0.30434782608695654,0.026666666666666672,0,OUT,3,2
3635,33806268,18,626878,Absent,32,0,0,0,0,0,0,0,0,0,0,0,0,0,0,0,0,0,0,0,0,0,0,0,0,0,0,0,0,0,0,0,0,1,1,1,1,1,1,1,1,1,1,1,1,1,1,1,1,1,1,1,1,1,1,1,1,1,1,1,1,1,1,1,1,16,16,Unicorn_Absent,-1,-1.0,3,61,0.9,32.0,1.0,48.0,0.055652173913043446,0.5,DOWN,0.9,0.30434782608695654,0.055652173913043446,16,DOWN,3,2
3637,33806268,19,626878,Absent,32,1,1,1,1,1,1,1,1,1,1,1,1,1,1,1,1,1,1,1,1,1,1,1,1,1,1,1,1,1,1,1,1,0,0,0,0,0,0,0,0,0,0,0,0,0,0,0,0,0,0,0,0,0,0,0,0,0,0,0,0,0,0,0,0,16,16,Unicorn_Absent,-1,-1.0,4,77,0.9,32.0,0.0,48.0,0.30434782608695654,0.5,UP,0.9,1.0,0.055652173913043446,16,DOWN,3,2
3641,33806268,21,626878,Absent,32,0,0,0,0,1,1,1,1,0,0,0,0,1,1,1,1,0,0,0,0,1,1,1,1,0,0,0,0,1,1,1,1,0,0,0,0,1,1,1,1,0,0,0,0,1,1,1,1,0,0,0,0,1,1,1,1,0,0,0,0,1,1,1,1,18,14,Unicorn_Absent,-1,-1.0,6,127,0.9125,32.0,0.3333333333333333,46.0,0.30434782608695654,0.5,RIGHT,0.9,0.0,0.30434782608695654,16,UP,3,2
3643,33806268,22,626878,Absent,0,0,0,0,0,0,0,0,0,0,0,0,0,0,0,0,0,0,0,0,0,0,0,0,0,0,0,0,0,0,0,0,0,0,0,0,0,0,0,0,0,0,0,0,0,0,0,0,0,0,0,0,0,0,0,0,0,0,0,0,0,0,0,0,0,32,0,Unicorn_Absent,-1,-1.0,2,159,1.0,0.0,0.0,28.0,1.0,0.4375,NOTHING,0.9125,0.3333333333333333,0.30434782608695654,14,RIGHT,3,2
3647,33806268,24,626878,Absent,32,1,1,1,1,1,1,1,1,1,1,1,1,1,1,1,1,1,1,1,1,1,1,1,1,1,1,1,1,1,1,1,1,0,0,0,0,0,0,0,0,0,0,0,0,0,0,0,0,0,0,0,0,0,0,0,0,0,0,0,0,0,0,0,0,0,32,Unicorn_Absent,-1,-1.0,4,95,0.8,32.0,0.0,32.0,1.0,0.0,UP,1.0,0.0,1.0,0,NOTHING,3,2
3649,33806268,25,626878,Absent,32,0,0,0,0,1,1,1,1,0,0,0,0,1,1,1,1,0,0,0,0,1,1,1,1,0,0,0,0,1,1,1,1,0,0,0,0,1,1,1,1,0,0,0,0,1,1,1,1,0,0,0,0,1,1,1,1,0,0,0,0,1,1,1,1,32,0,Unicorn_Absent,-1,-1.0,6,127,1.0,32.0,0.3333333333333333,32.0,0.0,0.5,RIGHT,0.8,0.0,1.0,32,UP,3,2
3653,33806268,27,626878,Absent,36,0,0,0,0,0,0,0,0,0,1,1,1,1,1,1,0,0,1,1,1,1,1,1,0,0,1,1,1,1,1,1,0,0,1,1,1,1,1,1,0,0,1,1,1,1,1,1,0,0,1,1,1,1,1,1,0,0,0,0,0,0,0,0,0,-4,36,Unicorn_Absent,-1,-1.0,7,59,0.775,36.0,0.36,36.0,0.0,0.0,IN,1.0,0.3333333333333333,0.0,0,RIGHT,3,2
3661,33806268,31,626878,Absent,36,0,0,0,0,0,0,0,0,0,1,1,1,1,1,1,0,0,1,1,1,1,1,1,0,0,1,1,1,1,1,1,0,0,1,1,1,1,1,1,0,0,1,1,1,1,1,1,0,0,1,1,1,1,1,1,0,0,0,0,0,0,0,0,0,14,18,Unicorn_Absent,-1,-1.0,7,58,0.8875,36.0,1.0,50.0,0.3333333333333333,0.5,IN,0.775,0.36,0.0,36,IN,3,2
3663,33806268,32,626878,Absent,32,0,0,0,0,0,0,0,0,0,0,0,0,0,0,0,0,0,0,0,0,0,0,0,0,0,0,0,0,0,0,0,0,1,1,1,1,1,1,1,1,1,1,1,1,1,1,1,1,1,1,1,1,1,1,1,1,1,1,1,1,1,1,1,1,14,18,Unicorn_Absent,-1,-1.0,3,72,0.8875,32.0,0.36,50.0,0.3333333333333333,0.5,DOWN,0.8875,1.0,0.3333333333333333,18,IN,3,2
3667,33806268,34,626878,Absent,32,0,0,0,0,1,1,1,1,0,0,0,0,1,1,1,1,0,0,0,0,1,1,1,1,0,0,0,0,1,1,1,1,0,0,0,0,1,1,1,1,0,0,0,0,1,1,1,1,0,0,0,0,1,1,1,1,0,0,0,0,1,1,1,1,16,16,Unicorn_Absent,-1,-1.0,6,117,0.9,32.0,0.3333333333333333,48.0,0.36,0.5,RIGHT,0.8875,0.36,0.3333333333333333,18,DOWN,3,2
3671,33806268,36,626878,Absent,36,0,0,0,0,0,0,0,0,0,1,1,1,1,1,1,0,0,1,1,1,1,1,1,0,0,1,1,1,1,1,1,0,0,1,1,1,1,1,1,0,0,1,1,1,1,1,1,0,0,1,1,1,1,1,1,0,0,0,0,0,0,0,0,0,14,18,Unicorn_Absent,-1,-1.0,7,49,0.8875,36.0,0.36,50.0,0.36,0.5,IN,0.9,0.3333333333333333,0.36,16,RIGHT,3,2
3673,33806268,37,626878,Absent,32,1,1,1,1,1,1,1,1,1,1,1,1,1,1,1,1,1,1,1,1,1,1,1,1,1,1,1,1,1,1,1,1,0,0,0,0,0,0,0,0,0,0,0,0,0,0,0,0,0,0,0,0,0,0,0,0,0,0,0,0,0,0,0,0,18,14,Unicorn_Absent,-1,-1.0,4,67,0.9125,32.0,0.36,46.0,0.026666666666666672,0.5,UP,0.8875,0.36,0.36,18,IN,3,2
3675,33806268,38,626878,Absent,32,0,0,0,0,0,0,0,0,0,0,0,0,0,0,0,0,0,0,0,0,0,0,0,0,0,0,0,0,0,0,0,0,1,1,1,1,1,1,1,1,1,1,1,1,1,1,1,1,1,1,1,1,1,1,1,1,1,1,1,1,1,1,1,1,32,0,Unicorn_Absent,-1,-1.0,3,99,1.0,32.0,0.0,64.0,0.026666666666666672,1.0,DOWN,0.9125,0.36,0.026666666666666672,14,UP,3,2
3679,33806268,40,626878,Absent,32,0,0,0,0,0,0,0,0,0,0,0,0,0,0,0,0,0,0,0,0,0,0,0,0,0,0,0,0,0,0,0,0,1,1,1,1,1,1,1,1,1,1,1,1,1,1,1,1,1,1,1,1,1,1,1,1,1,1,1,1,1,1,1,1,32,0,Unicorn_Absent,-1,-1.0,3,163,1.0,32.0,1.0,32.0,0.026666666666666672,0.5,DOWN,1.0,0.0,0.026666666666666672,0,DOWN,3,2
3681,33806268,41,626878,Absent,32,0,0,0,0,0,0,0,0,0,0,0,0,0,0,0,0,0,0,0,0,0,0,0,0,0,0,0,0,0,0,0,0,1,1,1,1,1,1,1,1,1,1,1,1,1,1,1,1,1,1,1,1,1,1,1,1,1,1,1,1,1,1,1,1,32,0,Unicorn_Absent,-1,-1.0,3,195,1.0,32.0,1.0,32.0,0.026666666666666672,0.5,DOWN,1.0,1.0,0.026666666666666672,0,DOWN,3,2
3685,33806268,43,626878,Absent,32,0,0,0,0,1,1,1,1,0,0,0,0,1,1,1,1,0,0,0,0,1,1,1,1,0,0,0,0,1,1,1,1,0,0,0,0,1,1,1,1,0,0,0,0,1,1,1,1,0,0,0,0,1,1,1,1,0,0,0,0,1,1,1,1,14,18,Unicorn_Absent,-1,-1.0,6,236,0.8875,32.0,0.3333333333333333,50.0,0.028985507246376774,0.5,RIGHT,1.0,1.0,0.026666666666666672,0,DOWN,3,2
3689,33806268,45,626878,Absent,32,1,1,1,1,0,0,0,0,1,1,1,1,0,0,0,0,1,1,1,1,0,0,0,0,1,1,1,1,0,0,0,0,1,1,1,1,0,0,0,0,1,1,1,1,0,0,0,0,1,1,1,1,0,0,0,0,1,1,1,1,0,0,0,0,16,16,Unicorn_Absent,-1,-1.0,5,284,0.9,32.0,0.0,48.0,0.028985507246376774,0.5,LEFT,0.8875,0.3333333333333333,0.028985507246376774,18,RIGHT,3,2
3693,33806268,47,626878,Absent,36,0,0,0,0,0,0,0,0,0,1,1,1,1,1,1,0,0,1,1,1,1,1,1,0,0,1,1,1,1,1,1,0,0,1,1,1,1,1,1,0,0,1,1,1,1,1,1,0,0,1,1,1,1,1,1,0,0,0,0,0,0,0,0,0,14,18,Unicorn_Absent,-1,-1.0,7,330,0.8875,36.0,0.36,50.0,0.028985507246376774,0.5,IN,0.9,0.0,0.028985507246376774,16,LEFT,3,2
3695,33806268,48,626878,Absent,32,1,1,1,1,0,0,0,0,1,1,1,1,0,0,0,0,1,1,1,1,0,0,0,0,1,1,1,1,0,0,0,0,1,1,1,1,0,0,0,0,1,1,1,1,0,0,0,0,1,1,1,1,0,0,0,0,1,1,1,1,0,0,0,0,16,16,Unicorn_Absent,-1,-1.0,5,346,0.9,32.0,0.36,48.0,0.028985507246376774,0.5,LEFT,0.8875,0.36,0.028985507246376774,18,IN,3,2
3699,33806268,50,626878,Absent,28,1,1,1,1,1,1,1,1,1,0,0,0,0,0,0,1,1,0,0,0,0,0,0,1,1,0,0,0,0,0,0,1,1,0,0,0,0,0,0,1,1,0,0,0,0,0,0,1,1,0,0,0,0,0,0,1,1,1,1,1,1,1,1,1,18,14,Unicorn_Absent,-1,-1.0,8,368,0.9125,28.0,0.30434782608695654,46.0,0.0,0.5,OUT,0.9,0.36,0.028985507246376774,16,LEFT,3,2
3703,33806268,52,626878,Absent,32,0,0,0,0,0,0,0,0,0,0,0,0,0,0,0,0,0,0,0,0,0,0,0,0,0,0,0,0,0,0,0,0,1,1,1,1,1,1,1,1,1,1,1,1,1,1,1,1,1,1,1,1,1,1,1,1,1,1,1,1,1,1,1,1,32,0,Unicorn_Absent,-1,-1.0,3,432,1.0,32.0,0.30434782608695654,64.0,0.0,1.0,DOWN,0.9125,0.30434782608695654,0.0,14,OUT,3,2
3705,33806268,53,626878,Absent,32,0,0,0,0,0,0,0,0,0,0,0,0,0,0,0,0,0,0,0,0,0,0,0,0,0,0,0,0,0,0,0,0,1,1,1,1,1,1,1,1,1,1,1,1,1,1,1,1,1,1,1,1,1,1,1,1,1,1,1,1,1,1,1,1,32,0,Unicorn_Absent,-1,-1.0,3,464,1.0,32.0,1.0,64.0,0.1388888888888889,1.0,DOWN,1.0,0.30434782608695654,0.0,0,DOWN,3,2
3713,33806268,57,626878,Absent,32,1,1,1,1,1,1,1,1,1,1,1,1,1,1,1,1,1,1,1,1,1,1,1,1,1,1,1,1,1,1,1,1,0,0,0,0,0,0,0,0,0,0,0,0,0,0,0,0,0,0,0,0,0,0,0,0,0,0,0,0,0,0,0,0,27,5,Unicorn_Absent,-1,-1.0,4,579,0.96875,32.0,0.0,36.0,0.1388888888888889,0.484375,UP,1.0,1.0,0.1388888888888889,0,DOWN,3,2
2882,37015829,2,370125,Absent,60,0,1,1,0,0,1,1,0,1,1,0,0,1,1,0,0,1,0,0,0,1,1,1,0,1,1,1,1,1,1,1,1,1,0,1,0,1,0,1,1,0,1,0,1,1,1,1,1,1,1,1,1,0,1,1,1,0,1,0,1,1,1,0,1,10,22,Unicorn_Absent,-1,-1.0,0,42,0.8625,43.0,1.0,54.0,0.0,0.5,RS,,,,,,3,2
2884,37015829,3,370125,Absent,36,0,0,0,0,0,0,0,0,0,1,1,1,1,1,1,0,0,1,1,1,1,1,1,0,0,1,1,1,1,1,1,0,0,1,1,1,1,1,1,0,0,1,1,1,1,1,1,0,0,1,1,1,1,1,1,0,0,0,0,0,0,0,0,0,14,18,Unicorn_Absent,-1,-1.0,7,56,0.8875,36.0,0.46296296296296297,50.0,0.0,0.5,IN,0.8625,1.0,0.0,22,RS,3,2
2888,37015829,5,370125,Absent,0,0,0,0,0,0,0,0,0,0,0,0,0,0,0,0,0,0,0,0,0,0,0,0,0,0,0,0,0,0,0,0,0,0,0,0,0,0,0,0,0,0,0,0,0,0,0,0,0,0,0,0,0,0,0,0,0,0,0,0,0,0,0,0,0,32,0,Unicorn_Absent,-1,-1.0,2,24,1.0,0.0,0.0,0.0,0.16296296296296298,0.0,NOTHING,0.8875,0.46296296296296297,0.0,18,IN,3,2
2892,37015829,7,370125,Absent,32,1,1,1,1,0,0,0,0,1,1,1,1,0,0,0,0,1,1,1,1,0,0,0,0,1,1,1,1,0,0,0,0,1,1,1,1,0,0,0,0,1,1,1,1,0,0,0,0,1,1,1,1,0,0,0,0,1,1,1,1,0,0,0,0,18,14,Unicorn_Absent,-1,-1.0,5,-22,0.9125,32.0,0.0,46.0,0.16296296296296298,0.5,LEFT,1.0,0.0,0.16296296296296298,0,NOTHING,3,2
2894,37015829,8,370125,Absent,32,1,1,1,1,0,0,0,0,1,1,1,1,0,0,0,0,1,1,1,1,0,0,0,0,1,1,1,1,0,0,0,0,1,1,1,1,0,0,0,0,1,1,1,1,0,0,0,0,1,1,1,1,0,0,0,0,1,1,1,1,0,0,0,0,32,0,Unicorn_Absent,-1,-1.0,5,10,1.0,32.0,1.0,32.0,0.0,0.5,LEFT,0.9125,0.0,0.16296296296296298,14,LEFT,3,2
2896,37015829,9,370125,Absent,32,1,1,1,1,0,0,0,0,1,1,1,1,0,0,0,0,1,1,1,1,0,0,0,0,1,1,1,1,0,0,0,0,1,1,1,1,0,0,0,0,1,1,1,1,0,0,0,0,1,1,1,1,0,0,0,0,1,1,1,1,0,0,0,0,32,0,Unicorn_Absent,-1,-1.0,5,42,1.0,32.0,1.0,32.0,0.0,0.5,LEFT,1.0,1.0,0.0,0,LEFT,3,2
2900,37015829,11,370125,Absent,32,1,1,1,1,0,0,0,0,1,1,1,1,0,0,0,0,1,1,1,1,0,0,0,0,1,1,1,1,0,0,0,0,1,1,1,1,0,0,0,0,1,1,1,1,0,0,0,0,1,1,1,1,0,0,0,0,1,1,1,1,0,0,0,0,32,0,Unicorn_Absent,-1,-1.0,5,106,1.0,32.0,1.0,64.0,0.0,1.0,LEFT,1.0,1.0,0.0,0,LEFT,3,2
2902,37015829,12,370125,Absent,32,1,1,1,1,0,0,0,0,1,1,1,1,0,0,0,0,1,1,1,1,0,0,0,0,1,1,1,1,0,0,0,0,1,1,1,1,0,0,0,0,1,1,1,1,0,0,0,0,1,1,1,1,0,0,0,0,1,1,1,1,0,0,0,0,32,0,Unicorn_Absent,-1,-1.0,5,138,1.0,32.0,1.0,64.0,0.0,1.0,LEFT,1.0,1.0,0.0,0,LEFT,3,2
2910,37015829,16,370125,Absent,32,1,1,1,1,0,0,0,0,1,1,1,1,0,0,0,0,1,1,1,1,0,0,0,0,1,1,1,1,0,0,0,0,1,1,1,1,0,0,0,0,1,1,1,1,0,0,0,0,1,1,1,1,0,0,0,0,1,1,1,1,0,0,0,0,32,0,Unicorn_Absent,-1,-1.0,5,266,1.0,32.0,1.0,64.0,1.0,1.0,LEFT,1.0,1.0,0.0,0,LEFT,3,2
2914,37015829,18,370125,Absent,32,0,0,0,0,1,1,1,1,0,0,0,0,1,1,1,1,0,0,0,0,1,1,1,1,0,0,0,0,1,1,1,1,0,0,0,0,1,1,1,1,0,0,0,0,1,1,1,1,0,0,0,0,1,1,1,1,0,0,0,0,1,1,1,1,0,32,Unicorn_Absent,-1,-1.0,6,288,0.8,32.0,0.0,32.0,1.0,0.0,RIGHT,1.0,1.0,1.0,0,LEFT,3,2
2916,37015829,19,370125,Absent,32,0,0,0,0,0,0,0,0,0,0,0,0,0,0,0,0,0,0,0,0,0,0,0,0,0,0,0,0,0,0,0,0,1,1,1,1,1,1,1,1,1,1,1,1,1,1,1,1,1,1,1,1,1,1,1,1,1,1,1,1,1,1,1,1,16,16,Unicorn_Absent,-1,-1.0,3,304,0.9,32.0,0.3333333333333333,48.0,0.0,0.5,DOWN,0.8,0.0,1.0,32,RIGHT,3,2
2918,37015829,20,370125,Absent,28,1,1,1,1,1,1,1,1,1,0,0,0,0,0,0,1,1,0,0,0,0,0,0,1,1,0,0,0,0,0,0,1,1,0,0,0,0,0,0,1,1,0,0,0,0,0,0,1,1,0,0,0,0,0,0,1,1,1,1,1,1,1,1,1,18,14,Unicorn_Absent,-1,-1.0,8,322,0.9125,28.0,0.30434782608695654,46.0,0.0,0.5,OUT,0.9,0.3333333333333333,0.0,16,DOWN,3,2
2920,37015829,21,370125,Absent,36,0,0,0,0,0,0,0,0,0,1,1,1,1,1,1,0,0,1,1,1,1,1,1,0,0,1,1,1,1,1,1,0,0,1,1,1,1,1,1,0,0,1,1,1,1,1,1,0,0,1,1,1,1,1,1,0,0,0,0,0,0,0,0,0,14,18,Unicorn_Absent,-1,-1.0,7,336,0.8875,36.0,0.0,50.0,1.0,0.5,IN,0.9125,0.30434782608695654,0.0,14,OUT,3,2
2928,37015829,25,370125,Absent,32,1,1,1,1,1,1,1,1,1,1,1,1,1,1,1,1,1,1,1,1,1,1,1,1,1,1,1,1,1,1,1,1,0,0,0,0,0,0,0,0,0,0,0,0,0,0,0,0,0,0,0,0,0,0,0,0,0,0,0,0,0,0,0,0,32,0,Unicorn_Absent,-1,-1.0,4,359,1.0,32.0,0.36,32.0,1.0,0.5,UP,0.8875,0.0,1.0,18,IN,3,2
2930,37015829,26,370125,Absent,28,1,1,1,1,1,1,1,1,1,0,0,0,0,0,0,1,1,0,0,0,0,0,0,1,1,0,0,0,0,0,0,1,1,0,0,0,0,0,0,1,1,0,0,0,0,0,0,1,1,0,0,0,0,0,0,1,1,1,1,1,1,1,1,1,32,0,Unicorn_Absent,-1,-1.0,8,391,1.0,28.0,0.30434782608695654,28.0,0.0,0.4375,OUT,1.0,0.36,1.0,0,UP,3,2
2932,37015829,27,370125,Absent,28,1,1,1,1,1,1,1,1,1,0,0,0,0,0,0,1,1,0,0,0,0,0,0,1,1,0,0,0,0,0,0,1,1,0,0,0,0,0,0,1,1,0,0,0,0,0,0,1,1,0,0,0,0,0,0,1,1,1,1,1,1,1,1,1,32,0,Unicorn_Absent,-1,-1.0,8,423,1.0,28.0,1.0,28.0,0.0,0.4375,OUT,1.0,0.30434782608695654,0.0,0,OUT,3,2
2938,37015829,30,370125,Absent,28,1,1,1,1,1,1,1,1,1,0,0,0,0,0,0,1,1,0,0,0,0,0,0,1,1,0,0,0,0,0,0,1,1,0,0,0,0,0,0,1,1,0,0,0,0,0,0,1,1,0,0,0,0,0,0,1,1,1,1,1,1,1,1,1,32,0,Unicorn_Absent,-1,-1.0,8,519,1.0,28.0,1.0,28.0,0.0,0.4375,OUT,1.0,1.0,0.0,0,OUT,3,2
2946,37015829,34,370125,Absent,0,0,0,0,0,0,0,0,0,0,0,0,0,0,0,0,0,0,0,0,0,0,0,0,0,0,0,0,0,0,0,0,0,0,0,0,0,0,0,0,0,0,0,0,0,0,0,0,0,0,0,0,0,0,0,0,0,0,0,0,0,0,0,0,0,32,0,Unicorn_Absent,-1,-1.0,2,539,1.0,0.0,0.0,32.0,0.0,0.5,NOTHING,1.0,1.0,0.0,0,OUT,3,2
2948,37015829,35,370125,Absent,0,0,0,0,0,0,0,0,0,0,0,0,0,0,0,0,0,0,0,0,0,0,0,0,0,0,0,0,0,0,0,0,0,0,0,0,0,0,0,0,0,0,0,0,0,0,0,0,0,0,0,0,0,0,0,0,0,0,0,0,0,0,0,0,0,32,0,Unicorn_Absent,-1,-1.0,2,571,1.0,0.0,1.0,36.0,1.0,0.5625,NOTHING,1.0,0.0,0.0,0,NOTHING,3,2
2950,37015829,36,370125,Absent,0,0,0,0,0,0,0,0,0,0,0,0,0,0,0,0,0,0,0,0,0,0,0,0,0,0,0,0,0,0,0,0,0,0,0,0,0,0,0,0,0,0,0,0,0,0,0,0,0,0,0,0,0,0,0,0,0,0,0,0,0,0,0,0,0,32,0,Unicorn_Absent,-1,-1.0,2,603,1.0,0.0,1.0,36.0,1.0,0.5625,NOTHING,1.0,1.0,1.0,0,NOTHING,3,2
2954,37015829,38,370125,Absent,0,0,0,0,0,0,0,0,0,0,0,0,0,0,0,0,0,0,0,0,0,0,0,0,0,0,0,0,0,0,0,0,0,0,0,0,0,0,0,0,0,0,0,0,0,0,0,0,0,0,0,0,0,0,0,0,0,0,0,0,0,0,0,0,0,32,0,Unicorn_Absent,-1,-1.0,2,571,1.0,0.0,1.0,32.0,0.6666666666666667,0.5,NOTHING,1.0,1.0,1.0,0,NOTHING,3,2
2960,37015829,41,370125,Absent,32,0,0,0,0,0,0,0,0,0,0,0,0,0,0,0,0,0,0,0,0,0,0,0,0,0,0,0,0,0,0,0,0,1,1,1,1,1,1,1,1,1,1,1,1,1,1,1,1,1,1,1,1,1,1,1,1,1,1,1,1,1,1,1,1,32,0,Unicorn_Absent,-1,-1.0,3,571,1.0,32.0,0.0,64.0,0.6666666666666667,1.0,DOWN,1.0,1.0,0.6666666666666667,0,NOTHING,3,2
2964,37015829,43,370125,Absent,32,0,0,0,0,0,0,0,0,0,0,0,0,0,0,0,0,0,0,0,0,0,0,0,0,0,0,0,0,0,0,0,0,1,1,1,1,1,1,1,1,1,1,1,1,1,1,1,1,1,1,1,1,1,1,1,1,1,1,1,1,1,1,1,1,32,0,Unicorn_Absent,-1,-1.0,3,635,1.0,32.0,1.0,64.0,0.30434782608695654,1.0,DOWN,1.0,0.0,0.6666666666666667,0,DOWN,3,2
2974,37015829,48,370125,Absent,32,0,0,0,0,0,0,0,0,0,0,0,0,0,0,0,0,0,0,0,0,0,0,0,0,0,0,0,0,0,0,0,0,1,1,1,1,1,1,1,1,1,1,1,1,1,1,1,1,1,1,1,1,1,1,1,1,1,1,1,1,1,1,1,1,32,0,Unicorn_Absent,-1,-1.0,3,667,1.0,32.0,1.0,64.0,0.30434782608695654,1.0,DOWN,1.0,1.0,0.30434782608695654,0,DOWN,3,2
2976,37015829,49,370125,Absent,32,0,0,0,0,0,0,0,0,0,0,0,0,0,0,0,0,0,0,0,0,0,0,0,0,0,0,0,0,0,0,0,0,1,1,1,1,1,1,1,1,1,1,1,1,1,1,1,1,1,1,1,1,1,1,1,1,1,1,1,1,1,1,1,1,32,0,Unicorn_Absent,-1,-1.0,3,699,1.0,32.0,1.0,64.0,0.3333333333333333,1.0,DOWN,1.0,1.0,0.30434782608695654,0,DOWN,3,2
2980,37015829,51,370125,Absent,32,1,1,1,1,1,1,1,1,1,1,1,1,1,1,1,1,1,1,1,1,1,1,1,1,1,1,1,1,1,1,1,1,0,0,0,0,0,0,0,0,0,0,0,0,0,0,0,0,0,0,0,0,0,0,0,0,0,0,0,0,0,0,0,0,32,0,Unicorn_Absent,-1,-1.0,4,754,1.0,32.0,0.0,64.0,0.3333333333333333,1.0,UP,1.0,1.0,0.3333333333333333,0,DOWN,3,2
2982,37015829,52,370125,Absent,32,1,1,1,1,1,1,1,1,1,1,1,1,1,1,1,1,1,1,1,1,1,1,1,1,1,1,1,1,1,1,1,1,0,0,0,0,0,0,0,0,0,0,0,0,0,0,0,0,0,0,0,0,0,0,0,0,0,0,0,0,0,0,0,0,0,32,Unicorn_Absent,-1,-1.0,4,754,0.8,32.0,1.0,32.0,0.36,0.0,UP,1.0,0.0,0.3333333333333333,0,UP,3,2
2990,37015829,56,370125,Absent,0,0,0,0,0,0,0,0,0,0,0,0,0,0,0,0,0,0,0,0,0,0,0,0,0,0,0,0,0,0,0,0,0,0,0,0,0,0,0,0,0,0,0,0,0,0,0,0,0,0,0,0,0,0,0,0,0,0,0,0,0,0,0,0,0,32,0,Unicorn_Absent,-1,-1.0,2,649,1.0,0.0,0.0,32.0,0.36,0.5,NOTHING,0.8,1.0,0.36,32,UP,3,2
2994,37015829,58,370125,Absent,0,0,0,0,0,0,0,0,0,0,0,0,0,0,0,0,0,0,0,0,0,0,0,0,0,0,0,0,0,0,0,0,0,0,0,0,0,0,0,0,0,0,0,0,0,0,0,0,0,0,0,0,0,0,0,0,0,0,0,0,0,0,0,0,0,32,0,Unicorn_Absent,-1,-1.0,2,713,1.0,0.0,1.0,32.0,0.6956521739130435,0.5,NOTHING,1.0,0.0,0.36,0,NOTHING,3,2
2996,37015829,59,370125,Absent,0,0,0,0,0,0,0,0,0,0,0,0,0,0,0,0,0,0,0,0,0,0,0,0,0,0,0,0,0,0,0,0,0,0,0,0,0,0,0,0,0,0,0,0,0,0,0,0,0,0,0,0,0,0,0,0,0,0,0,0,0,0,0,0,0,32,0,Unicorn_Absent,-1,-1.0,2,745,1.0,0.0,1.0,32.0,0.6956521739130435,0.5,NOTHING,1.0,1.0,0.6956521739130435,0,NOTHING,3,2
2998,37015829,60,370125,Absent,0,0,0,0,0,0,0,0,0,0,0,0,0,0,0,0,0,0,0,0,0,0,0,0,0,0,0,0,0,0,0,0,0,0,0,0,0,0,0,0,0,0,0,0,0,0,0,0,0,0,0,0,0,0,0,0,0,0,0,0,0,0,0,0,0,32,0,Unicorn_Absent,-1,-1.0,2,777,1.0,0.0,1.0,32.0,0.0,0.5,NOTHING,1.0,1.0,0.6956521739130435,0,NOTHING,3,2
2883,37015829,2,582937,Absent,47,1,1,0,1,1,1,1,0,1,1,1,0,0,0,1,0,0,1,1,0,1,1,0,1,1,0,1,0,0,1,1,1,0,0,1,1,0,1,0,0,0,0,0,1,1,1,0,0,1,1,1,1,0,0,1,0,0,0,0,1,0,0,1,0,10,22,Unicorn_Absent,-1,-1.0,9,42,0.8625,33.0,1.0,54.0,0.0,0.5,,,,,,,3,2
2885,37015829,3,582937,Absent,32,0,0,0,0,1,1,1,1,0,0,0,0,1,1,1,1,0,0,0,0,1,1,1,1,0,0,0,0,1,1,1,1,0,0,0,0,1,1,1,1,0,0,0,0,1,1,1,1,0,0,0,0,1,1,1,1,0,0,0,0,1,1,1,1,14,18,Unicorn_Absent,-1,-1.0,6,56,0.8875,32.0,0.3,50.0,0.0,0.5,RIGHT,0.8625,1.0,0.0,22,,3,2
2889,37015829,5,582937,Absent,0,0,0,0,0,0,0,0,0,0,0,0,0,0,0,0,0,0,0,0,0,0,0,0,0,0,0,0,0,0,0,0,0,0,0,0,0,0,0,0,0,0,0,0,0,0,0,0,0,0,0,0,0,0,0,0,0,0,0,0,0,0,0,0,0,32,0,Unicorn_Absent,-1,-1.0,2,24,1.0,0.0,0.0,0.0,0.0,0.0,NOTHING,0.8875,0.3,0.0,18,RIGHT,3,2
2893,37015829,7,582937,Absent,28,1,1,1,1,1,1,1,1,1,0,0,0,0,0,0,1,1,0,0,0,0,0,0,1,1,0,0,0,0,0,0,1,1,0,0,0,0,0,0,1,1,0,0,0,0,0,0,1,1,0,0,0,0,0,0,1,1,1,1,1,1,1,1,1,18,14,Unicorn_Absent,-1,-1.0,8,-22,0.9125,28.0,0.0,46.0,0.0,0.5,OUT,1.0,0.0,0.0,0,NOTHING,3,2
2895,37015829,8,582937,Absent,0,0,0,0,0,0,0,0,0,0,0,0,0,0,0,0,0,0,0,0,0,0,0,0,0,0,0,0,0,0,0,0,0,0,0,0,0,0,0,0,0,0,0,0,0,0,0,0,0,0,0,0,0,0,0,0,0,0,0,0,0,0,0,0,0,32,0,Unicorn_Absent,-1,-1.0,2,10,1.0,0.0,0.0,32.0,0.0,0.5,NOTHING,0.9125,0.0,0.0,14,OUT,3,2
2897,37015829,9,582937,Absent,0,0,0,0,0,0,0,0,0,0,0,0,0,0,0,0,0,0,0,0,0,0,0,0,0,0,0,0,0,0,0,0,0,0,0,0,0,0,0,0,0,0,0,0,0,0,0,0,0,0,0,0,0,0,0,0,0,0,0,0,0,0,0,0,0,32,0,Unicorn_Absent,-1,-1.0,2,42,1.0,0.0,1.0,32.0,0.64,0.5,NOTHING,1.0,0.0,0.0,0,NOTHING,3,2
2901,37015829,11,582937,Absent,32,0,0,0,0,1,1,1,1,0,0,0,0,1,1,1,1,0,0,0,0,1,1,1,1,0,0,0,0,1,1,1,1,0,0,0,0,1,1,1,1,0,0,0,0,1,1,1,1,0,0,0,0,1,1,1,1,0,0,0,0,1,1,1,1,32,0,Unicorn_Absent,-1,-1.0,6,106,1.0,32.0,0.0,64.0,0.64,1.0,RIGHT,1.0,1.0,0.64,0,NOTHING,3,2
2903,37015829,12,582937,Absent,32,0,0,0,0,1,1,1,1,0,0,0,0,1,1,1,1,0,0,0,0,1,1,1,1,0,0,0,0,1,1,1,1,0,0,0,0,1,1,1,1,0,0,0,0,1,1,1,1,0,0,0,0,1,1,1,1,0,0,0,0,1,1,1,1,32,0,Unicorn_Absent,-1,-1.0,6,138,1.0,32.0,1.0,64.0,0.0,1.0,RIGHT,1.0,0.0,0.64,0,RIGHT,3,2
2911,37015829,16,582937,Absent,32,0,0,0,0,1,1,1,1,0,0,0,0,1,1,1,1,0,0,0,0,1,1,1,1,0,0,0,0,1,1,1,1,0,0,0,0,1,1,1,1,0,0,0,0,1,1,1,1,0,0,0,0,1,1,1,1,0,0,0,0,1,1,1,1,32,0,Unicorn_Absent,-1,-1.0,6,266,1.0,32.0,1.0,64.0,0.0,1.0,RIGHT,1.0,1.0,0.0,0,RIGHT,3,2
2915,37015829,18,582937,Absent,32,0,0,0,0,1,1,1,1,0,0,0,0,1,1,1,1,0,0,0,0,1,1,1,1,0,0,0,0,1,1,1,1,0,0,0,0,1,1,1,1,0,0,0,0,1,1,1,1,0,0,0,0,1,1,1,1,0,0,0,0,1,1,1,1,0,32,Unicorn_Absent,-1,-1.0,6,288,0.8,32.0,1.0,32.0,0.64,0.0,RIGHT,1.0,1.0,0.0,0,RIGHT,3,2
2917,37015829,19,582937,Absent,32,0,0,0,0,1,1,1,1,0,0,0,0,1,1,1,1,0,0,0,0,1,1,1,1,0,0,0,0,1,1,1,1,0,0,0,0,1,1,1,1,0,0,0,0,1,1,1,1,0,0,0,0,1,1,1,1,0,0,0,0,1,1,1,1,16,16,Unicorn_Absent,-1,-1.0,6,304,0.9,32.0,1.0,48.0,0.64,0.5,RIGHT,0.8,1.0,0.64,32,RIGHT,3,2
2919,37015829,20,582937,Absent,32,1,1,1,1,0,0,0,0,1,1,1,1,0,0,0,0,1,1,1,1,0,0,0,0,1,1,1,1,0,0,0,0,1,1,1,1,0,0,0,0,1,1,1,1,0,0,0,0,1,1,1,1,0,0,0,0,1,1,1,1,0,0,0,0,18,14,Unicorn_Absent,-1,-1.0,5,322,0.9125,32.0,0.0,46.0,0.3333333333333333,0.5,LEFT,0.9,1.0,0.64,16,RIGHT,3,2
2921,37015829,21,582937,Absent,32,0,0,0,0,0,0,0,0,0,0,0,0,0,0,0,0,0,0,0,0,0,0,0,0,0,0,0,0,0,0,0,0,1,1,1,1,1,1,1,1,1,1,1,1,1,1,1,1,1,1,1,1,1,1,1,1,1,1,1,1,1,1,1,1,14,18,Unicorn_Absent,-1,-1.0,3,336,0.8875,32.0,0.3333333333333333,50.0,0.3333333333333333,0.5,DOWN,0.9125,0.0,0.3333333333333333,14,LEFT,3,2
2929,37015829,25,582937,Absent,0,0,0,0,0,0,0,0,0,0,0,0,0,0,0,0,0,0,0,0,0,0,0,0,0,0,0,0,0,0,0,0,0,0,0,0,0,0,0,0,0,0,0,0,0,0,0,0,0,0,0,0,0,0,0,0,0,0,0,0,0,0,0,0,0,32,0,Unicorn_Absent,-1,-1.0,2,359,1.0,0.0,0.0,32.0,0.0,0.5,NOTHING,0.8875,0.3333333333333333,0.3333333333333333,18,DOWN,3,2
2931,37015829,26,582937,Absent,0,0,0,0,0,0,0,0,0,0,0,0,0,0,0,0,0,0,0,0,0,0,0,0,0,0,0,0,0,0,0,0,0,0,0,0,0,0,0,0,0,0,0,0,0,0,0,0,0,0,0,0,0,0,0,0,0,0,0,0,0,0,0,0,0,32,0,Unicorn_Absent,-1,-1.0,2,391,1.0,0.0,1.0,28.0,0.0,0.4375,NOTHING,1.0,0.0,0.0,0,NOTHING,3,2
2933,37015829,27,582937,Absent,0,0,0,0,0,0,0,0,0,0,0,0,0,0,0,0,0,0,0,0,0,0,0,0,0,0,0,0,0,0,0,0,0,0,0,0,0,0,0,0,0,0,0,0,0,0,0,0,0,0,0,0,0,0,0,0,0,0,0,0,0,0,0,0,0,32,0,Unicorn_Absent,-1,-1.0,2,423,1.0,0.0,1.0,28.0,0.0,0.4375,NOTHING,1.0,1.0,0.0,0,NOTHING,3,2
2939,37015829,30,582937,Absent,0,0,0,0,0,0,0,0,0,0,0,0,0,0,0,0,0,0,0,0,0,0,0,0,0,0,0,0,0,0,0,0,0,0,0,0,0,0,0,0,0,0,0,0,0,0,0,0,0,0,0,0,0,0,0,0,0,0,0,0,0,0,0,0,0,32,0,Unicorn_Absent,-1,-1.0,2,519,1.0,0.0,1.0,28.0,0.0,0.4375,NOTHING,1.0,1.0,0.0,0,NOTHING,3,2
2947,37015829,34,582937,Absent,32,0,0,0,0,0,0,0,0,0,0,0,0,0,0,0,0,0,0,0,0,0,0,0,0,0,0,0,0,0,0,0,0,1,1,1,1,1,1,1,1,1,1,1,1,1,1,1,1,1,1,1,1,1,1,1,1,1,1,1,1,1,1,1,1,32,0,Unicorn_Absent,-1,-1.0,3,539,1.0,32.0,0.0,32.0,0.0,0.5,DOWN,1.0,1.0,0.0,0,NOTHING,3,2
2949,37015829,35,582937,Absent,36,0,0,0,0,0,0,0,0,0,1,1,1,1,1,1,0,0,1,1,1,1,1,1,0,0,1,1,1,1,1,1,0,0,1,1,1,1,1,1,0,0,1,1,1,1,1,1,0,0,1,1,1,1,1,1,0,0,0,0,0,0,0,0,0,32,0,Unicorn_Absent,-1,-1.0,7,571,1.0,36.0,0.36,36.0,0.0,0.5625,IN,1.0,0.0,0.0,0,DOWN,3,2
2951,37015829,36,582937,Absent,36,0,0,0,0,0,0,0,0,0,1,1,1,1,1,1,0,0,1,1,1,1,1,1,0,0,1,1,1,1,1,1,0,0,1,1,1,1,1,1,0,0,1,1,1,1,1,1,0,0,1,1,1,1,1,1,0,0,0,0,0,0,0,0,0,32,0,Unicorn_Absent,-1,-1.0,7,603,1.0,36.0,1.0,36.0,0.0,0.5625,IN,1.0,0.36,0.0,0,IN,3,2
2955,37015829,38,582937,Absent,32,1,1,1,1,0,0,0,0,1,1,1,1,0,0,0,0,1,1,1,1,0,0,0,0,1,1,1,1,0,0,0,0,1,1,1,1,0,0,0,0,1,1,1,1,0,0,0,0,1,1,1,1,0,0,0,0,1,1,1,1,0,0,0,0,32,0,Unicorn_Absent,-1,-1.0,5,571,1.0,32.0,0.36,32.0,0.0,0.5,LEFT,1.0,1.0,0.0,0,IN,3,2
2961,37015829,41,582937,Absent,32,1,1,1,1,1,1,1,1,1,1,1,1,1,1,1,1,1,1,1,1,1,1,1,1,1,1,1,1,1,1,1,1,0,0,0,0,0,0,0,0,0,0,0,0,0,0,0,0,0,0,0,0,0,0,0,0,0,0,0,0,0,0,0,0,32,0,Unicorn_Absent,-1,-1.0,4,571,1.0,32.0,0.3333333333333333,64.0,1.0,1.0,UP,1.0,0.36,0.0,0,LEFT,3,2
2965,37015829,43,582937,Absent,32,1,1,1,1,1,1,1,1,1,1,1,1,1,1,1,1,1,1,1,1,1,1,1,1,1,1,1,1,1,1,1,1,0,0,0,0,0,0,0,0,0,0,0,0,0,0,0,0,0,0,0,0,0,0,0,0,0,0,0,0,0,0,0,0,32,0,Unicorn_Absent,-1,-1.0,4,635,1.0,32.0,1.0,64.0,1.0,1.0,UP,1.0,0.3333333333333333,1.0,0,UP,3,2
2975,37015829,48,582937,Absent,32,1,1,1,1,1,1,1,1,1,1,1,1,1,1,1,1,1,1,1,1,1,1,1,1,1,1,1,1,1,1,1,1,0,0,0,0,0,0,0,0,0,0,0,0,0,0,0,0,0,0,0,0,0,0,0,0,0,0,0,0,0,0,0,0,32,0,Unicorn_Absent,-1,-1.0,4,667,1.0,32.0,1.0,64.0,0.3333333333333333,1.0,UP,1.0,1.0,1.0,0,UP,3,2
2977,37015829,49,582937,Absent,32,1,1,1,1,1,1,1,1,1,1,1,1,1,1,1,1,1,1,1,1,1,1,1,1,1,1,1,1,1,1,1,1,0,0,0,0,0,0,0,0,0,0,0,0,0,0,0,0,0,0,0,0,0,0,0,0,0,0,0,0,0,0,0,0,32,0,Unicorn_Absent,-1,-1.0,4,699,1.0,32.0,1.0,64.0,0.3333333333333333,1.0,UP,1.0,1.0,0.3333333333333333,0,UP,3,2
2981,37015829,51,582937,Absent,32,0,0,0,0,0,0,0,0,0,0,0,0,0,0,0,0,0,0,0,0,0,0,0,0,0,0,0,0,0,0,0,0,1,1,1,1,1,1,1,1,1,1,1,1,1,1,1,1,1,1,1,1,1,1,1,1,1,1,1,1,1,1,1,1,32,0,Unicorn_Absent,-1,-1.0,3,754,1.0,32.0,0.0,64.0,0.0,1.0,DOWN,1.0,1.0,0.3333333333333333,0,UP,3,2
2983,37015829,52,582937,Absent,32,1,1,1,1,1,1,1,1,1,1,1,1,1,1,1,1,1,1,1,1,1,1,1,1,1,1,1,1,1,1,1,1,0,0,0,0,0,0,0,0,0,0,0,0,0,0,0,0,0,0,0,0,0,0,0,0,0,0,0,0,0,0,0,0,0,32,Unicorn_Absent,-1,-1.0,4,754,0.8,32.0,0.0,32.0,0.0,0.0,UP,1.0,0.0,0.0,0,DOWN,3,2
2991,37015829,56,582937,Absent,32,0,0,0,0,1,1,1,1,0,0,0,0,1,1,1,1,0,0,0,0,1,1,1,1,0,0,0,0,1,1,1,1,0,0,0,0,1,1,1,1,0,0,0,0,1,1,1,1,0,0,0,0,1,1,1,1,0,0,0,0,1,1,1,1,32,0,Unicorn_Absent,-1,-1.0,6,649,1.0,32.0,0.3333333333333333,32.0,0.0,0.5,RIGHT,0.8,0.0,0.0,32,UP,3,2
2995,37015829,58,582937,Absent,32,0,0,0,0,1,1,1,1,0,0,0,0,1,1,1,1,0,0,0,0,1,1,1,1,0,0,0,0,1,1,1,1,0,0,0,0,1,1,1,1,0,0,0,0,1,1,1,1,0,0,0,0,1,1,1,1,0,0,0,0,1,1,1,1,32,0,Unicorn_Absent,-1,-1.0,6,713,1.0,32.0,1.0,32.0,0.0,0.5,RIGHT,1.0,0.3333333333333333,0.0,0,RIGHT,3,2
2997,37015829,59,582937,Absent,32,0,0,0,0,1,1,1,1,0,0,0,0,1,1,1,1,0,0,0,0,1,1,1,1,0,0,0,0,1,1,1,1,0,0,0,0,1,1,1,1,0,0,0,0,1,1,1,1,0,0,0,0,1,1,1,1,0,0,0,0,1,1,1,1,32,0,Unicorn_Absent,-1,-1.0,6,745,1.0,32.0,1.0,32.0,0.0,0.5,RIGHT,1.0,1.0,0.0,0,RIGHT,3,2
2999,37015829,60,582937,Absent,32,0,0,0,0,1,1,1,1,0,0,0,0,1,1,1,1,0,0,0,0,1,1,1,1,0,0,0,0,1,1,1,1,0,0,0,0,1,1,1,1,0,0,0,0,1,1,1,1,0,0,0,0,1,1,1,1,0,0,0,0,1,1,1,1,32,0,Unicorn_Absent,-1,-1.0,6,777,1.0,32.0,1.0,32.0,0.0,0.5,RIGHT,1.0,1.0,0.0,0,RIGHT,3,2
2402,39515303,2,395112,Absent,59,1,1,1,0,1,1,1,0,1,0,1,1,1,1,1,0,1,0,1,0,1,1,0,1,0,1,1,1,1,1,0,1,0,1,0,0,0,1,1,1,1,1,0,1,1,0,0,1,0,0,0,1,1,1,1,0,1,1,1,1,1,0,1,0,32,0,Unicorn_Absent,-1,-1.0,0,60,1.0,42.0,1.0,42.0,0.0,0.65625,RS,,,,,,3,2
2404,39515303,3,395112,Absent,56,0,0,1,0,1,1,1,1,0,1,1,1,1,0,1,0,1,1,0,1,1,0,1,1,0,0,0,1,1,0,0,0,1,0,1,1,0,0,0,1,1,1,0,1,1,1,0,0,1,0,0,1,0,1,1,1,0,1,1,0,1,1,1,0,32,0,Unicorn_Absent,-1,-1.0,0,92,1.0,37.0,0.46296296296296297,37.0,0.0,0.578125,RS,1.0,1.0,0.0,0,RS,3,2
2408,39515303,5,395112,Absent,36,0,0,0,0,0,0,0,0,0,1,1,1,1,1,1,0,0,1,1,1,1,1,1,0,0,1,1,1,1,1,1,0,0,1,1,1,1,1,1,0,0,1,1,1,1,1,1,0,0,1,1,1,1,1,1,0,0,0,0,0,0,0,0,0,14,18,Unicorn_Absent,-1,-1.0,7,138,0.8875,36.0,0.37735849056603776,50.0,0.537037037037037,0.5,IN,1.0,0.46296296296296297,0.0,0,RS,3,2
2410,39515303,6,395112,Absent,32,0,0,0,0,1,1,1,1,0,0,0,0,1,1,1,1,0,0,0,0,1,1,1,1,0,0,0,0,1,1,1,1,0,0,0,0,1,1,1,1,0,0,0,0,1,1,1,1,0,0,0,0,1,1,1,1,0,0,0,0,1,1,1,1,16,16,Unicorn_Absent,-1,-1.0,6,154,0.9,32.0,0.36,48.0,0.537037037037037,0.5,RIGHT,0.8875,0.37735849056603776,0.537037037037037,18,IN,3,2
2412,39515303,7,395112,Absent,32,0,0,0,0,0,0,0,0,0,0,0,0,0,0,0,0,0,0,0,0,0,0,0,0,0,0,0,0,0,0,0,0,1,1,1,1,1,1,1,1,1,1,1,1,1,1,1,1,1,1,1,1,1,1,1,1,1,1,1,1,1,1,1,1,14,18,Unicorn_Absent,-1,-1.0,3,168,0.8875,32.0,0.3333333333333333,50.0,0.37735849056603776,0.5,DOWN,0.9,0.36,0.537037037037037,16,RIGHT,3,2
2418,39515303,10,395112,Absent,32,1,1,1,1,1,1,1,1,1,1,1,1,1,1,1,1,1,1,1,1,1,1,1,1,1,1,1,1,1,1,1,1,0,0,0,0,0,0,0,0,0,0,0,0,0,0,0,0,0,0,0,0,0,0,0,0,0,0,0,0,0,0,0,0,32,0,Unicorn_Absent,-1,-1.0,4,264,1.0,32.0,0.0,64.0,0.37735849056603776,1.0,UP,0.8875,0.3333333333333333,0.37735849056603776,18,DOWN,3,2
2420,39515303,11,395112,Absent,32,0,0,0,0,1,1,1,1,0,0,0,0,1,1,1,1,0,0,0,0,1,1,1,1,0,0,0,0,1,1,1,1,0,0,0,0,1,1,1,1,0,0,0,0,1,1,1,1,0,0,0,0,1,1,1,1,0,0,0,0,1,1,1,1,16,16,Unicorn_Absent,-1,-1.0,6,280,0.9,32.0,0.3333333333333333,48.0,0.64,0.5,RIGHT,1.0,0.0,0.37735849056603776,0,UP,3,2
2434,39515303,18,395112,Absent,32,0,0,0,0,0,0,0,0,0,0,0,0,0,0,0,0,0,0,0,0,0,0,0,0,0,0,0,0,0,0,0,0,1,1,1,1,1,1,1,1,1,1,1,1,1,1,1,1,1,1,1,1,1,1,1,1,1,1,1,1,1,1,1,1,0,32,Unicorn_Absent,-1,-1.0,3,259,0.8,32.0,0.3333333333333333,32.0,0.64,0.0,DOWN,0.9,0.3333333333333333,0.64,16,RIGHT,3,2
2436,39515303,19,395112,Absent,32,0,0,0,0,0,0,0,0,0,0,0,0,0,0,0,0,0,0,0,0,0,0,0,0,0,0,0,0,0,0,0,0,1,1,1,1,1,1,1,1,1,1,1,1,1,1,1,1,1,1,1,1,1,1,1,1,1,1,1,1,1,1,1,1,16,16,Unicorn_Absent,-1,-1.0,3,275,0.9,32.0,1.0,48.0,0.026666666666666672,0.5,DOWN,0.8,0.3333333333333333,0.64,32,DOWN,3,2
2440,39515303,21,395112,Absent,32,0,0,0,0,1,1,1,1,0,0,0,0,1,1,1,1,0,0,0,0,1,1,1,1,0,0,0,0,1,1,1,1,0,0,0,0,1,1,1,1,0,0,0,0,1,1,1,1,0,0,0,0,1,1,1,1,0,0,0,0,1,1,1,1,32,0,Unicorn_Absent,-1,-1.0,6,227,1.0,32.0,0.3333333333333333,32.0,0.026666666666666672,0.5,RIGHT,0.9,1.0,0.026666666666666672,16,DOWN,3,2
2448,39515303,25,395112,Absent,32,0,0,0,0,1,1,1,1,0,0,0,0,1,1,1,1,0,0,0,0,1,1,1,1,0,0,0,0,1,1,1,1,0,0,0,0,1,1,1,1,0,0,0,0,1,1,1,1,0,0,0,0,1,1,1,1,0,0,0,0,1,1,1,1,32,0,Unicorn_Absent,-1,-1.0,6,259,1.0,32.0,1.0,64.0,0.36,1.0,RIGHT,1.0,0.3333333333333333,0.026666666666666672,0,RIGHT,3,2
2452,39515303,27,395112,Absent,32,0,0,0,0,1,1,1,1,0,0,0,0,1,1,1,1,0,0,0,0,1,1,1,1,0,0,0,0,1,1,1,1,0,0,0,0,1,1,1,1,0,0,0,0,1,1,1,1,0,0,0,0,1,1,1,1,0,0,0,0,1,1,1,1,32,0,Unicorn_Absent,-1,-1.0,6,323,1.0,32.0,1.0,64.0,0.36,1.0,RIGHT,1.0,1.0,0.36,0,RIGHT,3,2
2454,39515303,28,395112,Absent,32,0,0,0,0,1,1,1,1,0,0,0,0,1,1,1,1,0,0,0,0,1,1,1,1,0,0,0,0,1,1,1,1,0,0,0,0,1,1,1,1,0,0,0,0,1,1,1,1,0,0,0,0,1,1,1,1,0,0,0,0,1,1,1,1,32,0,Unicorn_Absent,-1,-1.0,6,355,1.0,32.0,1.0,64.0,0.6666666666666667,1.0,RIGHT,1.0,1.0,0.36,0,RIGHT,3,2
2458,39515303,30,395112,Absent,32,0,0,0,0,1,1,1,1,0,0,0,0,1,1,1,1,0,0,0,0,1,1,1,1,0,0,0,0,1,1,1,1,0,0,0,0,1,1,1,1,0,0,0,0,1,1,1,1,0,0,0,0,1,1,1,1,0,0,0,0,1,1,1,1,32,0,Unicorn_Absent,-1,-1.0,6,419,1.0,32.0,1.0,64.0,0.6666666666666667,1.0,RIGHT,1.0,1.0,0.6666666666666667,0,RIGHT,3,2
2462,39515303,32,395112,Absent,28,1,1,1,1,1,1,1,1,1,0,0,0,0,0,0,1,1,0,0,0,0,0,0,1,1,0,0,0,0,0,0,1,1,0,0,0,0,0,0,1,1,0,0,0,0,0,0,1,1,0,0,0,0,0,0,1,1,1,1,1,1,1,1,1,18,14,Unicorn_Absent,-1,-1.0,8,357,0.9125,28.0,0.30434782608695654,46.0,0.6666666666666667,0.5,OUT,1.0,1.0,0.6666666666666667,0,RIGHT,3,2
2468,39515303,35,395112,Absent,32,0,0,0,0,0,0,0,0,0,0,0,0,0,0,0,0,0,0,0,0,0,0,0,0,0,0,0,0,0,0,0,0,1,1,1,1,1,1,1,1,1,1,1,1,1,1,1,1,1,1,1,1,1,1,1,1,1,1,1,1,1,1,1,1,0,32,Unicorn_Absent,-1,-1.0,3,413,0.8,32.0,0.30434782608695654,64.0,0.6666666666666667,0.5,DOWN,0.9125,0.30434782608695654,0.6666666666666667,14,OUT,3,2
2472,39515303,37,395112,Absent,64,1,1,1,1,1,1,1,1,1,1,1,1,1,1,1,1,1,1,1,1,1,1,1,1,1,1,1,1,1,1,1,1,1,1,1,1,1,1,1,1,1,1,1,1,1,1,1,1,1,1,1,1,1,1,1,1,1,1,1,1,1,1,1,1,0,32,Unicorn_Absent,-1,-1.0,1,349,0.8,64.0,0.5,64.0,0.6666666666666667,0.5,ALL,0.8,0.30434782608695654,0.6666666666666667,32,DOWN,3,2
2476,39515303,39,395112,Absent,32,1,1,1,1,0,0,0,0,1,1,1,1,0,0,0,0,1,1,1,1,0,0,0,0,1,1,1,1,0,0,0,0,1,1,1,1,0,0,0,0,1,1,1,1,0,0,0,0,1,1,1,1,0,0,0,0,1,1,1,1,0,0,0,0,0,32,Unicorn_Absent,-1,-1.0,5,358,0.8,32.0,0.5,32.0,0.6666666666666667,0.0,LEFT,0.8,0.5,0.6666666666666667,32,ALL,3,2
2486,39515303,44,395112,Absent,0,0,0,0,0,0,0,0,0,0,0,0,0,0,0,0,0,0,0,0,0,0,0,0,0,0,0,0,0,0,0,0,0,0,0,0,0,0,0,0,0,0,0,0,0,0,0,0,0,0,0,0,0,0,0,0,0,0,0,0,0,0,0,0,0,32,0,Unicorn_Absent,-1,-1.0,2,270,1.0,0.0,0.0,32.0,0.3333333333333333,0.5,NOTHING,0.8,0.5,0.6666666666666667,32,LEFT,3,2
2488,39515303,45,395112,Absent,0,0,0,0,0,0,0,0,0,0,0,0,0,0,0,0,0,0,0,0,0,0,0,0,0,0,0,0,0,0,0,0,0,0,0,0,0,0,0,0,0,0,0,0,0,0,0,0,0,0,0,0,0,0,0,0,0,0,0,0,0,0,0,0,0,32,0,Unicorn_Absent,-1,-1.0,2,302,1.0,0.0,1.0,32.0,0.3333333333333333,0.5,NOTHING,1.0,0.0,0.3333333333333333,0,NOTHING,3,2
2490,39515303,46,395112,Absent,0,0,0,0,0,0,0,0,0,0,0,0,0,0,0,0,0,0,0,0,0,0,0,0,0,0,0,0,0,0,0,0,0,0,0,0,0,0,0,0,0,0,0,0,0,0,0,0,0,0,0,0,0,0,0,0,0,0,0,0,0,0,0,0,0,32,0,Unicorn_Absent,-1,-1.0,2,334,1.0,0.0,1.0,32.0,1.0,0.5,NOTHING,1.0,1.0,0.3333333333333333,0,NOTHING,3,2
2494,39515303,48,395112,Absent,0,0,0,0,0,0,0,0,0,0,0,0,0,0,0,0,0,0,0,0,0,0,0,0,0,0,0,0,0,0,0,0,0,0,0,0,0,0,0,0,0,0,0,0,0,0,0,0,0,0,0,0,0,0,0,0,0,0,0,0,0,0,0,0,0,32,0,Unicorn_Absent,-1,-1.0,2,398,1.0,0.0,1.0,32.0,1.0,0.5,NOTHING,1.0,1.0,1.0,0,NOTHING,3,2
2498,39515303,50,395112,Absent,0,0,0,0,0,0,0,0,0,0,0,0,0,0,0,0,0,0,0,0,0,0,0,0,0,0,0,0,0,0,0,0,0,0,0,0,0,0,0,0,0,0,0,0,0,0,0,0,0,0,0,0,0,0,0,0,0,0,0,0,0,0,0,0,0,32,0,Unicorn_Absent,-1,-1.0,2,462,1.0,0.0,1.0,32.0,0.0,0.5,NOTHING,1.0,1.0,1.0,0,NOTHING,3,2
2500,39515303,51,395112,Absent,0,0,0,0,0,0,0,0,0,0,0,0,0,0,0,0,0,0,0,0,0,0,0,0,0,0,0,0,0,0,0,0,0,0,0,0,0,0,0,0,0,0,0,0,0,0,0,0,0,0,0,0,0,0,0,0,0,0,0,0,0,0,0,0,0,32,0,Unicorn_Absent,-1,-1.0,2,494,1.0,0.0,1.0,32.0,0.0,0.5,NOTHING,1.0,1.0,0.0,0,NOTHING,3,2
2502,39515303,52,395112,Absent,0,0,0,0,0,0,0,0,0,0,0,0,0,0,0,0,0,0,0,0,0,0,0,0,0,0,0,0,0,0,0,0,0,0,0,0,0,0,0,0,0,0,0,0,0,0,0,0,0,0,0,0,0,0,0,0,0,0,0,0,0,0,0,0,0,32,0,Unicorn_Absent,-1,-1.0,2,526,1.0,0.0,1.0,32.0,0.0,0.5,NOTHING,1.0,1.0,0.0,0,NOTHING,3,2
2506,39515303,54,395112,Absent,0,0,0,0,0,0,0,0,0,0,0,0,0,0,0,0,0,0,0,0,0,0,0,0,0,0,0,0,0,0,0,0,0,0,0,0,0,0,0,0,0,0,0,0,0,0,0,0,0,0,0,0,0,0,0,0,0,0,0,0,0,0,0,0,0,32,0,Unicorn_Absent,-1,-1.0,2,590,1.0,0.0,1.0,28.0,0.0,0.4375,NOTHING,1.0,1.0,0.0,0,NOTHING,3,2
2508,39515303,55,395112,Absent,0,0,0,0,0,0,0,0,0,0,0,0,0,0,0,0,0,0,0,0,0,0,0,0,0,0,0,0,0,0,0,0,0,0,0,0,0,0,0,0,0,0,0,0,0,0,0,0,0,0,0,0,0,0,0,0,0,0,0,0,0,0,0,0,0,32,0,Unicorn_Absent,-1,-1.0,2,622,1.0,0.0,1.0,32.0,0.0,0.5,NOTHING,1.0,1.0,0.0,0,NOTHING,3,2
2514,39515303,58,395112,Absent,0,0,0,0,0,0,0,0,0,0,0,0,0,0,0,0,0,0,0,0,0,0,0,0,0,0,0,0,0,0,0,0,0,0,0,0,0,0,0,0,0,0,0,0,0,0,0,0,0,0,0,0,0,0,0,0,0,0,0,0,0,0,0,0,0,32,0,Unicorn_Absent,-1,-1.0,2,718,1.0,0.0,1.0,32.0,0.0,0.5,NOTHING,1.0,1.0,0.0,0,NOTHING,3,2
2516,39515303,59,395112,Absent,32,1,1,1,1,1,1,1,1,1,1,1,1,1,1,1,1,1,1,1,1,1,1,1,1,1,1,1,1,1,1,1,1,0,0,0,0,0,0,0,0,0,0,0,0,0,0,0,0,0,0,0,0,0,0,0,0,0,0,0,0,0,0,0,0,16,16,Unicorn_Absent,-1,-1.0,4,734,0.9,32.0,0.0,48.0,0.028985507246376774,0.5,UP,1.0,1.0,0.0,0,NOTHING,3,2
2403,39515303,2,530318,Absent,0,0,0,0,0,0,0,0,0,0,0,0,0,0,0,0,0,0,0,0,0,0,0,0,0,0,0,0,0,0,0,0,0,0,0,0,0,0,0,0,0,0,0,0,0,0,0,0,0,0,0,0,0,0,0,0,0,0,0,0,0,0,0,0,0,32,0,Unicorn_Absent,-1,-1.0,2,60,1.0,0.0,1.0,42.0,0.028985507246376774,0.65625,NOTHING,,,,,,3,2
2405,39515303,3,530318,Absent,0,0,0,0,0,0,0,0,0,0,0,0,0,0,0,0,0,0,0,0,0,0,0,0,0,0,0,0,0,0,0,0,0,0,0,0,0,0,0,0,0,0,0,0,0,0,0,0,0,0,0,0,0,0,0,0,0,0,0,0,0,0,0,0,0,32,0,Unicorn_Absent,-1,-1.0,2,92,1.0,0.0,1.0,37.0,0.19565217391304346,0.578125,NOTHING,1.0,1.0,0.028985507246376774,0,NOTHING,3,2
2409,39515303,5,530318,Absent,32,0,0,0,0,0,0,0,0,0,0,0,0,0,0,0,0,0,0,0,0,0,0,0,0,0,0,0,0,0,0,0,0,1,1,1,1,1,1,1,1,1,1,1,1,1,1,1,1,1,1,1,1,1,1,1,1,1,1,1,1,1,1,1,1,14,18,Unicorn_Absent,-1,-1.0,3,138,0.8875,32.0,0.0,50.0,0.19565217391304346,0.5,DOWN,1.0,1.0,0.19565217391304346,0,NOTHING,3,2
2411,39515303,6,530318,Absent,32,0,0,0,0,0,0,0,0,0,0,0,0,0,0,0,0,0,0,0,0,0,0,0,0,0,0,0,0,0,0,0,0,1,1,1,1,1,1,1,1,1,1,1,1,1,1,1,1,1,1,1,1,1,1,1,1,1,1,1,1,1,1,1,1,16,16,Unicorn_Absent,-1,-1.0,3,154,0.9,32.0,1.0,48.0,0.0,0.5,DOWN,0.8875,0.0,0.19565217391304346,18,DOWN,3,2
2413,39515303,7,530318,Absent,36,0,0,0,0,0,0,0,0,0,1,1,1,1,1,1,0,0,1,1,1,1,1,1,0,0,1,1,1,1,1,1,0,0,1,1,1,1,1,1,0,0,1,1,1,1,1,1,0,0,1,1,1,1,1,1,0,0,0,0,0,0,0,0,0,14,18,Unicorn_Absent,-1,-1.0,7,168,0.8875,36.0,0.36,50.0,0.0,0.5,IN,0.9,1.0,0.0,16,DOWN,3,2
2419,39515303,10,530318,Absent,32,0,0,0,0,0,0,0,0,0,0,0,0,0,0,0,0,0,0,0,0,0,0,0,0,0,0,0,0,0,0,0,0,1,1,1,1,1,1,1,1,1,1,1,1,1,1,1,1,1,1,1,1,1,1,1,1,1,1,1,1,1,1,1,1,32,0,Unicorn_Absent,-1,-1.0,3,264,1.0,32.0,0.36,64.0,0.16666666666666669,1.0,DOWN,0.8875,0.36,0.0,18,IN,3,2
2421,39515303,11,530318,Absent,32,0,0,0,0,0,0,0,0,0,0,0,0,0,0,0,0,0,0,0,0,0,0,0,0,0,0,0,0,0,0,0,0,1,1,1,1,1,1,1,1,1,1,1,1,1,1,1,1,1,1,1,1,1,1,1,1,1,1,1,1,1,1,1,1,16,16,Unicorn_Absent,-1,-1.0,3,280,0.9,32.0,1.0,48.0,0.16666666666666669,0.5,DOWN,1.0,0.36,0.16666666666666669,0,DOWN,3,2
2435,39515303,18,530318,Absent,32,0,0,0,0,0,0,0,0,0,0,0,0,0,0,0,0,0,0,0,0,0,0,0,0,0,0,0,0,0,0,0,0,1,1,1,1,1,1,1,1,1,1,1,1,1,1,1,1,1,1,1,1,1,1,1,1,1,1,1,1,1,1,1,1,0,32,Unicorn_Absent,-1,-1.0,3,259,0.8,32.0,1.0,32.0,0.3333333333333333,0.0,DOWN,0.9,1.0,0.16666666666666669,16,DOWN,3,2
2437,39515303,19,530318,Absent,32,0,0,0,0,1,1,1,1,0,0,0,0,1,1,1,1,0,0,0,0,1,1,1,1,0,0,0,0,1,1,1,1,0,0,0,0,1,1,1,1,0,0,0,0,1,1,1,1,0,0,0,0,1,1,1,1,0,0,0,0,1,1,1,1,16,16,Unicorn_Absent,-1,-1.0,6,275,0.9,32.0,0.3333333333333333,48.0,0.3333333333333333,0.5,RIGHT,0.8,1.0,0.3333333333333333,32,DOWN,3,2
2441,39515303,21,530318,Absent,0,0,0,0,0,0,0,0,0,0,0,0,0,0,0,0,0,0,0,0,0,0,0,0,0,0,0,0,0,0,0,0,0,0,0,0,0,0,0,0,0,0,0,0,0,0,0,0,0,0,0,0,0,0,0,0,0,0,0,0,0,0,0,0,0,32,0,Unicorn_Absent,-1,-1.0,2,227,1.0,0.0,0.0,32.0,0.0,0.5,NOTHING,0.9,0.3333333333333333,0.3333333333333333,16,RIGHT,3,2
2449,39515303,25,530318,Absent,32,1,1,1,1,0,0,0,0,1,1,1,1,0,0,0,0,1,1,1,1,0,0,0,0,1,1,1,1,0,0,0,0,1,1,1,1,0,0,0,0,1,1,1,1,0,0,0,0,1,1,1,1,0,0,0,0,1,1,1,1,0,0,0,0,32,0,Unicorn_Absent,-1,-1.0,5,259,1.0,32.0,0.0,64.0,0.0,1.0,LEFT,1.0,0.0,0.0,0,NOTHING,3,2
2453,39515303,27,530318,Absent,32,1,1,1,1,0,0,0,0,1,1,1,1,0,0,0,0,1,1,1,1,0,0,0,0,1,1,1,1,0,0,0,0,1,1,1,1,0,0,0,0,1,1,1,1,0,0,0,0,1,1,1,1,0,0,0,0,1,1,1,1,0,0,0,0,32,0,Unicorn_Absent,-1,-1.0,5,323,1.0,32.0,1.0,64.0,0.0,1.0,LEFT,1.0,0.0,0.0,0,LEFT,3,2
2455,39515303,28,530318,Absent,32,1,1,1,1,0,0,0,0,1,1,1,1,0,0,0,0,1,1,1,1,0,0,0,0,1,1,1,1,0,0,0,0,1,1,1,1,0,0,0,0,1,1,1,1,0,0,0,0,1,1,1,1,0,0,0,0,1,1,1,1,0,0,0,0,32,0,Unicorn_Absent,-1,-1.0,5,355,1.0,32.0,1.0,64.0,0.0,1.0,LEFT,1.0,1.0,0.0,0,LEFT,3,2
2459,39515303,30,530318,Absent,32,1,1,1,1,0,0,0,0,1,1,1,1,0,0,0,0,1,1,1,1,0,0,0,0,1,1,1,1,0,0,0,0,1,1,1,1,0,0,0,0,1,1,1,1,0,0,0,0,1,1,1,1,0,0,0,0,1,1,1,1,0,0,0,0,32,0,Unicorn_Absent,-1,-1.0,5,419,1.0,32.0,1.0,64.0,0.0,1.0,LEFT,1.0,1.0,0.0,0,LEFT,3,2
2463,39515303,32,530318,Absent,32,1,1,1,1,1,1,1,1,1,1,1,1,1,1,1,1,1,1,1,1,1,1,1,1,1,1,1,1,1,1,1,1,0,0,0,0,0,0,0,0,0,0,0,0,0,0,0,0,0,0,0,0,0,0,0,0,0,0,0,0,0,0,0,0,18,14,Unicorn_Absent,-1,-1.0,4,357,0.9125,32.0,0.3333333333333333,46.0,0.0,0.5,UP,1.0,1.0,0.0,0,LEFT,3,2
2469,39515303,35,530318,Absent,64,1,1,1,1,1,1,1,1,1,1,1,1,1,1,1,1,1,1,1,1,1,1,1,1,1,1,1,1,1,1,1,1,1,1,1,1,1,1,1,1,1,1,1,1,1,1,1,1,1,1,1,1,1,1,1,1,1,1,1,1,1,1,1,1,0,32,Unicorn_Absent,-1,-1.0,1,413,0.8,64.0,0.5,64.0,0.0,0.5,ALL,0.9125,0.3333333333333333,0.0,14,UP,3,2
2473,39515303,37,530318,Absent,32,0,0,0,0,0,0,0,0,0,0,0,0,0,0,0,0,0,0,0,0,0,0,0,0,0,0,0,0,0,0,0,0,1,1,1,1,1,1,1,1,1,1,1,1,1,1,1,1,1,1,1,1,1,1,1,1,1,1,1,1,1,1,1,1,0,32,Unicorn_Absent,-1,-1.0,3,349,0.8,32.0,0.5,64.0,0.0,0.5,DOWN,0.8,0.5,0.0,32,ALL,3,2
2477,39515303,39,530318,Absent,32,1,1,1,1,0,0,0,0,1,1,1,1,0,0,0,0,1,1,1,1,0,0,0,0,1,1,1,1,0,0,0,0,1,1,1,1,0,0,0,0,1,1,1,1,0,0,0,0,1,1,1,1,0,0,0,0,1,1,1,1,0,0,0,0,0,32,Unicorn_Absent,-1,-1.0,5,358,0.8,32.0,0.3333333333333333,32.0,0.6666666666666667,0.0,LEFT,0.8,0.5,0.0,32,DOWN,3,2
2487,39515303,44,530318,Absent,32,0,0,0,0,0,0,0,0,0,0,0,0,0,0,0,0,0,0,0,0,0,0,0,0,0,0,0,0,0,0,0,0,1,1,1,1,1,1,1,1,1,1,1,1,1,1,1,1,1,1,1,1,1,1,1,1,1,1,1,1,1,1,1,1,32,0,Unicorn_Absent,-1,-1.0,3,270,1.0,32.0,0.3333333333333333,32.0,0.6666666666666667,0.5,DOWN,0.8,0.3333333333333333,0.6666666666666667,32,LEFT,3,2
2489,39515303,45,530318,Absent,32,0,0,0,0,0,0,0,0,0,0,0,0,0,0,0,0,0,0,0,0,0,0,0,0,0,0,0,0,0,0,0,0,1,1,1,1,1,1,1,1,1,1,1,1,1,1,1,1,1,1,1,1,1,1,1,1,1,1,1,1,1,1,1,1,32,0,Unicorn_Absent,-1,-1.0,3,302,1.0,32.0,1.0,32.0,0.6666666666666667,0.5,DOWN,1.0,0.3333333333333333,0.6666666666666667,0,DOWN,3,2
2491,39515303,46,530318,Absent,32,0,0,0,0,0,0,0,0,0,0,0,0,0,0,0,0,0,0,0,0,0,0,0,0,0,0,0,0,0,0,0,0,1,1,1,1,1,1,1,1,1,1,1,1,1,1,1,1,1,1,1,1,1,1,1,1,1,1,1,1,1,1,1,1,32,0,Unicorn_Absent,-1,-1.0,3,334,1.0,32.0,1.0,32.0,0.6666666666666667,0.5,DOWN,1.0,1.0,0.6666666666666667,0,DOWN,3,2
2495,39515303,48,530318,Absent,32,0,0,0,0,0,0,0,0,0,0,0,0,0,0,0,0,0,0,0,0,0,0,0,0,0,0,0,0,0,0,0,0,1,1,1,1,1,1,1,1,1,1,1,1,1,1,1,1,1,1,1,1,1,1,1,1,1,1,1,1,1,1,1,1,32,0,Unicorn_Absent,-1,-1.0,3,398,1.0,32.0,1.0,32.0,0.6956521739130435,0.5,DOWN,1.0,1.0,0.6666666666666667,0,DOWN,3,2
2499,39515303,50,530318,Absent,32,0,0,0,0,0,0,0,0,0,0,0,0,0,0,0,0,0,0,0,0,0,0,0,0,0,0,0,0,0,0,0,0,1,1,1,1,1,1,1,1,1,1,1,1,1,1,1,1,1,1,1,1,1,1,1,1,1,1,1,1,1,1,1,1,32,0,Unicorn_Absent,-1,-1.0,3,462,1.0,32.0,1.0,32.0,0.6956521739130435,0.5,DOWN,1.0,1.0,0.6956521739130435,0,DOWN,3,2
2501,39515303,51,530318,Absent,32,0,0,0,0,1,1,1,1,0,0,0,0,1,1,1,1,0,0,0,0,1,1,1,1,0,0,0,0,1,1,1,1,0,0,0,0,1,1,1,1,0,0,0,0,1,1,1,1,0,0,0,0,1,1,1,1,0,0,0,0,1,1,1,1,32,0,Unicorn_Absent,-1,-1.0,6,494,1.0,32.0,0.3333333333333333,32.0,0.6956521739130435,0.5,RIGHT,1.0,1.0,0.6956521739130435,0,DOWN,3,2
2503,39515303,52,530318,Absent,32,0,0,0,0,0,0,0,0,0,0,0,0,0,0,0,0,0,0,0,0,0,0,0,0,0,0,0,0,0,0,0,0,1,1,1,1,1,1,1,1,1,1,1,1,1,1,1,1,1,1,1,1,1,1,1,1,1,1,1,1,1,1,1,1,32,0,Unicorn_Absent,-1,-1.0,3,526,1.0,32.0,0.3333333333333333,32.0,0.6956521739130435,0.5,DOWN,1.0,0.3333333333333333,0.6956521739130435,0,RIGHT,3,2
2507,39515303,54,530318,Absent,28,1,1,1,1,1,1,1,1,1,0,0,0,0,0,0,1,1,0,0,0,0,0,0,1,1,0,0,0,0,0,0,1,1,0,0,0,0,0,0,1,1,0,0,0,0,0,0,1,1,0,0,0,0,0,0,1,1,1,1,1,1,1,1,1,32,0,Unicorn_Absent,-1,-1.0,8,590,1.0,28.0,0.30434782608695654,28.0,0.0,0.4375,OUT,1.0,0.3333333333333333,0.6956521739130435,0,DOWN,3,2
2509,39515303,55,530318,Absent,32,1,1,1,1,0,0,0,0,1,1,1,1,0,0,0,0,1,1,1,1,0,0,0,0,1,1,1,1,0,0,0,0,1,1,1,1,0,0,0,0,1,1,1,1,0,0,0,0,1,1,1,1,0,0,0,0,1,1,1,1,0,0,0,0,32,0,Unicorn_Absent,-1,-1.0,5,622,1.0,32.0,0.30434782608695654,32.0,0.0,0.5,LEFT,1.0,0.30434782608695654,0.0,0,OUT,3,2
2515,39515303,58,530318,Absent,32,1,1,1,1,0,0,0,0,1,1,1,1,0,0,0,0,1,1,1,1,0,0,0,0,1,1,1,1,0,0,0,0,1,1,1,1,0,0,0,0,1,1,1,1,0,0,0,0,1,1,1,1,0,0,0,0,1,1,1,1,0,0,0,0,32,0,Unicorn_Absent,-1,-1.0,5,718,1.0,32.0,1.0,32.0,1.0,0.5,LEFT,1.0,0.30434782608695654,0.0,0,LEFT,3,2
2517,39515303,59,530318,Absent,32,1,1,1,1,0,0,0,0,1,1,1,1,0,0,0,0,1,1,1,1,0,0,0,0,1,1,1,1,0,0,0,0,1,1,1,1,0,0,0,0,1,1,1,1,0,0,0,0,1,1,1,1,0,0,0,0,1,1,1,1,0,0,0,0,16,16,Unicorn_Absent,-1,-1.0,5,734,0.9,32.0,1.0,48.0,1.0,0.5,LEFT,1.0,1.0,1.0,0,LEFT,3,2
4562,41154236,2,411565,Absent,32,0,0,0,0,1,1,1,1,0,0,0,0,1,1,1,1,0,0,0,0,1,1,1,1,0,0,0,0,1,1,1,1,0,0,0,0,1,1,1,1,0,0,0,0,1,1,1,1,0,0,0,0,1,1,1,1,0,0,0,0,1,1,1,1,16,16,Unicorn_Absent,-1,-1.0,6,48,0.9,32.0,1.0,48.0,0.0,0.5,RIGHT,,,,,,3,2
4564,41154236,3,411565,Absent,32,1,1,1,1,1,1,1,1,1,1,1,1,1,1,1,1,1,1,1,1,1,1,1,1,1,1,1,1,1,1,1,1,0,0,0,0,0,0,0,0,0,0,0,0,0,0,0,0,0,0,0,0,0,0,0,0,0,0,0,0,0,0,0,0,32,0,Unicorn_Absent,-1,-1.0,4,80,1.0,32.0,0.3333333333333333,32.0,0.0,0.5,UP,0.9,1.0,0.0,16,RIGHT,3,2
4566,41154236,4,411565,Absent,32,1,1,1,1,1,1,1,1,1,1,1,1,1,1,1,1,1,1,1,1,1,1,1,1,1,1,1,1,1,1,1,1,0,0,0,0,0,0,0,0,0,0,0,0,0,0,0,0,0,0,0,0,0,0,0,0,0,0,0,0,0,0,0,0,32,0,Unicorn_Absent,-1,-1.0,4,112,1.0,32.0,1.0,32.0,0.3333333333333333,0.5,UP,1.0,0.3333333333333333,0.0,0,UP,3,2
4572,41154236,7,411565,Absent,32,0,0,0,0,0,0,0,0,0,0,0,0,0,0,0,0,0,0,0,0,0,0,0,0,0,0,0,0,0,0,0,0,1,1,1,1,1,1,1,1,1,1,1,1,1,1,1,1,1,1,1,1,1,1,1,1,1,1,1,1,1,1,1,1,14,18,Unicorn_Absent,-1,-1.0,3,-18,0.8875,32.0,0.0,50.0,0.3333333333333333,0.5,DOWN,1.0,1.0,0.3333333333333333,0,UP,3,2
4576,41154236,9,411565,Absent,36,0,0,0,0,0,0,0,0,0,1,1,1,1,1,1,0,0,1,1,1,1,1,1,0,0,1,1,1,1,1,1,0,0,1,1,1,1,1,1,0,0,1,1,1,1,1,1,0,0,1,1,1,1,1,1,0,0,0,0,0,0,0,0,0,-4,36,Unicorn_Absent,-1,-1.0,7,-86,0.775,36.0,0.36,36.0,0.0,0.0,IN,0.8875,0.0,0.3333333333333333,18,DOWN,3,2
4582,41154236,12,411565,Absent,32,0,0,0,0,1,1,1,1,0,0,0,0,1,1,1,1,0,0,0,0,1,1,1,1,0,0,0,0,1,1,1,1,0,0,0,0,1,1,1,1,0,0,0,0,1,1,1,1,0,0,0,0,1,1,1,1,0,0,0,0,1,1,1,1,32,0,Unicorn_Absent,-1,-1.0,6,2,1.0,32.0,0.36,32.0,0.0,0.5,RIGHT,0.775,0.36,0.0,36,IN,3,2
4584,41154236,13,411565,Absent,32,0,0,0,0,1,1,1,1,0,0,0,0,1,1,1,1,0,0,0,0,1,1,1,1,0,0,0,0,1,1,1,1,0,0,0,0,1,1,1,1,0,0,0,0,1,1,1,1,0,0,0,0,1,1,1,1,0,0,0,0,1,1,1,1,18,14,Unicorn_Absent,-1,-1.0,6,20,0.9125,32.0,1.0,46.0,0.0,0.5,RIGHT,1.0,0.36,0.0,0,RIGHT,3,2
4588,41154236,15,411565,Absent,32,0,0,0,0,1,1,1,1,0,0,0,0,1,1,1,1,0,0,0,0,1,1,1,1,0,0,0,0,1,1,1,1,0,0,0,0,1,1,1,1,0,0,0,0,1,1,1,1,0,0,0,0,1,1,1,1,0,0,0,0,1,1,1,1,16,16,Unicorn_Absent,-1,-1.0,6,60,0.9,32.0,1.0,48.0,0.0,0.5,RIGHT,0.9125,1.0,0.0,14,RIGHT,3,2
4590,41154236,16,411565,Absent,0,0,0,0,0,0,0,0,0,0,0,0,0,0,0,0,0,0,0,0,0,0,0,0,0,0,0,0,0,0,0,0,0,0,0,0,0,0,0,0,0,0,0,0,0,0,0,0,0,0,0,0,0,0,0,0,0,0,0,0,0,0,0,0,0,32,0,Unicorn_Absent,-1,-1.0,2,92,1.0,0.0,0.0,32.0,0.64,0.5,NOTHING,0.9,1.0,0.0,16,RIGHT,3,2
4594,41154236,18,411565,Absent,32,0,0,0,0,0,0,0,0,0,0,0,0,0,0,0,0,0,0,0,0,0,0,0,0,0,0,0,0,0,0,0,0,1,1,1,1,1,1,1,1,1,1,1,1,1,1,1,1,1,1,1,1,1,1,1,1,1,1,1,1,1,1,1,1,32,0,Unicorn_Absent,-1,-1.0,3,60,1.0,32.0,0.0,32.0,0.64,0.5,DOWN,1.0,0.0,0.64,0,NOTHING,3,2
4598,41154236,20,411565,Absent,32,1,1,1,1,0,0,0,0,1,1,1,1,0,0,0,0,1,1,1,1,0,0,0,0,1,1,1,1,0,0,0,0,1,1,1,1,0,0,0,0,1,1,1,1,0,0,0,0,1,1,1,1,0,0,0,0,1,1,1,1,0,0,0,0,14,18,Unicorn_Absent,-1,-1.0,5,10,0.8875,32.0,0.3333333333333333,50.0,0.36,0.5,LEFT,1.0,0.0,0.64,0,DOWN,3,2
4604,41154236,23,411565,Absent,28,1,1,1,1,1,1,1,1,1,0,0,0,0,0,0,1,1,0,0,0,0,0,0,1,1,0,0,0,0,0,0,1,1,0,0,0,0,0,0,1,1,0,0,0,0,0,0,1,1,0,0,0,0,0,0,1,1,1,1,1,1,1,1,1,18,14,Unicorn_Absent,-1,-1.0,8,87,0.9125,28.0,0.30434782608695654,46.0,0.36,0.5,OUT,0.8875,0.3333333333333333,0.36,18,LEFT,3,2
4606,41154236,24,411565,Absent,32,1,1,1,1,0,0,0,0,1,1,1,1,0,0,0,0,1,1,1,1,0,0,0,0,1,1,1,1,0,0,0,0,1,1,1,1,0,0,0,0,1,1,1,1,0,0,0,0,1,1,1,1,0,0,0,0,1,1,1,1,0,0,0,0,18,14,Unicorn_Absent,-1,-1.0,5,105,0.9125,32.0,0.30434782608695654,46.0,1.0,0.5,LEFT,0.9125,0.30434782608695654,0.36,14,OUT,3,2
4610,41154236,26,411565,Absent,0,0,0,0,0,0,0,0,0,0,0,0,0,0,0,0,0,0,0,0,0,0,0,0,0,0,0,0,0,0,0,0,0,0,0,0,0,0,0,0,0,0,0,0,0,0,0,0,0,0,0,0,0,0,0,0,0,0,0,0,0,0,0,0,0,32,0,Unicorn_Absent,-1,-1.0,2,157,1.0,0.0,0.0,32.0,1.0,0.5,NOTHING,0.9125,0.30434782608695654,1.0,14,LEFT,3,2
4614,41154236,28,411565,Absent,64,1,1,1,1,1,1,1,1,1,1,1,1,1,1,1,1,1,1,1,1,1,1,1,1,1,1,1,1,1,1,1,1,1,1,1,1,1,1,1,1,1,1,1,1,1,1,1,1,1,1,1,1,1,1,1,1,1,1,1,1,1,1,1,1,0,32,Unicorn_Absent,-1,-1.0,1,93,0.8,64.0,0.0,64.0,0.6956521739130435,0.5,ALL,1.0,0.0,1.0,0,NOTHING,3,2
4616,41154236,29,411565,Absent,64,1,1,1,1,1,1,1,1,1,1,1,1,1,1,1,1,1,1,1,1,1,1,1,1,1,1,1,1,1,1,1,1,1,1,1,1,1,1,1,1,1,1,1,1,1,1,1,1,1,1,1,1,1,1,1,1,1,1,1,1,1,1,1,1,-32,64,Unicorn_Absent,-1,-1.0,1,61,0.6,64.0,1.0,64.0,0.6956521739130435,0.0,ALL,0.8,0.0,0.6956521739130435,32,ALL,3,2
4618,41154236,30,411565,Absent,32,0,0,0,0,1,1,1,1,0,0,0,0,1,1,1,1,0,0,0,0,1,1,1,1,0,0,0,0,1,1,1,1,0,0,0,0,1,1,1,1,0,0,0,0,1,1,1,1,0,0,0,0,1,1,1,1,0,0,0,0,1,1,1,1,18,14,Unicorn_Absent,-1,-1.0,6,79,0.9125,32.0,0.5,46.0,0.3333333333333333,0.5,RIGHT,0.6,1.0,0.6956521739130435,64,ALL,3,2
4620,41154236,31,411565,Absent,32,0,0,0,0,1,1,1,1,0,0,0,0,1,1,1,1,0,0,0,0,1,1,1,1,0,0,0,0,1,1,1,1,0,0,0,0,1,1,1,1,0,0,0,0,1,1,1,1,0,0,0,0,1,1,1,1,0,0,0,0,1,1,1,1,32,0,Unicorn_Absent,-1,-1.0,6,111,1.0,32.0,1.0,64.0,0.3333333333333333,1.0,RIGHT,0.9125,0.5,0.3333333333333333,14,RIGHT,3,2
4624,41154236,33,411565,Absent,32,0,0,0,0,1,1,1,1,0,0,0,0,1,1,1,1,0,0,0,0,1,1,1,1,0,0,0,0,1,1,1,1,0,0,0,0,1,1,1,1,0,0,0,0,1,1,1,1,0,0,0,0,1,1,1,1,0,0,0,0,1,1,1,1,32,0,Unicorn_Absent,-1,-1.0,6,175,1.0,32.0,1.0,64.0,0.0,1.0,RIGHT,1.0,1.0,0.3333333333333333,0,RIGHT,3,2
4626,41154236,34,411565,Absent,32,0,0,0,0,1,1,1,1,0,0,0,0,1,1,1,1,0,0,0,0,1,1,1,1,0,0,0,0,1,1,1,1,0,0,0,0,1,1,1,1,0,0,0,0,1,1,1,1,0,0,0,0,1,1,1,1,0,0,0,0,1,1,1,1,32,0,Unicorn_Absent,-1,-1.0,6,207,1.0,32.0,1.0,64.0,0.0,1.0,RIGHT,1.0,1.0,0.0,0,RIGHT,3,2
4630,41154236,36,411565,Absent,32,0,0,0,0,1,1,1,1,0,0,0,0,1,1,1,1,0,0,0,0,1,1,1,1,0,0,0,0,1,1,1,1,0,0,0,0,1,1,1,1,0,0,0,0,1,1,1,1,0,0,0,0,1,1,1,1,0,0,0,0,1,1,1,1,16,16,Unicorn_Absent,-1,-1.0,6,255,0.9,32.0,1.0,48.0,0.3333333333333333,0.5,RIGHT,1.0,1.0,0.0,0,RIGHT,3,2
4632,41154236,37,411565,Absent,36,0,0,0,0,0,0,0,0,0,1,1,1,1,1,1,0,0,1,1,1,1,1,1,0,0,1,1,1,1,1,1,0,0,1,1,1,1,1,1,0,0,1,1,1,1,1,1,0,0,1,1,1,1,1,1,0,0,0,0,0,0,0,0,0,14,18,Unicorn_Absent,-1,-1.0,7,269,0.8875,36.0,0.36,50.0,0.3333333333333333,0.5,IN,0.9,1.0,0.3333333333333333,16,RIGHT,3,2
4634,41154236,38,411565,Absent,32,0,0,0,0,1,1,1,1,0,0,0,0,1,1,1,1,0,0,0,0,1,1,1,1,0,0,0,0,1,1,1,1,0,0,0,0,1,1,1,1,0,0,0,0,1,1,1,1,0,0,0,0,1,1,1,1,0,0,0,0,1,1,1,1,14,18,Unicorn_Absent,-1,-1.0,6,283,0.8875,32.0,0.36,50.0,0.055652173913043446,0.5,RIGHT,0.8875,0.36,0.3333333333333333,18,IN,3,2
4636,41154236,39,411565,Absent,32,0,0,0,0,1,1,1,1,0,0,0,0,1,1,1,1,0,0,0,0,1,1,1,1,0,0,0,0,1,1,1,1,0,0,0,0,1,1,1,1,0,0,0,0,1,1,1,1,0,0,0,0,1,1,1,1,0,0,0,0,1,1,1,1,0,32,Unicorn_Absent,-1,-1.0,6,283,0.8,32.0,1.0,32.0,0.055652173913043446,0.0,RIGHT,0.8875,0.36,0.055652173913043446,18,RIGHT,3,2
4648,41154236,45,411565,Absent,36,0,0,0,0,0,0,0,0,0,1,1,1,1,1,1,0,0,1,1,1,1,1,1,0,0,1,1,1,1,1,1,0,0,1,1,1,1,1,1,0,0,1,1,1,1,1,1,0,0,1,1,1,1,1,1,0,0,0,0,0,0,0,0,0,14,18,Unicorn_Absent,-1,-1.0,7,338,0.8875,36.0,0.36,50.0,0.0,0.5,IN,0.8,1.0,0.055652173913043446,32,RIGHT,3,2
4656,41154236,49,411565,Absent,32,1,1,1,1,0,0,0,0,1,1,1,1,0,0,0,0,1,1,1,1,0,0,0,0,1,1,1,1,0,0,0,0,1,1,1,1,0,0,0,0,1,1,1,1,0,0,0,0,1,1,1,1,0,0,0,0,1,1,1,1,0,0,0,0,16,16,Unicorn_Absent,-1,-1.0,5,331,0.9,32.0,0.36,48.0,0.0,0.5,LEFT,0.8875,0.36,0.0,18,IN,3,2
4658,41154236,50,411565,Absent,32,0,0,0,0,1,1,1,1,0,0,0,0,1,1,1,1,0,0,0,0,1,1,1,1,0,0,0,0,1,1,1,1,0,0,0,0,1,1,1,1,0,0,0,0,1,1,1,1,0,0,0,0,1,1,1,1,0,0,0,0,1,1,1,1,14,18,Unicorn_Absent,-1,-1.0,6,345,0.8875,32.0,0.0,50.0,0.30434782608695654,0.5,RIGHT,0.9,0.36,0.0,16,LEFT,3,2
4660,41154236,51,411565,Absent,32,0,0,0,0,1,1,1,1,0,0,0,0,1,1,1,1,0,0,0,0,1,1,1,1,0,0,0,0,1,1,1,1,0,0,0,0,1,1,1,1,0,0,0,0,1,1,1,1,0,0,0,0,1,1,1,1,0,0,0,0,1,1,1,1,32,0,Unicorn_Absent,-1,-1.0,6,377,1.0,32.0,1.0,32.0,0.30434782608695654,0.5,RIGHT,0.8875,0.0,0.30434782608695654,18,RIGHT,3,2
4670,41154236,56,411565,Absent,32,1,1,1,1,0,0,0,0,1,1,1,1,0,0,0,0,1,1,1,1,0,0,0,0,1,1,1,1,0,0,0,0,1,1,1,1,0,0,0,0,1,1,1,1,0,0,0,0,1,1,1,1,0,0,0,0,1,1,1,1,0,0,0,0,18,14,Unicorn_Absent,-1,-1.0,5,322,0.9125,32.0,0.0,46.0,0.3333333333333333,0.5,LEFT,1.0,1.0,0.30434782608695654,0,RIGHT,3,2
4672,41154236,57,411565,Absent,32,1,1,1,1,0,0,0,0,1,1,1,1,0,0,0,0,1,1,1,1,0,0,0,0,1,1,1,1,0,0,0,0,1,1,1,1,0,0,0,0,1,1,1,1,0,0,0,0,1,1,1,1,0,0,0,0,1,1,1,1,0,0,0,0,16,16,Unicorn_Absent,-1,-1.0,5,338,0.9,32.0,1.0,48.0,0.3333333333333333,0.5,LEFT,0.9125,0.0,0.3333333333333333,14,LEFT,3,2
4676,41154236,59,411565,Absent,32,0,0,0,0,1,1,1,1,0,0,0,0,1,1,1,1,0,0,0,0,1,1,1,1,0,0,0,0,1,1,1,1,0,0,0,0,1,1,1,1,0,0,0,0,1,1,1,1,0,0,0,0,1,1,1,1,0,0,0,0,1,1,1,1,0,32,Unicorn_Absent,-1,-1.0,6,274,0.8,32.0,0.0,64.0,0.5,0.5,RIGHT,0.9,1.0,0.3333333333333333,16,LEFT,3,2
4678,41154236,60,411565,Absent,32,0,0,0,0,1,1,1,1,0,0,0,0,1,1,1,1,0,0,0,0,1,1,1,1,0,0,0,0,1,1,1,1,0,0,0,0,1,1,1,1,0,0,0,0,1,1,1,1,0,0,0,0,1,1,1,1,0,0,0,0,1,1,1,1,31,1,Unicorn_Absent,-1,-1.0,6,305,0.99375,32.0,1.0,37.0,0.5,0.5625,RIGHT,0.8,0.0,0.5,32,RIGHT,3,2
4563,41154236,2,423601,Absent,32,1,1,1,1,1,1,1,1,1,1,1,1,1,1,1,1,1,1,1,1,1,1,1,1,1,1,1,1,1,1,1,1,0,0,0,0,0,0,0,0,0,0,0,0,0,0,0,0,0,0,0,0,0,0,0,0,0,0,0,0,0,0,0,0,16,16,Unicorn_Absent,-1,-1.0,4,48,0.9,32.0,1.0,48.0,0.0625,0.5,UP,,,,,,3,2
4565,41154236,3,423601,Absent,0,0,0,0,0,0,0,0,0,0,0,0,0,0,0,0,0,0,0,0,0,0,0,0,0,0,0,0,0,0,0,0,0,0,0,0,0,0,0,0,0,0,0,0,0,0,0,0,0,0,0,0,0,0,0,0,0,0,0,0,0,0,0,0,0,32,0,Unicorn_Absent,-1,-1.0,2,80,1.0,0.0,0.0,32.0,0.0625,0.5,NOTHING,0.9,1.0,0.0625,16,UP,3,2
4567,41154236,4,423601,Absent,0,0,0,0,0,0,0,0,0,0,0,0,0,0,0,0,0,0,0,0,0,0,0,0,0,0,0,0,0,0,0,0,0,0,0,0,0,0,0,0,0,0,0,0,0,0,0,0,0,0,0,0,0,0,0,0,0,0,0,0,0,0,0,0,0,32,0,Unicorn_Absent,-1,-1.0,2,112,1.0,0.0,1.0,32.0,0.6956521739130435,0.5,NOTHING,1.0,0.0,0.0625,0,NOTHING,3,2
4573,41154236,7,423601,Absent,36,0,0,0,0,0,0,0,0,0,1,1,1,1,1,1,0,0,1,1,1,1,1,1,0,0,1,1,1,1,1,1,0,0,1,1,1,1,1,1,0,0,1,1,1,1,1,1,0,0,1,1,1,1,1,1,0,0,0,0,0,0,0,0,0,14,18,Unicorn_Absent,-1,-1.0,7,-18,0.8875,36.0,0.0,50.0,0.6956521739130435,0.5,IN,1.0,1.0,0.6956521739130435,0,NOTHING,3,2
4577,41154236,9,423601,Absent,36,0,0,0,0,0,0,0,0,0,1,1,1,1,1,1,0,0,1,1,1,1,1,1,0,0,1,1,1,1,1,1,0,0,1,1,1,1,1,1,0,0,1,1,1,1,1,1,0,0,1,1,1,1,1,1,0,0,0,0,0,0,0,0,0,-4,36,Unicorn_Absent,-1,-1.0,7,-86,0.775,36.0,1.0,36.0,0.0,0.0,IN,0.8875,0.0,0.6956521739130435,18,IN,3,2
4583,41154236,12,423601,Absent,0,0,0,0,0,0,0,0,0,0,0,0,0,0,0,0,0,0,0,0,0,0,0,0,0,0,0,0,0,0,0,0,0,0,0,0,0,0,0,0,0,0,0,0,0,0,0,0,0,0,0,0,0,0,0,0,0,0,0,0,0,0,0,0,0,32,0,Unicorn_Absent,-1,-1.0,2,2,1.0,0.0,0.0,32.0,0.0,0.5,NOTHING,0.775,1.0,0.0,36,IN,3,2
4585,41154236,13,423601,Absent,28,1,1,1,1,1,1,1,1,1,0,0,0,0,0,0,1,1,0,0,0,0,0,0,1,1,0,0,0,0,0,0,1,1,0,0,0,0,0,0,1,1,0,0,0,0,0,0,1,1,0,0,0,0,0,0,1,1,1,1,1,1,1,1,1,18,14,Unicorn_Absent,-1,-1.0,8,20,0.9125,28.0,0.0,46.0,0.0,0.5,OUT,1.0,0.0,0.0,0,NOTHING,3,2
4589,41154236,15,423601,Absent,32,0,0,0,0,0,0,0,0,0,0,0,0,0,0,0,0,0,0,0,0,0,0,0,0,0,0,0,0,0,0,0,0,1,1,1,1,1,1,1,1,1,1,1,1,1,1,1,1,1,1,1,1,1,1,1,1,1,1,1,1,1,1,1,1,16,16,Unicorn_Absent,-1,-1.0,3,60,0.9,32.0,0.30434782608695654,48.0,0.0,0.5,DOWN,0.9125,0.0,0.0,14,OUT,3,2
4591,41154236,16,423601,Absent,32,0,0,0,0,1,1,1,1,0,0,0,0,1,1,1,1,0,0,0,0,1,1,1,1,0,0,0,0,1,1,1,1,0,0,0,0,1,1,1,1,0,0,0,0,1,1,1,1,0,0,0,0,1,1,1,1,0,0,0,0,1,1,1,1,32,0,Unicorn_Absent,-1,-1.0,6,92,1.0,32.0,0.3333333333333333,32.0,0.6666666666666667,0.5,RIGHT,0.9,0.30434782608695654,0.0,16,DOWN,3,2
4595,41154236,18,423601,Absent,0,0,0,0,0,0,0,0,0,0,0,0,0,0,0,0,0,0,0,0,0,0,0,0,0,0,0,0,0,0,0,0,0,0,0,0,0,0,0,0,0,0,0,0,0,0,0,0,0,0,0,0,0,0,0,0,0,0,0,0,0,0,0,0,0,32,0,Unicorn_Absent,-1,-1.0,2,60,1.0,0.0,0.0,32.0,0.6666666666666667,0.5,NOTHING,1.0,0.3333333333333333,0.6666666666666667,0,RIGHT,3,2
4599,41154236,20,423601,Absent,36,0,0,0,0,0,0,0,0,0,1,1,1,1,1,1,0,0,1,1,1,1,1,1,0,0,1,1,1,1,1,1,0,0,1,1,1,1,1,1,0,0,1,1,1,1,1,1,0,0,1,1,1,1,1,1,0,0,0,0,0,0,0,0,0,14,18,Unicorn_Absent,-1,-1.0,7,10,0.8875,36.0,0.0,50.0,0.026666666666666672,0.5,IN,1.0,0.0,0.6666666666666667,0,NOTHING,3,2
4605,41154236,23,423601,Absent,32,1,1,1,1,0,0,0,0,1,1,1,1,0,0,0,0,1,1,1,1,0,0,0,0,1,1,1,1,0,0,0,0,1,1,1,1,0,0,0,0,1,1,1,1,0,0,0,0,1,1,1,1,0,0,0,0,1,1,1,1,0,0,0,0,18,14,Unicorn_Absent,-1,-1.0,5,87,0.9125,32.0,0.36,46.0,0.026666666666666672,0.5,LEFT,0.8875,0.0,0.026666666666666672,18,IN,3,2
4607,41154236,24,423601,Absent,28,1,1,1,1,1,1,1,1,1,0,0,0,0,0,0,1,1,0,0,0,0,0,0,1,1,0,0,0,0,0,0,1,1,0,0,0,0,0,0,1,1,0,0,0,0,0,0,1,1,0,0,0,0,0,0,1,1,1,1,1,1,1,1,1,18,14,Unicorn_Absent,-1,-1.0,8,105,0.9125,28.0,0.30434782608695654,46.0,0.0,0.5,OUT,0.9125,0.36,0.026666666666666672,14,LEFT,3,2
4611,41154236,26,423601,Absent,32,0,0,0,0,0,0,0,0,0,0,0,0,0,0,0,0,0,0,0,0,0,0,0,0,0,0,0,0,0,0,0,0,1,1,1,1,1,1,1,1,1,1,1,1,1,1,1,1,1,1,1,1,1,1,1,1,1,1,1,1,1,1,1,1,32,0,Unicorn_Absent,-1,-1.0,3,157,1.0,32.0,0.30434782608695654,32.0,0.0,0.5,DOWN,0.9125,0.30434782608695654,0.0,14,OUT,3,2
4615,41154236,28,423601,Absent,32,0,0,0,0,1,1,1,1,0,0,0,0,1,1,1,1,0,0,0,0,1,1,1,1,0,0,0,0,1,1,1,1,0,0,0,0,1,1,1,1,0,0,0,0,1,1,1,1,0,0,0,0,1,1,1,1,0,0,0,0,1,1,1,1,0,32,Unicorn_Absent,-1,-1.0,6,93,0.8,32.0,0.3333333333333333,64.0,0.64,0.5,RIGHT,1.0,0.30434782608695654,0.0,0,DOWN,3,2
4617,41154236,29,423601,Absent,64,1,1,1,1,1,1,1,1,1,1,1,1,1,1,1,1,1,1,1,1,1,1,1,1,1,1,1,1,1,1,1,1,1,1,1,1,1,1,1,1,1,1,1,1,1,1,1,1,1,1,1,1,1,1,1,1,1,1,1,1,1,1,1,1,-32,64,Unicorn_Absent,-1,-1.0,1,61,0.6,64.0,0.5,64.0,0.64,0.0,ALL,0.8,0.3333333333333333,0.64,32,RIGHT,3,2
4619,41154236,30,423601,Absent,28,1,1,1,1,1,1,1,1,1,0,0,0,0,0,0,1,1,0,0,0,0,0,0,1,1,0,0,0,0,0,0,1,1,0,0,0,0,0,0,1,1,0,0,0,0,0,0,1,1,0,0,0,0,0,0,1,1,1,1,1,1,1,1,1,18,14,Unicorn_Absent,-1,-1.0,8,79,0.9125,28.0,0.4375,46.0,0.026666666666666672,0.5,OUT,0.6,0.5,0.64,64,ALL,3,2
4621,41154236,31,423601,Absent,32,1,1,1,1,0,0,0,0,1,1,1,1,0,0,0,0,1,1,1,1,0,0,0,0,1,1,1,1,0,0,0,0,1,1,1,1,0,0,0,0,1,1,1,1,0,0,0,0,1,1,1,1,0,0,0,0,1,1,1,1,0,0,0,0,32,0,Unicorn_Absent,-1,-1.0,5,111,1.0,32.0,0.30434782608695654,64.0,0.026666666666666672,1.0,LEFT,0.9125,0.4375,0.026666666666666672,14,OUT,3,2
4625,41154236,33,423601,Absent,32,1,1,1,1,0,0,0,0,1,1,1,1,0,0,0,0,1,1,1,1,0,0,0,0,1,1,1,1,0,0,0,0,1,1,1,1,0,0,0,0,1,1,1,1,0,0,0,0,1,1,1,1,0,0,0,0,1,1,1,1,0,0,0,0,32,0,Unicorn_Absent,-1,-1.0,5,175,1.0,32.0,1.0,64.0,0.36,1.0,LEFT,1.0,0.30434782608695654,0.026666666666666672,0,LEFT,3,2
4627,41154236,34,423601,Absent,32,1,1,1,1,0,0,0,0,1,1,1,1,0,0,0,0,1,1,1,1,0,0,0,0,1,1,1,1,0,0,0,0,1,1,1,1,0,0,0,0,1,1,1,1,0,0,0,0,1,1,1,1,0,0,0,0,1,1,1,1,0,0,0,0,32,0,Unicorn_Absent,-1,-1.0,5,207,1.0,32.0,1.0,64.0,0.36,1.0,LEFT,1.0,1.0,0.36,0,LEFT,3,2
4631,41154236,36,423601,Absent,32,1,1,1,1,1,1,1,1,1,1,1,1,1,1,1,1,1,1,1,1,1,1,1,1,1,1,1,1,1,1,1,1,0,0,0,0,0,0,0,0,0,0,0,0,0,0,0,0,0,0,0,0,0,0,0,0,0,0,0,0,0,0,0,0,16,16,Unicorn_Absent,-1,-1.0,4,255,0.9,32.0,0.3333333333333333,48.0,0.36,0.5,UP,1.0,1.0,0.36,0,LEFT,3,2
4633,41154236,37,423601,Absent,32,0,0,0,0,1,1,1,1,0,0,0,0,1,1,1,1,0,0,0,0,1,1,1,1,0,0,0,0,1,1,1,1,0,0,0,0,1,1,1,1,0,0,0,0,1,1,1,1,0,0,0,0,1,1,1,1,0,0,0,0,1,1,1,1,14,18,Unicorn_Absent,-1,-1.0,6,269,0.8875,32.0,0.3333333333333333,50.0,0.36,0.5,RIGHT,0.9,0.3333333333333333,0.36,16,UP,3,2
4635,41154236,38,423601,Absent,36,0,0,0,0,0,0,0,0,0,1,1,1,1,1,1,0,0,1,1,1,1,1,1,0,0,1,1,1,1,1,1,0,0,1,1,1,1,1,1,0,0,1,1,1,1,1,1,0,0,1,1,1,1,1,1,0,0,0,0,0,0,0,0,0,14,18,Unicorn_Absent,-1,-1.0,7,283,0.8875,36.0,0.36,50.0,1.0,0.5,IN,0.8875,0.3333333333333333,0.36,18,RIGHT,3,2
4637,41154236,39,423601,Absent,32,0,0,0,0,1,1,1,1,0,0,0,0,1,1,1,1,0,0,0,0,1,1,1,1,0,0,0,0,1,1,1,1,0,0,0,0,1,1,1,1,0,0,0,0,1,1,1,1,0,0,0,0,1,1,1,1,0,0,0,0,1,1,1,1,0,32,Unicorn_Absent,-1,-1.0,6,283,0.8,32.0,0.36,32.0,1.0,0.0,RIGHT,0.8875,0.36,1.0,18,IN,3,2
4649,41154236,45,423601,Absent,32,0,0,0,0,0,0,0,0,0,0,0,0,0,0,0,0,0,0,0,0,0,0,0,0,0,0,0,0,0,0,0,0,1,1,1,1,1,1,1,1,1,1,1,1,1,1,1,1,1,1,1,1,1,1,1,1,1,1,1,1,1,1,1,1,14,18,Unicorn_Absent,-1,-1.0,3,338,0.8875,32.0,0.3333333333333333,50.0,0.0,0.5,DOWN,0.8,0.36,1.0,32,RIGHT,3,2
4657,41154236,49,423601,Absent,32,1,1,1,1,1,1,1,1,1,1,1,1,1,1,1,1,1,1,1,1,1,1,1,1,1,1,1,1,1,1,1,1,0,0,0,0,0,0,0,0,0,0,0,0,0,0,0,0,0,0,0,0,0,0,0,0,0,0,0,0,0,0,0,0,16,16,Unicorn_Absent,-1,-1.0,4,331,0.9,32.0,0.0,48.0,0.0,0.5,UP,0.8875,0.3333333333333333,0.0,18,DOWN,3,2
4659,41154236,50,423601,Absent,36,0,0,0,0,0,0,0,0,0,1,1,1,1,1,1,0,0,1,1,1,1,1,1,0,0,1,1,1,1,1,1,0,0,1,1,1,1,1,1,0,0,1,1,1,1,1,1,0,0,1,1,1,1,1,1,0,0,0,0,0,0,0,0,0,14,18,Unicorn_Absent,-1,-1.0,7,345,0.8875,36.0,0.36,50.0,0.6956521739130435,0.5,IN,0.9,0.0,0.0,16,UP,3,2
4661,41154236,51,423601,Absent,0,0,0,0,0,0,0,0,0,0,0,0,0,0,0,0,0,0,0,0,0,0,0,0,0,0,0,0,0,0,0,0,0,0,0,0,0,0,0,0,0,0,0,0,0,0,0,0,0,0,0,0,0,0,0,0,0,0,0,0,0,0,0,0,0,32,0,Unicorn_Absent,-1,-1.0,2,377,1.0,0.0,0.0,32.0,0.6956521739130435,0.5,NOTHING,0.8875,0.36,0.6956521739130435,18,IN,3,2
4671,41154236,56,423601,Absent,28,1,1,1,1,1,1,1,1,1,0,0,0,0,0,0,1,1,0,0,0,0,0,0,1,1,0,0,0,0,0,0,1,1,0,0,0,0,0,0,1,1,0,0,0,0,0,0,1,1,0,0,0,0,0,0,1,1,1,1,1,1,1,1,1,18,14,Unicorn_Absent,-1,-1.0,8,322,0.9125,28.0,0.0,46.0,0.5,0.5,OUT,1.0,0.0,0.6956521739130435,0,NOTHING,3,2
4673,41154236,57,423601,Absent,32,0,0,0,0,0,0,0,0,0,0,0,0,0,0,0,0,0,0,0,0,0,0,0,0,0,0,0,0,0,0,0,0,1,1,1,1,1,1,1,1,1,1,1,1,1,1,1,1,1,1,1,1,1,1,1,1,1,1,1,1,1,1,1,1,16,16,Unicorn_Absent,-1,-1.0,3,338,0.9,32.0,0.30434782608695654,48.0,0.5,0.5,DOWN,0.9125,0.0,0.5,14,OUT,3,2
4677,41154236,59,423601,Absent,64,1,1,1,1,1,1,1,1,1,1,1,1,1,1,1,1,1,1,1,1,1,1,1,1,1,1,1,1,1,1,1,1,1,1,1,1,1,1,1,1,1,1,1,1,1,1,1,1,1,1,1,1,1,1,1,1,1,1,1,1,1,1,1,1,0,32,Unicorn_Absent,-1,-1.0,1,274,0.8,64.0,0.5,64.0,0.90625,0.5,ALL,0.9,0.30434782608695654,0.5,16,DOWN,3,2
4679,41154236,60,423601,Absent,6,0,0,0,0,0,0,0,0,0,0,0,0,0,0,0,0,0,0,1,1,0,0,0,0,0,0,0,0,0,0,0,0,1,1,0,0,1,0,0,0,1,0,0,0,0,0,0,0,0,0,0,0,0,0,0,0,0,0,0,0,0,0,0,0,31,1,Unicorn_Absent,-1,-1.0,9,305,0.99375,6.0,0.09375,37.0,0.90625,0.5625,,0.8,0.5,0.90625,32,ALL,3,2
2048,45966028,5,459680,Absent,32,1,1,1,1,0,0,0,0,1,1,1,1,0,0,0,0,1,1,1,1,0,0,0,0,1,1,1,1,0,0,0,0,1,1,1,1,0,0,0,0,1,1,1,1,0,0,0,0,1,1,1,1,0,0,0,0,1,1,1,1,0,0,0,0,32,0,Unicorn_Absent,-1,-1.0,5,49,1.0,32.0,1.0,64.0,0.0,1.0,LEFT,,,,,,3,2
2050,45966028,6,459680,Absent,32,1,1,1,1,0,0,0,0,1,1,1,1,0,0,0,0,1,1,1,1,0,0,0,0,1,1,1,1,0,0,0,0,1,1,1,1,0,0,0,0,1,1,1,1,0,0,0,0,1,1,1,1,0,0,0,0,1,1,1,1,0,0,0,0,32,0,Unicorn_Absent,-1,-1.0,5,81,1.0,32.0,1.0,64.0,0.0,1.0,LEFT,1.0,1.0,0.0,0,LEFT,3,2
2052,45966028,7,459680,Absent,32,1,1,1,1,0,0,0,0,1,1,1,1,0,0,0,0,1,1,1,1,0,0,0,0,1,1,1,1,0,0,0,0,1,1,1,1,0,0,0,0,1,1,1,1,0,0,0,0,1,1,1,1,0,0,0,0,1,1,1,1,0,0,0,0,32,0,Unicorn_Absent,-1,-1.0,5,113,1.0,32.0,1.0,64.0,0.0,1.0,LEFT,1.0,1.0,0.0,0,LEFT,3,2
2064,45966028,13,459680,Absent,32,0,0,0,0,1,1,1,1,0,0,0,0,1,1,1,1,0,0,0,0,1,1,1,1,0,0,0,0,1,1,1,1,0,0,0,0,1,1,1,1,0,0,0,0,1,1,1,1,0,0,0,0,1,1,1,1,0,0,0,0,1,1,1,1,16,16,Unicorn_Absent,-1,-1.0,6,177,0.9,32.0,0.0,48.0,0.0,0.5,RIGHT,1.0,1.0,0.0,0,LEFT,3,2
2076,45966028,19,459680,Absent,28,1,1,1,1,1,1,1,1,1,0,0,0,0,0,0,1,1,0,0,0,0,0,0,1,1,0,0,0,0,0,0,1,1,0,0,0,0,0,0,1,1,0,0,0,0,0,0,1,1,0,0,0,0,0,0,1,1,1,1,1,1,1,1,1,32,0,Unicorn_Absent,-1,-1.0,8,242,1.0,28.0,0.30434782608695654,64.0,0.0,1.0,OUT,0.9,0.0,0.0,16,RIGHT,3,2
2078,45966028,20,459680,Absent,28,1,1,1,1,1,1,1,1,1,0,0,0,0,0,0,1,1,0,0,0,0,0,0,1,1,0,0,0,0,0,0,1,1,0,0,0,0,0,0,1,1,0,0,0,0,0,0,1,1,0,0,0,0,0,0,1,1,1,1,1,1,1,1,1,32,0,Unicorn_Absent,-1,-1.0,8,274,1.0,28.0,1.0,64.0,0.0,1.0,OUT,1.0,0.30434782608695654,0.0,0,OUT,3,2
2080,45966028,21,459680,Absent,28,1,1,1,1,1,1,1,1,1,0,0,0,0,0,0,1,1,0,0,0,0,0,0,1,1,0,0,0,0,0,0,1,1,0,0,0,0,0,0,1,1,0,0,0,0,0,0,1,1,0,0,0,0,0,0,1,1,1,1,1,1,1,1,1,32,0,Unicorn_Absent,-1,-1.0,8,306,1.0,28.0,1.0,64.0,0.3333333333333333,1.0,OUT,1.0,1.0,0.0,0,OUT,3,2
2082,45966028,22,459680,Absent,28,1,1,1,1,1,1,1,1,1,0,0,0,0,0,0,1,1,0,0,0,0,0,0,1,1,0,0,0,0,0,0,1,1,0,0,0,0,0,0,1,1,0,0,0,0,0,0,1,1,0,0,0,0,0,0,1,1,1,1,1,1,1,1,1,32,0,Unicorn_Absent,-1,-1.0,8,338,1.0,28.0,1.0,64.0,0.3333333333333333,1.0,OUT,1.0,1.0,0.3333333333333333,0,OUT,3,2
2090,45966028,26,459680,Absent,32,1,1,1,1,0,0,0,0,1,1,1,1,0,0,0,0,1,1,1,1,0,0,0,0,1,1,1,1,0,0,0,0,1,1,1,1,0,0,0,0,1,1,1,1,0,0,0,0,1,1,1,1,0,0,0,0,1,1,1,1,0,0,0,0,18,14,Unicorn_Absent,-1,-1.0,5,443,0.9125,32.0,0.30434782608695654,46.0,0.055652173913043446,0.5,LEFT,1.0,1.0,0.3333333333333333,0,OUT,3,2
2092,45966028,27,459680,Absent,0,0,0,0,0,0,0,0,0,0,0,0,0,0,0,0,0,0,0,0,0,0,0,0,0,0,0,0,0,0,0,0,0,0,0,0,0,0,0,0,0,0,0,0,0,0,0,0,0,0,0,0,0,0,0,0,0,0,0,0,0,0,0,0,0,32,0,Unicorn_Absent,-1,-1.0,2,475,1.0,0.0,0.0,32.0,0.055652173913043446,0.5,NOTHING,0.9125,0.30434782608695654,0.055652173913043446,14,LEFT,3,2
2096,45966028,29,459680,Absent,36,0,0,0,0,0,0,0,0,0,1,1,1,1,1,1,0,0,1,1,1,1,1,1,0,0,1,1,1,1,1,1,0,0,1,1,1,1,1,1,0,0,1,1,1,1,1,1,0,0,1,1,1,1,1,1,0,0,0,0,0,0,0,0,0,14,18,Unicorn_Absent,-1,-1.0,7,425,0.8875,36.0,0.0,50.0,0.0,0.5,IN,1.0,0.0,0.055652173913043446,0,NOTHING,3,2
2098,45966028,30,459680,Absent,0,0,0,0,0,0,0,0,0,0,0,0,0,0,0,0,0,0,0,0,0,0,0,0,0,0,0,0,0,0,0,0,0,0,0,0,0,0,0,0,0,0,0,0,0,0,0,0,0,0,0,0,0,0,0,0,0,0,0,0,0,0,0,0,0,32,0,Unicorn_Absent,-1,-1.0,2,457,1.0,0.0,0.0,36.0,0.0,0.5625,NOTHING,0.8875,0.0,0.0,18,IN,3,2
2106,45966028,34,459680,Absent,32,0,0,0,0,0,0,0,0,0,0,0,0,0,0,0,0,0,0,0,0,0,0,0,0,0,0,0,0,0,0,0,0,1,1,1,1,1,1,1,1,1,1,1,1,1,1,1,1,1,1,1,1,1,1,1,1,1,1,1,1,1,1,1,1,14,18,Unicorn_Absent,-1,-1.0,3,567,0.8875,32.0,0.0,50.0,0.0,0.5,DOWN,1.0,0.0,0.0,0,NOTHING,3,2
2110,45966028,36,459680,Absent,32,1,1,1,1,0,0,0,0,1,1,1,1,0,0,0,0,1,1,1,1,0,0,0,0,1,1,1,1,0,0,0,0,1,1,1,1,0,0,0,0,1,1,1,1,0,0,0,0,1,1,1,1,0,0,0,0,1,1,1,1,0,0,0,0,16,16,Unicorn_Absent,-1,-1.0,5,604,0.9,32.0,0.3333333333333333,48.0,0.0,0.5,LEFT,0.8875,0.0,0.0,18,DOWN,3,2
2116,45966028,39,459680,Absent,28,1,1,1,1,1,1,1,1,1,0,0,0,0,0,0,1,1,0,0,0,0,0,0,1,1,0,0,0,0,0,0,1,1,0,0,0,0,0,0,1,1,0,0,0,0,0,0,1,1,0,0,0,0,0,0,1,1,1,1,1,1,1,1,1,32,0,Unicorn_Absent,-1,-1.0,8,604,1.0,28.0,0.30434782608695654,64.0,0.0,1.0,OUT,0.9,0.3333333333333333,0.0,16,LEFT,3,2
2120,45966028,41,459680,Absent,32,1,1,1,1,0,0,0,0,1,1,1,1,0,0,0,0,1,1,1,1,0,0,0,0,1,1,1,1,0,0,0,0,1,1,1,1,0,0,0,0,1,1,1,1,0,0,0,0,1,1,1,1,0,0,0,0,1,1,1,1,0,0,0,0,18,14,Unicorn_Absent,-1,-1.0,5,642,0.9125,32.0,0.30434782608695654,46.0,0.0,0.5,LEFT,1.0,0.30434782608695654,0.0,0,OUT,3,2
2122,45966028,42,459680,Absent,36,0,0,0,0,0,0,0,0,0,1,1,1,1,1,1,0,0,1,1,1,1,1,1,0,0,1,1,1,1,1,1,0,0,1,1,1,1,1,1,0,0,1,1,1,1,1,1,0,0,1,1,1,1,1,1,0,0,0,0,0,0,0,0,0,-4,36,Unicorn_Absent,-1,-1.0,7,638,0.775,36.0,0.36,36.0,0.30434782608695654,0.0,IN,0.9125,0.30434782608695654,0.0,14,LEFT,3,2
2124,45966028,43,459680,Absent,28,1,1,1,1,1,1,1,1,1,0,0,0,0,0,0,1,1,0,0,0,0,0,0,1,1,0,0,0,0,0,0,1,1,0,0,0,0,0,0,1,1,0,0,0,0,0,0,1,1,0,0,0,0,0,0,1,1,1,1,1,1,1,1,1,18,14,Unicorn_Absent,-1,-1.0,8,656,0.9125,28.0,0.0,46.0,0.30434782608695654,0.5,OUT,0.775,0.36,0.30434782608695654,36,IN,3,2
2128,45966028,45,459680,Absent,36,0,0,0,0,0,0,0,0,0,1,1,1,1,1,1,0,0,1,1,1,1,1,1,0,0,1,1,1,1,1,1,0,0,1,1,1,1,1,1,0,0,1,1,1,1,1,1,0,0,1,1,1,1,1,1,0,0,0,0,0,0,0,0,0,-4,36,Unicorn_Absent,-1,-1.0,7,684,0.775,36.0,0.0,36.0,0.30434782608695654,0.0,IN,0.9125,0.0,0.30434782608695654,14,OUT,3,2
2134,45966028,48,459680,Absent,32,0,0,0,0,0,0,0,0,0,0,0,0,0,0,0,0,0,0,0,0,0,0,0,0,0,0,0,0,0,0,0,0,1,1,1,1,1,1,1,1,1,1,1,1,1,1,1,1,1,1,1,1,1,1,1,1,1,1,1,1,1,1,1,1,32,0,Unicorn_Absent,-1,-1.0,3,780,1.0,32.0,0.36,64.0,0.30434782608695654,1.0,DOWN,0.775,0.0,0.30434782608695654,36,IN,3,2
2138,45966028,50,459680,Absent,32,1,1,1,1,1,1,1,1,1,1,1,1,1,1,1,1,1,1,1,1,1,1,1,1,1,1,1,1,1,1,1,1,0,0,0,0,0,0,0,0,0,0,0,0,0,0,0,0,0,0,0,0,0,0,0,0,0,0,0,0,0,0,0,0,32,0,Unicorn_Absent,-1,-1.0,4,716,1.0,32.0,0.0,64.0,0.0,1.0,UP,1.0,0.36,0.30434782608695654,0,DOWN,3,2
2140,45966028,51,459680,Absent,32,1,1,1,1,1,1,1,1,1,1,1,1,1,1,1,1,1,1,1,1,1,1,1,1,1,1,1,1,1,1,1,1,0,0,0,0,0,0,0,0,0,0,0,0,0,0,0,0,0,0,0,0,0,0,0,0,0,0,0,0,0,0,0,0,0,32,Unicorn_Absent,-1,-1.0,4,716,0.8,32.0,1.0,32.0,0.0,0.0,UP,1.0,0.0,0.0,0,UP,3,2
2142,45966028,52,459680,Absent,32,1,1,1,1,1,1,1,1,1,1,1,1,1,1,1,1,1,1,1,1,1,1,1,1,1,1,1,1,1,1,1,1,0,0,0,0,0,0,0,0,0,0,0,0,0,0,0,0,0,0,0,0,0,0,0,0,0,0,0,0,0,0,0,0,18,14,Unicorn_Absent,-1,-1.0,4,734,0.9125,32.0,1.0,46.0,0.36,0.5,UP,0.8,1.0,0.0,32,UP,3,2
2152,45966028,57,459680,Absent,32,0,0,0,0,0,0,0,0,0,0,0,0,0,0,0,0,0,0,0,0,0,0,0,0,0,0,0,0,0,0,0,0,1,1,1,1,1,1,1,1,1,1,1,1,1,1,1,1,1,1,1,1,1,1,1,1,1,1,1,1,1,1,1,1,32,0,Unicorn_Absent,-1,-1.0,3,748,1.0,32.0,0.0,32.0,0.36,0.5,DOWN,0.9125,1.0,0.36,14,UP,3,2
2158,45966028,60,459680,Absent,32,0,0,0,0,1,1,1,1,0,0,0,0,1,1,1,1,0,0,0,0,1,1,1,1,0,0,0,0,1,1,1,1,0,0,0,0,1,1,1,1,0,0,0,0,1,1,1,1,0,0,0,0,1,1,1,1,0,0,0,0,1,1,1,1,32,0,Unicorn_Absent,-1,-1.0,6,651,1.0,32.0,0.3333333333333333,64.0,1.0,1.0,RIGHT,1.0,0.0,0.36,0,DOWN,3,2
2049,45966028,5,602851,Absent,32,0,0,0,0,1,1,1,1,0,0,0,0,1,1,1,1,0,0,0,0,1,1,1,1,0,0,0,0,1,1,1,1,0,0,0,0,1,1,1,1,0,0,0,0,1,1,1,1,0,0,0,0,1,1,1,1,0,0,0,0,1,1,1,1,32,0,Unicorn_Absent,-1,-1.0,6,49,1.0,32.0,1.0,64.0,1.0,1.0,RIGHT,,,,,,3,2
2051,45966028,6,602851,Absent,32,0,0,0,0,1,1,1,1,0,0,0,0,1,1,1,1,0,0,0,0,1,1,1,1,0,0,0,0,1,1,1,1,0,0,0,0,1,1,1,1,0,0,0,0,1,1,1,1,0,0,0,0,1,1,1,1,0,0,0,0,1,1,1,1,32,0,Unicorn_Absent,-1,-1.0,6,81,1.0,32.0,1.0,64.0,0.026666666666666672,1.0,RIGHT,1.0,1.0,1.0,0,RIGHT,3,2
2053,45966028,7,602851,Absent,32,0,0,0,0,1,1,1,1,0,0,0,0,1,1,1,1,0,0,0,0,1,1,1,1,0,0,0,0,1,1,1,1,0,0,0,0,1,1,1,1,0,0,0,0,1,1,1,1,0,0,0,0,1,1,1,1,0,0,0,0,1,1,1,1,32,0,Unicorn_Absent,-1,-1.0,6,113,1.0,32.0,1.0,64.0,0.026666666666666672,1.0,RIGHT,1.0,1.0,0.026666666666666672,0,RIGHT,3,2
2065,45966028,13,602851,Absent,32,0,0,0,0,0,0,0,0,0,0,0,0,0,0,0,0,0,0,0,0,0,0,0,0,0,0,0,0,0,0,0,0,1,1,1,1,1,1,1,1,1,1,1,1,1,1,1,1,1,1,1,1,1,1,1,1,1,1,1,1,1,1,1,1,16,16,Unicorn_Absent,-1,-1.0,3,177,0.9,32.0,0.3333333333333333,48.0,0.055652173913043446,0.5,DOWN,1.0,1.0,0.026666666666666672,0,RIGHT,3,2
2077,45966028,19,602851,Absent,36,0,0,0,0,0,0,0,0,0,1,1,1,1,1,1,0,0,1,1,1,1,1,1,0,0,1,1,1,1,1,1,0,0,1,1,1,1,1,1,0,0,1,1,1,1,1,1,0,0,1,1,1,1,1,1,0,0,0,0,0,0,0,0,0,32,0,Unicorn_Absent,-1,-1.0,7,242,1.0,36.0,0.36,64.0,0.055652173913043446,1.0,IN,0.9,0.3333333333333333,0.055652173913043446,16,DOWN,3,2
2079,45966028,20,602851,Absent,36,0,0,0,0,0,0,0,0,0,1,1,1,1,1,1,0,0,1,1,1,1,1,1,0,0,1,1,1,1,1,1,0,0,1,1,1,1,1,1,0,0,1,1,1,1,1,1,0,0,1,1,1,1,1,1,0,0,0,0,0,0,0,0,0,32,0,Unicorn_Absent,-1,-1.0,7,274,1.0,36.0,1.0,64.0,0.30434782608695654,1.0,IN,1.0,0.36,0.055652173913043446,0,IN,3,2
2081,45966028,21,602851,Absent,36,0,0,0,0,0,0,0,0,0,1,1,1,1,1,1,0,0,1,1,1,1,1,1,0,0,1,1,1,1,1,1,0,0,1,1,1,1,1,1,0,0,1,1,1,1,1,1,0,0,1,1,1,1,1,1,0,0,0,0,0,0,0,0,0,32,0,Unicorn_Absent,-1,-1.0,7,306,1.0,36.0,1.0,64.0,0.30434782608695654,1.0,IN,1.0,1.0,0.30434782608695654,0,IN,3,2
2083,45966028,22,602851,Absent,36,0,0,0,0,0,0,0,0,0,1,1,1,1,1,1,0,0,1,1,1,1,1,1,0,0,1,1,1,1,1,1,0,0,1,1,1,1,1,1,0,0,1,1,1,1,1,1,0,0,1,1,1,1,1,1,0,0,0,0,0,0,0,0,0,32,0,Unicorn_Absent,-1,-1.0,7,338,1.0,36.0,1.0,64.0,0.36,1.0,IN,1.0,1.0,0.30434782608695654,0,IN,3,2
2091,45966028,26,602851,Absent,28,1,1,1,1,1,1,1,1,1,0,0,0,0,0,0,1,1,0,0,0,0,0,0,1,1,0,0,0,0,0,0,1,1,0,0,0,0,0,0,1,1,0,0,0,0,0,0,1,1,0,0,0,0,0,0,1,1,1,1,1,1,1,1,1,18,14,Unicorn_Absent,-1,-1.0,8,443,0.9125,28.0,0.0,46.0,0.36,0.5,OUT,1.0,1.0,0.36,0,IN,3,2
2093,45966028,27,602851,Absent,32,0,0,0,0,1,1,1,1,0,0,0,0,1,1,1,1,0,0,0,0,1,1,1,1,0,0,0,0,1,1,1,1,0,0,0,0,1,1,1,1,0,0,0,0,1,1,1,1,0,0,0,0,1,1,1,1,0,0,0,0,1,1,1,1,32,0,Unicorn_Absent,-1,-1.0,6,475,1.0,32.0,0.30434782608695654,32.0,0.36,0.5,RIGHT,0.9125,0.0,0.36,14,OUT,3,2
2097,45966028,29,602851,Absent,32,1,1,1,1,0,0,0,0,1,1,1,1,0,0,0,0,1,1,1,1,0,0,0,0,1,1,1,1,0,0,0,0,1,1,1,1,0,0,0,0,1,1,1,1,0,0,0,0,1,1,1,1,0,0,0,0,1,1,1,1,0,0,0,0,14,18,Unicorn_Absent,-1,-1.0,5,425,0.8875,32.0,0.0,50.0,0.36,0.5,LEFT,1.0,0.30434782608695654,0.36,0,RIGHT,3,2
2099,45966028,30,602851,Absent,36,0,0,0,0,0,0,0,0,0,1,1,1,1,1,1,0,0,1,1,1,1,1,1,0,0,1,1,1,1,1,1,0,0,1,1,1,1,1,1,0,0,1,1,1,1,1,1,0,0,1,1,1,1,1,1,0,0,0,0,0,0,0,0,0,32,0,Unicorn_Absent,-1,-1.0,7,457,1.0,36.0,0.36,36.0,0.36,0.5625,IN,0.8875,0.0,0.36,18,LEFT,3,2
2107,45966028,34,602851,Absent,36,0,0,0,0,0,0,0,0,0,1,1,1,1,1,1,0,0,1,1,1,1,1,1,0,0,1,1,1,1,1,1,0,0,1,1,1,1,1,1,0,0,1,1,1,1,1,1,0,0,1,1,1,1,1,1,0,0,0,0,0,0,0,0,0,14,18,Unicorn_Absent,-1,-1.0,7,567,0.8875,36.0,1.0,50.0,0.36,0.5,IN,1.0,0.36,0.36,0,IN,3,2
2111,45966028,36,602851,Absent,32,0,0,0,0,0,0,0,0,0,0,0,0,0,0,0,0,0,0,0,0,0,0,0,0,0,0,0,0,0,0,0,0,1,1,1,1,1,1,1,1,1,1,1,1,1,1,1,1,1,1,1,1,1,1,1,1,1,1,1,1,1,1,1,1,16,16,Unicorn_Absent,-1,-1.0,3,604,0.9,32.0,0.36,48.0,0.0,0.5,DOWN,0.8875,1.0,0.36,18,IN,3,2
2117,45966028,39,602851,Absent,36,0,0,0,0,0,0,0,0,0,1,1,1,1,1,1,0,0,1,1,1,1,1,1,0,0,1,1,1,1,1,1,0,0,1,1,1,1,1,1,0,0,1,1,1,1,1,1,0,0,1,1,1,1,1,1,0,0,0,0,0,0,0,0,0,32,0,Unicorn_Absent,-1,-1.0,7,604,1.0,36.0,0.36,64.0,0.0,1.0,IN,0.9,0.36,0.0,16,DOWN,3,2
2121,45966028,41,602851,Absent,28,1,1,1,1,1,1,1,1,1,0,0,0,0,0,0,1,1,0,0,0,0,0,0,1,1,0,0,0,0,0,0,1,1,0,0,0,0,0,0,1,1,0,0,0,0,0,0,1,1,0,0,0,0,0,0,1,1,1,1,1,1,1,1,1,18,14,Unicorn_Absent,-1,-1.0,8,642,0.9125,28.0,0.0,46.0,0.0,0.5,OUT,1.0,0.36,0.0,0,IN,3,2
2123,45966028,42,602851,Absent,36,0,0,0,0,0,0,0,0,0,1,1,1,1,1,1,0,0,1,1,1,1,1,1,0,0,1,1,1,1,1,1,0,0,1,1,1,1,1,1,0,0,1,1,1,1,1,1,0,0,1,1,1,1,1,1,0,0,0,0,0,0,0,0,0,-4,36,Unicorn_Absent,-1,-1.0,7,638,0.775,36.0,0.0,36.0,0.0,0.0,IN,0.9125,0.0,0.0,14,OUT,3,2
2125,45966028,43,602851,Absent,32,1,1,1,1,0,0,0,0,1,1,1,1,0,0,0,0,1,1,1,1,0,0,0,0,1,1,1,1,0,0,0,0,1,1,1,1,0,0,0,0,1,1,1,1,0,0,0,0,1,1,1,1,0,0,0,0,1,1,1,1,0,0,0,0,18,14,Unicorn_Absent,-1,-1.0,5,656,0.9125,32.0,0.36,46.0,1.0,0.5,LEFT,0.775,0.0,0.0,36,IN,3,2
2129,45966028,45,602851,Absent,36,0,0,0,0,0,0,0,0,0,1,1,1,1,1,1,0,0,1,1,1,1,1,1,0,0,1,1,1,1,1,1,0,0,1,1,1,1,1,1,0,0,1,1,1,1,1,1,0,0,1,1,1,1,1,1,0,0,0,0,0,0,0,0,0,-4,36,Unicorn_Absent,-1,-1.0,7,684,0.775,36.0,0.36,36.0,1.0,0.0,IN,0.9125,0.36,1.0,14,LEFT,3,2
2135,45966028,48,602851,Absent,32,1,1,1,1,1,1,1,1,1,1,1,1,1,1,1,1,1,1,1,1,1,1,1,1,1,1,1,1,1,1,1,1,0,0,0,0,0,0,0,0,0,0,0,0,0,0,0,0,0,0,0,0,0,0,0,0,0,0,0,0,0,0,0,0,32,0,Unicorn_Absent,-1,-1.0,4,780,1.0,32.0,0.36,64.0,0.6956521739130435,1.0,UP,0.775,0.36,1.0,36,IN,3,2
2139,45966028,50,602851,Absent,32,0,0,0,0,0,0,0,0,0,0,0,0,0,0,0,0,0,0,0,0,0,0,0,0,0,0,0,0,0,0,0,0,1,1,1,1,1,1,1,1,1,1,1,1,1,1,1,1,1,1,1,1,1,1,1,1,1,1,1,1,1,1,1,1,32,0,Unicorn_Absent,-1,-1.0,3,716,1.0,32.0,0.0,64.0,0.6956521739130435,1.0,DOWN,1.0,0.36,0.6956521739130435,0,UP,3,2
2141,45966028,51,602851,Absent,32,1,1,1,1,1,1,1,1,1,1,1,1,1,1,1,1,1,1,1,1,1,1,1,1,1,1,1,1,1,1,1,1,0,0,0,0,0,0,0,0,0,0,0,0,0,0,0,0,0,0,0,0,0,0,0,0,0,0,0,0,0,0,0,0,0,32,Unicorn_Absent,-1,-1.0,4,716,0.8,32.0,0.0,32.0,0.0,0.0,UP,1.0,0.0,0.6956521739130435,0,DOWN,3,2
2143,45966028,52,602851,Absent,28,1,1,1,1,1,1,1,1,1,0,0,0,0,0,0,1,1,0,0,0,0,0,0,1,1,0,0,0,0,0,0,1,1,0,0,0,0,0,0,1,1,0,0,0,0,0,0,1,1,0,0,0,0,0,0,1,1,1,1,1,1,1,1,1,18,14,Unicorn_Absent,-1,-1.0,8,734,0.9125,28.0,0.30434782608695654,46.0,0.0,0.5,OUT,0.8,0.0,0.0,32,UP,3,2
2153,45966028,57,602851,Absent,0,0,0,0,0,0,0,0,0,0,0,0,0,0,0,0,0,0,0,0,0,0,0,0,0,0,0,0,0,0,0,0,0,0,0,0,0,0,0,0,0,0,0,0,0,0,0,0,0,0,0,0,0,0,0,0,0,0,0,0,0,0,0,0,0,32,0,Unicorn_Absent,-1,-1.0,2,748,1.0,0.0,0.0,32.0,0.3333333333333333,0.5,NOTHING,0.9125,0.30434782608695654,0.0,14,OUT,3,2
2159,45966028,60,602851,Absent,32,1,1,1,1,0,0,0,0,1,1,1,1,0,0,0,0,1,1,1,1,0,0,0,0,1,1,1,1,0,0,0,0,1,1,1,1,0,0,0,0,1,1,1,1,0,0,0,0,1,1,1,1,0,0,0,0,1,1,1,1,0,0,0,0,32,0,Unicorn_Absent,-1,-1.0,5,651,1.0,32.0,0.0,64.0,0.3333333333333333,1.0,LEFT,1.0,0.0,0.3333333333333333,0,NOTHING,3,2
1080,48299760,1,482991,Absent,40,1,0,0,0,0,0,0,1,0,0,1,1,0,0,1,0,1,1,0,1,1,0,0,1,1,0,0,1,1,1,0,1,1,0,0,0,1,0,1,1,1,1,1,0,0,1,0,0,0,0,0,0,0,0,1,1,1,1,0,0,1,0,0,1,17,15,Unicorn_Absent,-1,-1.0,0,17,0.90625,29.0,1.0,47.0,0.0,0.5,RS,,,,,,3,2
1082,48299760,2,482991,Absent,32,1,1,1,1,1,1,1,1,1,1,1,1,1,1,1,1,1,1,1,1,1,1,1,1,1,1,1,1,1,1,1,1,0,0,0,0,0,0,0,0,0,0,0,0,0,0,0,0,0,0,0,0,0,0,0,0,0,0,0,0,0,0,0,0,0,32,Unicorn_Absent,-1,-1.0,4,17,0.8,32.0,0.32608695652173914,64.0,0.0,0.5,UP,0.90625,1.0,0.0,15,RS,3,2
1084,48299760,3,482991,Absent,36,0,0,0,0,0,0,0,0,0,1,1,1,1,1,1,0,0,1,1,1,1,1,1,0,0,1,1,1,1,1,1,0,0,1,1,1,1,1,1,0,0,1,1,1,1,1,1,0,0,1,1,1,1,1,1,0,0,0,0,0,0,0,0,0,14,18,Unicorn_Absent,-1,-1.0,7,31,0.8875,36.0,0.36,50.0,0.18953804347826086,0.5,IN,0.8,0.32608695652173914,0.0,32,UP,3,2
1088,48299760,5,482991,Absent,28,1,1,1,1,1,1,1,1,1,0,0,0,0,0,0,1,1,0,0,0,0,0,0,1,1,0,0,0,0,0,0,1,1,0,0,0,0,0,0,1,1,0,0,0,0,0,0,1,1,0,0,0,0,0,0,1,1,1,1,1,1,1,1,1,18,14,Unicorn_Absent,-1,-1.0,8,-15,0.9125,28.0,0.0,46.0,0.18953804347826086,0.5,OUT,0.8875,0.36,0.18953804347826086,18,IN,3,2
1090,48299760,6,482991,Absent,32,1,1,1,1,0,0,0,0,1,1,1,1,0,0,0,0,1,1,1,1,0,0,0,0,1,1,1,1,0,0,0,0,1,1,1,1,0,0,0,0,1,1,1,1,0,0,0,0,1,1,1,1,0,0,0,0,1,1,1,1,0,0,0,0,16,16,Unicorn_Absent,-1,-1.0,5,1,0.9,32.0,0.30434782608695654,48.0,0.14,0.5,LEFT,0.9125,0.0,0.18953804347826086,14,OUT,3,2
1092,48299760,7,482991,Absent,36,0,0,0,0,0,0,0,0,0,1,1,1,1,1,1,0,0,1,1,1,1,1,1,0,0,1,1,1,1,1,1,0,0,1,1,1,1,1,1,0,0,1,1,1,1,1,1,0,0,1,1,1,1,1,1,0,0,0,0,0,0,0,0,0,14,18,Unicorn_Absent,-1,-1.0,7,15,0.8875,36.0,0.36,50.0,0.14,0.5,IN,0.9,0.30434782608695654,0.14,16,LEFT,3,2
1096,48299760,9,482991,Absent,32,1,1,1,1,0,0,0,0,1,1,1,1,0,0,0,0,1,1,1,1,0,0,0,0,1,1,1,1,0,0,0,0,1,1,1,1,0,0,0,0,1,1,1,1,0,0,0,0,1,1,1,1,0,0,0,0,1,1,1,1,0,0,0,0,18,14,Unicorn_Absent,-1,-1.0,5,53,0.9125,32.0,0.36,44.0,0.3333333333333333,0.46875,LEFT,0.8875,0.36,0.14,18,IN,3,2
1100,48299760,11,482991,Absent,28,1,1,1,1,1,1,1,1,1,0,0,0,0,0,0,1,1,0,0,0,0,0,0,1,1,0,0,0,0,0,0,1,1,0,0,0,0,0,0,1,1,0,0,0,0,0,0,1,1,0,0,0,0,0,0,1,1,1,1,1,1,1,1,1,18,14,Unicorn_Absent,-1,-1.0,8,-25,0.9125,28.0,0.30434782608695654,46.0,0.3333333333333333,0.5,OUT,0.9125,0.36,0.3333333333333333,14,LEFT,3,2
1104,48299760,13,482991,Absent,32,1,1,1,1,1,1,1,1,1,1,1,1,1,1,1,1,1,1,1,1,1,1,1,1,1,1,1,1,1,1,1,1,0,0,0,0,0,0,0,0,0,0,0,0,0,0,0,0,0,0,0,0,0,0,0,0,0,0,0,0,0,0,0,0,14,18,Unicorn_Absent,-1,-1.0,4,9,0.8875,32.0,0.30434782608695654,50.0,0.6956521739130435,0.5,UP,0.9125,0.30434782608695654,0.3333333333333333,14,OUT,3,2
1112,48299760,17,482991,Absent,32,1,1,1,1,0,0,0,0,1,1,1,1,0,0,0,0,1,1,1,1,0,0,0,0,1,1,1,1,0,0,0,0,1,1,1,1,0,0,0,0,1,1,1,1,0,0,0,0,1,1,1,1,0,0,0,0,1,1,1,1,0,0,0,0,0,32,Unicorn_Absent,-1,-1.0,5,-123,0.8,32.0,0.3333333333333333,32.0,0.6956521739130435,0.0,LEFT,0.8875,0.30434782608695654,0.6956521739130435,18,UP,3,2
1122,48299760,22,482991,Absent,36,0,0,0,0,0,0,0,0,0,1,1,1,1,1,1,0,0,1,1,1,1,1,1,0,0,1,1,1,1,1,1,0,0,1,1,1,1,1,1,0,0,1,1,1,1,1,1,0,0,1,1,1,1,1,1,0,0,0,0,0,0,0,0,0,32,0,Unicorn_Absent,-1,-1.0,7,-92,1.0,36.0,0.36,64.0,0.36,1.0,IN,0.8,0.3333333333333333,0.6956521739130435,32,LEFT,3,2
1124,48299760,23,482991,Absent,36,0,0,0,0,0,0,0,0,0,1,1,1,1,1,1,0,0,1,1,1,1,1,1,0,0,1,1,1,1,1,1,0,0,1,1,1,1,1,1,0,0,1,1,1,1,1,1,0,0,1,1,1,1,1,1,0,0,0,0,0,0,0,0,0,32,0,Unicorn_Absent,-1,-1.0,7,-60,1.0,36.0,1.0,64.0,0.36,1.0,IN,1.0,0.36,0.36,0,IN,3,2
1126,48299760,24,482991,Absent,36,0,0,0,0,0,0,0,0,0,1,1,1,1,1,1,0,0,1,1,1,1,1,1,0,0,1,1,1,1,1,1,0,0,1,1,1,1,1,1,0,0,1,1,1,1,1,1,0,0,1,1,1,1,1,1,0,0,0,0,0,0,0,0,0,32,0,Unicorn_Absent,-1,-1.0,7,-28,1.0,36.0,1.0,64.0,0.12595744680851062,1.0,IN,1.0,1.0,0.36,0,IN,3,2
1130,48299760,26,482991,Absent,36,0,0,0,0,0,0,0,0,0,1,1,1,1,1,1,0,0,1,1,1,1,1,1,0,0,1,1,1,1,1,1,0,0,1,1,1,1,1,1,0,0,1,1,1,1,1,1,0,0,1,1,1,1,1,1,0,0,0,0,0,0,0,0,0,32,0,Unicorn_Absent,-1,-1.0,7,36,1.0,36.0,1.0,64.0,0.12595744680851062,1.0,IN,1.0,1.0,0.12595744680851062,0,IN,3,2
1132,48299760,27,482991,Absent,28,1,1,1,1,1,1,1,1,1,0,0,0,0,0,0,1,1,0,0,0,0,0,0,1,1,0,0,0,0,0,0,1,1,0,0,0,0,0,0,1,1,0,0,0,0,0,0,1,1,0,0,0,0,0,0,1,1,1,1,1,1,1,1,1,4,28,Unicorn_Absent,-1,-1.0,8,40,0.825,28.0,0.0,28.0,0.013833992094861636,0.0,OUT,1.0,1.0,0.12595744680851062,0,IN,3,2
1134,48299760,28,482991,Absent,64,1,1,1,1,1,1,1,1,1,1,1,1,1,1,1,1,1,1,1,1,1,1,1,1,1,1,1,1,1,1,1,1,1,1,1,1,1,1,1,1,1,1,1,1,1,1,1,1,1,1,1,1,1,1,1,1,1,1,1,1,1,1,1,1,8,24,Unicorn_Absent,-1,-1.0,1,48,0.85,64.0,0.4375,64.0,0.013833992094861636,0.625,ALL,0.825,0.0,0.013833992094861636,28,OUT,3,2
1138,48299760,30,482991,Absent,28,1,1,1,1,1,1,1,1,1,0,0,0,0,0,0,1,1,0,0,0,0,0,0,1,1,0,0,0,0,0,0,1,1,0,0,0,0,0,0,1,1,0,0,0,0,0,0,1,1,0,0,0,0,0,0,1,1,1,1,1,1,1,1,1,32,0,Unicorn_Absent,-1,-1.0,8,112,1.0,28.0,0.4375,28.0,0.055652173913043446,0.4375,OUT,0.85,0.4375,0.013833992094861636,24,ALL,3,2
1142,48299760,32,482991,Absent,36,0,0,0,0,0,0,0,0,0,1,1,1,1,1,1,0,0,1,1,1,1,1,1,0,0,1,1,1,1,1,1,0,0,1,1,1,1,1,1,0,0,1,1,1,1,1,1,0,0,1,1,1,1,1,1,0,0,0,0,0,0,0,0,0,14,18,Unicorn_Absent,-1,-1.0,7,62,0.8875,36.0,0.0,50.0,0.055652173913043446,0.5,IN,1.0,0.4375,0.055652173913043446,0,OUT,3,2
1158,48299760,40,482991,Absent,28,1,1,1,1,1,1,1,1,1,0,0,0,0,0,0,1,1,0,0,0,0,0,0,1,1,0,0,0,0,0,0,1,1,0,0,0,0,0,0,1,1,0,0,0,0,0,0,1,1,0,0,0,0,0,0,1,1,1,1,1,1,1,1,1,18,14,Unicorn_Absent,-1,-1.0,8,-68,0.9125,28.0,0.0,44.0,0.026666666666666672,0.46875,OUT,0.8875,0.0,0.055652173913043446,18,IN,3,2
1160,48299760,41,482991,Absent,32,1,1,1,1,0,0,0,0,1,1,1,1,0,0,0,0,1,1,1,1,0,0,0,0,1,1,1,1,0,0,0,0,1,1,1,1,0,0,0,0,1,1,1,1,0,0,0,0,1,1,1,1,0,0,0,0,1,1,1,1,0,0,0,0,32,0,Unicorn_Absent,-1,-1.0,5,-36,1.0,32.0,0.30434782608695654,64.0,0.026666666666666672,1.0,LEFT,0.9125,0.0,0.026666666666666672,14,OUT,3,2
1162,48299760,42,482991,Absent,32,1,1,1,1,0,0,0,0,1,1,1,1,0,0,0,0,1,1,1,1,0,0,0,0,1,1,1,1,0,0,0,0,1,1,1,1,0,0,0,0,1,1,1,1,0,0,0,0,1,1,1,1,0,0,0,0,1,1,1,1,0,0,0,0,16,16,Unicorn_Absent,-1,-1.0,5,-20,0.9,32.0,1.0,48.0,0.055652173913043446,0.5,LEFT,1.0,0.30434782608695654,0.026666666666666672,0,LEFT,3,2
1164,48299760,43,482991,Absent,36,0,0,0,0,0,0,0,0,0,1,1,1,1,1,1,0,0,1,1,1,1,1,1,0,0,1,1,1,1,1,1,0,0,1,1,1,1,1,1,0,0,1,1,1,1,1,1,0,0,1,1,1,1,1,1,0,0,0,0,0,0,0,0,0,14,18,Unicorn_Absent,-1,-1.0,7,-6,0.8875,36.0,0.36,50.0,0.055652173913043446,0.5,IN,0.9,1.0,0.055652173913043446,16,LEFT,3,2
1168,48299760,45,482991,Absent,64,1,1,1,1,1,1,1,1,1,1,1,1,1,1,1,1,1,1,1,1,1,1,1,1,1,1,1,1,1,1,1,1,1,1,1,1,1,1,1,1,1,1,1,1,1,1,1,1,1,1,1,1,1,1,1,1,1,1,1,1,1,1,1,1,-32,64,Unicorn_Absent,-1,-1.0,1,-32,0.6,64.0,0.5625,64.0,0.0,0.0,ALL,0.8875,0.36,0.055652173913043446,18,IN,3,2
1170,48299760,46,482991,Absent,32,1,1,1,1,1,1,1,1,1,1,1,1,1,1,1,1,1,1,1,1,1,1,1,1,1,1,1,1,1,1,1,1,0,0,0,0,0,0,0,0,0,0,0,0,0,0,0,0,0,0,0,0,0,0,0,0,0,0,0,0,0,0,0,0,0,32,Unicorn_Absent,-1,-1.0,4,-32,0.8,32.0,0.5,32.0,0.0,0.0,UP,0.6,0.5625,0.0,64,ALL,3,2
1172,48299760,47,482991,Absent,32,0,0,0,0,0,0,0,0,0,0,0,0,0,0,0,0,0,0,0,0,0,0,0,0,0,0,0,0,0,0,0,0,1,1,1,1,1,1,1,1,1,1,1,1,1,1,1,1,1,1,1,1,1,1,1,1,1,1,1,1,1,1,1,1,14,18,Unicorn_Absent,-1,-1.0,3,-18,0.8875,32.0,0.0,50.0,0.0,0.5,DOWN,0.8,0.5,0.0,32,UP,3,2
1178,48299760,50,482991,Absent,36,0,0,0,0,0,0,0,0,0,1,1,1,1,1,1,0,0,1,1,1,1,1,1,0,0,1,1,1,1,1,1,0,0,1,1,1,1,1,1,0,0,1,1,1,1,1,1,0,0,1,1,1,1,1,1,0,0,0,0,0,0,0,0,0,14,18,Unicorn_Absent,-1,-1.0,7,-45,0.8875,36.0,0.36,50.0,0.0,0.5,IN,0.8875,0.0,0.0,18,DOWN,3,2
1180,48299760,51,482991,Absent,32,0,0,0,0,1,1,1,1,0,0,0,0,1,1,1,1,0,0,0,0,1,1,1,1,0,0,0,0,1,1,1,1,0,0,0,0,1,1,1,1,0,0,0,0,1,1,1,1,0,0,0,0,1,1,1,1,0,0,0,0,1,1,1,1,32,0,Unicorn_Absent,-1,-1.0,6,-13,1.0,32.0,0.36,32.0,0.0,0.5,RIGHT,0.8875,0.36,0.0,18,IN,3,2
1182,48299760,52,482991,Absent,32,0,0,0,0,1,1,1,1,0,0,0,0,1,1,1,1,0,0,0,0,1,1,1,1,0,0,0,0,1,1,1,1,0,0,0,0,1,1,1,1,0,0,0,0,1,1,1,1,0,0,0,0,1,1,1,1,0,0,0,0,1,1,1,1,32,0,Unicorn_Absent,-1,-1.0,6,19,1.0,32.0,1.0,32.0,0.0,0.5,RIGHT,1.0,0.36,0.0,0,RIGHT,3,2
1184,48299760,53,482991,Absent,32,0,0,0,0,1,1,1,1,0,0,0,0,1,1,1,1,0,0,0,0,1,1,1,1,0,0,0,0,1,1,1,1,0,0,0,0,1,1,1,1,0,0,0,0,1,1,1,1,0,0,0,0,1,1,1,1,0,0,0,0,1,1,1,1,32,0,Unicorn_Absent,-1,-1.0,6,51,1.0,32.0,1.0,32.0,1.0,0.5,RIGHT,1.0,1.0,0.0,0,RIGHT,3,2
1188,48299760,55,482991,Absent,0,0,0,0,0,0,0,0,0,0,0,0,0,0,0,0,0,0,0,0,0,0,0,0,0,0,0,0,0,0,0,0,0,0,0,0,0,0,0,0,0,0,0,0,0,0,0,0,0,0,0,0,0,0,0,0,0,0,0,0,0,0,0,0,0,32,0,Unicorn_Absent,-1,-1.0,2,115,1.0,0.0,0.0,0.0,1.0,0.0,NOTHING,1.0,1.0,1.0,0,RIGHT,3,2
1192,48299760,57,482991,Absent,28,1,1,1,1,1,1,1,1,1,0,0,0,0,0,0,1,1,0,0,0,0,0,0,1,1,0,0,0,0,0,0,1,1,0,0,0,0,0,0,1,1,0,0,0,0,0,0,1,1,0,0,0,0,0,0,1,1,1,1,1,1,1,1,1,32,0,Unicorn_Absent,-1,-1.0,8,83,1.0,28.0,0.0,28.0,0.10416666666666669,0.4375,OUT,1.0,0.0,1.0,0,NOTHING,3,2
1198,48299760,60,482991,Absent,32,0,0,0,0,1,1,1,1,0,0,0,0,1,1,1,1,0,0,0,0,1,1,1,1,0,0,0,0,1,1,1,1,0,0,0,0,1,1,1,1,0,0,0,0,1,1,1,1,0,0,0,0,1,1,1,1,0,0,0,0,1,1,1,1,16,16,Unicorn_Absent,-1,-1.0,6,67,0.9,32.0,0.30434782608695654,48.0,0.10416666666666669,0.5,RIGHT,1.0,0.0,0.10416666666666669,0,OUT,3,2
1081,48299760,1,976061,Absent,45,0,0,0,1,1,1,0,0,1,1,0,0,1,0,1,1,1,1,1,0,1,0,0,0,0,0,0,1,1,1,0,0,1,1,1,0,0,0,0,0,1,0,0,0,0,1,1,1,1,1,0,0,1,1,1,1,0,1,0,1,1,0,1,1,17,15,Unicorn_Absent,-1,-1.0,9,17,0.90625,33.0,1.0,47.0,0.4375,0.5,,,,,,,3,2
1083,48299760,2,976061,Absent,64,1,1,1,1,1,1,1,1,1,1,1,1,1,1,1,1,1,1,1,1,1,1,1,1,1,1,1,1,1,1,1,1,1,1,1,1,1,1,1,1,1,1,1,1,1,1,1,1,1,1,1,1,1,1,1,1,1,1,1,1,1,1,1,1,0,32,Unicorn_Absent,-1,-1.0,1,17,0.8,64.0,0.515625,64.0,0.4375,0.5,ALL,0.90625,1.0,0.4375,15,,3,2
1085,48299760,3,976061,Absent,32,1,1,1,1,0,0,0,0,1,1,1,1,0,0,0,0,1,1,1,1,0,0,0,0,1,1,1,1,0,0,0,0,1,1,1,1,0,0,0,0,1,1,1,1,0,0,0,0,1,1,1,1,0,0,0,0,1,1,1,1,0,0,0,0,14,18,Unicorn_Absent,-1,-1.0,5,31,0.8875,32.0,0.5,50.0,0.0,0.5,LEFT,0.8,0.515625,0.4375,32,ALL,3,2
1089,48299760,5,976061,Absent,32,0,0,0,0,0,0,0,0,0,0,0,0,0,0,0,0,0,0,0,0,0,0,0,0,0,0,0,0,0,0,0,0,1,1,1,1,1,1,1,1,1,1,1,1,1,1,1,1,1,1,1,1,1,1,1,1,1,1,1,1,1,1,1,1,18,14,Unicorn_Absent,-1,-1.0,3,-15,0.9125,32.0,0.3333333333333333,46.0,0.0,0.5,DOWN,0.8875,0.5,0.0,18,LEFT,3,2
1091,48299760,6,976061,Absent,32,0,0,0,0,0,0,0,0,0,0,0,0,0,0,0,0,0,0,0,0,0,0,0,0,0,0,0,0,0,0,0,0,1,1,1,1,1,1,1,1,1,1,1,1,1,1,1,1,1,1,1,1,1,1,1,1,1,1,1,1,1,1,1,1,16,16,Unicorn_Absent,-1,-1.0,3,1,0.9,32.0,1.0,48.0,0.21568627450980393,0.5,DOWN,0.9125,0.3333333333333333,0.0,14,DOWN,3,2
1093,48299760,7,976061,Absent,32,1,1,1,1,1,1,1,1,1,1,1,1,1,1,1,1,1,1,1,1,1,1,1,1,1,1,1,1,1,1,1,1,0,0,0,0,0,0,0,0,0,0,0,0,0,0,0,0,0,0,0,0,0,0,0,0,0,0,0,0,0,0,0,0,14,18,Unicorn_Absent,-1,-1.0,4,15,0.8875,32.0,0.0,50.0,0.21568627450980393,0.5,UP,0.9,1.0,0.21568627450980393,16,DOWN,3,2
1097,48299760,9,976061,Absent,31,1,1,1,0,0,0,1,0,0,0,0,0,0,1,0,1,0,1,1,1,0,0,0,1,0,0,0,0,0,0,1,0,1,1,0,0,1,0,1,0,0,1,0,1,0,0,0,0,1,0,1,0,1,1,1,0,0,1,1,0,1,1,0,0,18,14,Unicorn_Absent,-1,-1.0,9,53,0.9125,26.0,0.23404255319148937,44.0,0.10474308300395258,0.46875,,0.8875,0.0,0.21568627450980393,18,UP,3,2
1101,48299760,11,976061,Absent,32,1,1,1,1,0,0,0,0,1,1,1,1,0,0,0,0,1,1,1,1,0,0,0,0,1,1,1,1,0,0,0,0,1,1,1,1,0,0,0,0,1,1,1,1,0,0,0,0,1,1,1,1,0,0,0,0,1,1,1,1,0,0,0,0,18,14,Unicorn_Absent,-1,-1.0,5,-25,0.9125,32.0,0.3181818181818182,46.0,0.10474308300395258,0.5,LEFT,0.9125,0.23404255319148937,0.10474308300395258,14,,3,2
1105,48299760,13,976061,Absent,36,0,0,0,0,0,0,0,0,0,1,1,1,1,1,1,0,0,1,1,1,1,1,1,0,0,1,1,1,1,1,1,0,0,1,1,1,1,1,1,0,0,1,1,1,1,1,1,0,0,1,1,1,1,1,1,0,0,0,0,0,0,0,0,0,14,18,Unicorn_Absent,-1,-1.0,7,9,0.8875,36.0,0.36,50.0,0.6666666666666667,0.5,IN,0.9125,0.3181818181818182,0.10474308300395258,14,LEFT,3,2
1113,48299760,17,976061,Absent,32,1,1,1,1,0,0,0,0,1,1,1,1,0,0,0,0,1,1,1,1,0,0,0,0,1,1,1,1,0,0,0,0,1,1,1,1,0,0,0,0,1,1,1,1,0,0,0,0,1,1,1,1,0,0,0,0,1,1,1,1,0,0,0,0,0,32,Unicorn_Absent,-1,-1.0,5,-123,0.8,32.0,0.36,32.0,0.6666666666666667,0.0,LEFT,0.8875,0.36,0.6666666666666667,18,IN,3,2
1123,48299760,22,976061,Absent,28,1,1,1,1,1,1,1,1,1,0,0,0,0,0,0,1,1,0,0,0,0,0,0,1,1,0,0,0,0,0,0,1,1,0,0,0,0,0,0,1,1,0,0,0,0,0,0,1,1,0,0,0,0,0,0,1,1,1,1,1,1,1,1,1,32,0,Unicorn_Absent,-1,-1.0,8,-92,1.0,28.0,0.30434782608695654,64.0,0.026666666666666672,1.0,OUT,0.8,0.36,0.6666666666666667,32,LEFT,3,2
1125,48299760,23,976061,Absent,28,1,1,1,1,1,1,1,1,1,0,0,0,0,0,0,1,1,0,0,0,0,0,0,1,1,0,0,0,0,0,0,1,1,0,0,0,0,0,0,1,1,0,0,0,0,0,0,1,1,0,0,0,0,0,0,1,1,1,1,1,1,1,1,1,32,0,Unicorn_Absent,-1,-1.0,8,-60,1.0,28.0,1.0,64.0,0.026666666666666672,1.0,OUT,1.0,0.30434782608695654,0.026666666666666672,0,OUT,3,2
1127,48299760,24,976061,Absent,28,1,1,1,1,1,1,1,1,1,0,0,0,0,0,0,1,1,0,0,0,0,0,0,1,1,0,0,0,0,0,0,1,1,0,0,0,0,0,0,1,1,0,0,0,0,0,0,1,1,0,0,0,0,0,0,1,1,1,1,1,1,1,1,1,32,0,Unicorn_Absent,-1,-1.0,8,-28,1.0,28.0,1.0,64.0,0.0625,1.0,OUT,1.0,1.0,0.026666666666666672,0,OUT,3,2
1131,48299760,26,976061,Absent,28,1,1,1,1,1,1,1,1,1,0,0,0,0,0,0,1,1,0,0,0,0,0,0,1,1,0,0,0,0,0,0,1,1,0,0,0,0,0,0,1,1,0,0,0,0,0,0,1,1,0,0,0,0,0,0,1,1,1,1,1,1,1,1,1,32,0,Unicorn_Absent,-1,-1.0,8,36,1.0,28.0,1.0,64.0,0.0625,1.0,OUT,1.0,1.0,0.0625,0,OUT,3,2
1133,48299760,27,976061,Absent,28,1,1,1,1,1,1,1,1,1,0,0,0,0,0,0,1,1,0,0,0,0,0,0,1,1,0,0,0,0,0,0,1,1,0,0,0,0,0,0,1,1,0,0,0,0,0,0,1,1,0,0,0,0,0,0,1,1,1,1,1,1,1,1,1,4,28,Unicorn_Absent,-1,-1.0,8,40,0.825,28.0,1.0,28.0,0.0,0.0,OUT,1.0,1.0,0.0625,0,OUT,3,2
1135,48299760,28,976061,Absent,25,0,0,0,1,0,1,0,1,0,0,0,0,0,0,0,0,1,0,0,0,0,0,1,1,0,0,0,1,0,0,0,0,0,0,1,0,0,1,1,1,0,0,0,0,1,0,1,1,1,0,1,1,1,1,0,1,1,1,0,0,0,0,1,1,8,24,Unicorn_Absent,-1,-1.0,9,48,0.85,24.0,0.3333333333333333,64.0,0.0,0.625,,0.825,1.0,0.0,28,OUT,3,2
1139,48299760,30,976061,Absent,0,0,0,0,0,0,0,0,0,0,0,0,0,0,0,0,0,0,0,0,0,0,0,0,0,0,0,0,0,0,0,0,0,0,0,0,0,0,0,0,0,0,0,0,0,0,0,0,0,0,0,0,0,0,0,0,0,0,0,0,0,0,0,0,0,32,0,Unicorn_Absent,-1,-1.0,2,112,1.0,0.0,0.0,28.0,0.36,0.4375,NOTHING,0.85,0.3333333333333333,0.0,24,,3,2
1143,48299760,32,976061,Absent,32,1,1,1,1,1,1,1,1,1,1,1,1,1,1,1,1,1,1,1,1,1,1,1,1,1,1,1,1,1,1,1,1,0,0,0,0,0,0,0,0,0,0,0,0,0,0,0,0,0,0,0,0,0,0,0,0,0,0,0,0,0,0,0,0,14,18,Unicorn_Absent,-1,-1.0,4,62,0.8875,32.0,0.0,50.0,0.36,0.5,UP,1.0,0.0,0.36,0,NOTHING,3,2
1159,48299760,40,976061,Absent,46,1,0,0,1,0,0,1,0,0,0,0,0,0,0,0,0,0,0,0,0,1,0,1,1,0,1,0,1,1,0,1,1,1,1,1,0,1,1,1,0,1,0,1,0,1,1,1,1,0,0,0,0,0,1,0,0,1,0,1,1,1,0,1,1,18,14,Unicorn_Absent,-1,-1.0,9,-68,0.9125,30.0,0.21568627450980393,44.0,0.0,0.46875,,0.8875,0.0,0.36,18,UP,3,2
1161,48299760,41,976061,Absent,32,0,0,0,0,1,1,1,1,0,0,0,0,1,1,1,1,0,0,0,0,1,1,1,1,0,0,0,0,1,1,1,1,0,0,0,0,1,1,1,1,0,0,0,0,1,1,1,1,0,0,0,0,1,1,1,1,0,0,0,0,1,1,1,1,32,0,Unicorn_Absent,-1,-1.0,6,-36,1.0,32.0,0.4090909090909091,64.0,0.0,1.0,RIGHT,0.9125,0.21568627450980393,0.0,14,,3,2
1163,48299760,42,976061,Absent,32,1,1,1,1,1,1,1,1,1,1,1,1,1,1,1,1,1,1,1,1,1,1,1,1,1,1,1,1,1,1,1,1,0,0,0,0,0,0,0,0,0,0,0,0,0,0,0,0,0,0,0,0,0,0,0,0,0,0,0,0,0,0,0,0,16,16,Unicorn_Absent,-1,-1.0,4,-20,0.9,32.0,0.3333333333333333,48.0,0.36,0.5,UP,1.0,0.4090909090909091,0.0,0,RIGHT,3,2
1165,48299760,43,976061,Absent,32,1,1,1,1,0,0,0,0,1,1,1,1,0,0,0,0,1,1,1,1,0,0,0,0,1,1,1,1,0,0,0,0,1,1,1,1,0,0,0,0,1,1,1,1,0,0,0,0,1,1,1,1,0,0,0,0,1,1,1,1,0,0,0,0,14,18,Unicorn_Absent,-1,-1.0,5,-6,0.8875,32.0,0.3333333333333333,50.0,0.36,0.5,LEFT,0.9,0.3333333333333333,0.36,16,UP,3,2
1169,48299760,45,976061,Absent,64,1,1,1,1,1,1,1,1,1,1,1,1,1,1,1,1,1,1,1,1,1,1,1,1,1,1,1,1,1,1,1,1,1,1,1,1,1,1,1,1,1,1,1,1,1,1,1,1,1,1,1,1,1,1,1,1,1,1,1,1,1,1,1,1,-32,64,Unicorn_Absent,-1,-1.0,1,-32,0.6,64.0,0.5,64.0,0.0,0.0,ALL,0.8875,0.3333333333333333,0.36,18,LEFT,3,2
1171,48299760,46,976061,Absent,32,1,1,1,1,1,1,1,1,1,1,1,1,1,1,1,1,1,1,1,1,1,1,1,1,1,1,1,1,1,1,1,1,0,0,0,0,0,0,0,0,0,0,0,0,0,0,0,0,0,0,0,0,0,0,0,0,0,0,0,0,0,0,0,0,0,32,Unicorn_Absent,-1,-1.0,4,-32,0.8,32.0,0.5,32.0,0.0,0.0,UP,0.6,0.5,0.0,64,ALL,3,2
1173,48299760,47,976061,Absent,36,0,0,0,0,0,0,0,0,0,1,1,1,1,1,1,0,0,1,1,1,1,1,1,0,0,1,1,1,1,1,1,0,0,1,1,1,1,1,1,0,0,1,1,1,1,1,1,0,0,1,1,1,1,1,1,0,0,0,0,0,0,0,0,0,14,18,Unicorn_Absent,-1,-1.0,7,-18,0.8875,36.0,0.36,50.0,0.0,0.5,IN,0.8,0.5,0.0,32,UP,3,2
1179,48299760,50,976061,Absent,32,1,1,1,1,1,1,1,1,1,1,1,1,1,1,1,1,1,1,1,1,1,1,1,1,1,1,1,1,1,1,1,1,0,0,0,0,0,0,0,0,0,0,0,0,0,0,0,0,0,0,0,0,0,0,0,0,0,0,0,0,0,0,0,0,14,18,Unicorn_Absent,-1,-1.0,4,-45,0.8875,32.0,0.36,50.0,0.0,0.5,UP,0.8875,0.36,0.0,18,IN,3,2
1181,48299760,51,976061,Absent,0,0,0,0,0,0,0,0,0,0,0,0,0,0,0,0,0,0,0,0,0,0,0,0,0,0,0,0,0,0,0,0,0,0,0,0,0,0,0,0,0,0,0,0,0,0,0,0,0,0,0,0,0,0,0,0,0,0,0,0,0,0,0,0,0,32,0,Unicorn_Absent,-1,-1.0,2,-13,1.0,0.0,0.0,32.0,1.0,0.5,NOTHING,0.8875,0.36,0.0,18,UP,3,2
1183,48299760,52,976061,Absent,0,0,0,0,0,0,0,0,0,0,0,0,0,0,0,0,0,0,0,0,0,0,0,0,0,0,0,0,0,0,0,0,0,0,0,0,0,0,0,0,0,0,0,0,0,0,0,0,0,0,0,0,0,0,0,0,0,0,0,0,0,0,0,0,0,32,0,Unicorn_Absent,-1,-1.0,2,19,1.0,0.0,1.0,32.0,1.0,0.5,NOTHING,1.0,0.0,1.0,0,NOTHING,3,2
1185,48299760,53,976061,Absent,0,0,0,0,0,0,0,0,0,0,0,0,0,0,0,0,0,0,0,0,0,0,0,0,0,0,0,0,0,0,0,0,0,0,0,0,0,0,0,0,0,0,0,0,0,0,0,0,0,0,0,0,0,0,0,0,0,0,0,0,0,0,0,0,0,32,0,Unicorn_Absent,-1,-1.0,2,51,1.0,0.0,1.0,32.0,1.0,0.5,NOTHING,1.0,1.0,1.0,0,NOTHING,3,2
1189,48299760,55,976061,Absent,0,0,0,0,0,0,0,0,0,0,0,0,0,0,0,0,0,0,0,0,0,0,0,0,0,0,0,0,0,0,0,0,0,0,0,0,0,0,0,0,0,0,0,0,0,0,0,0,0,0,0,0,0,0,0,0,0,0,0,0,0,0,0,0,0,32,0,Unicorn_Absent,-1,-1.0,2,115,1.0,0.0,1.0,0.0,1.0,0.0,NOTHING,1.0,1.0,1.0,0,NOTHING,3,2
1193,48299760,57,976061,Absent,0,0,0,0,0,0,0,0,0,0,0,0,0,0,0,0,0,0,0,0,0,0,0,0,0,0,0,0,0,0,0,0,0,0,0,0,0,0,0,0,0,0,0,0,0,0,0,0,0,0,0,0,0,0,0,0,0,0,0,0,0,0,0,0,0,32,0,Unicorn_Absent,-1,-1.0,2,83,1.0,0.0,1.0,28.0,0.30434782608695654,0.4375,NOTHING,1.0,1.0,1.0,0,NOTHING,3,2
1199,48299760,60,976061,Absent,32,0,0,0,0,0,0,0,0,0,0,0,0,0,0,0,0,0,0,0,0,0,0,0,0,0,0,0,0,0,0,0,0,1,1,1,1,1,1,1,1,1,1,1,1,1,1,1,1,1,1,1,1,1,1,1,1,1,1,1,1,1,1,1,1,16,16,Unicorn_Absent,-1,-1.0,3,67,0.9,32.0,0.0,48.0,0.30434782608695654,0.5,DOWN,1.0,1.0,0.30434782608695654,0,NOTHING,3,2
4201,49994759,1,47597,Absent,17,0,0,1,0,0,0,0,0,0,0,0,0,0,0,1,0,0,0,1,0,0,0,0,0,0,1,1,0,0,0,0,0,0,0,0,0,1,0,1,0,0,0,0,1,0,1,0,0,0,0,0,0,0,0,0,1,1,0,0,0,0,0,1,1,31,1,Unicorn_Absent,-1,-1.0,9,31,0.99375,13.0,1.0,17.0,0.0,0.25,,,,,,,3,2
4203,49994759,2,47597,Absent,32,1,1,1,1,0,0,0,0,1,1,1,1,0,0,0,0,1,1,1,1,0,0,0,0,1,1,1,1,0,0,0,0,1,1,1,1,0,0,0,0,1,1,1,1,0,0,0,0,1,1,1,1,0,0,0,0,1,1,1,1,0,0,0,0,21,11,Unicorn_Absent,-1,-1.0,5,52,0.93125,32.0,0.15384615384615385,46.0,0.0,0.546875,LEFT,0.99375,1.0,0.0,1,,3,2
4207,49994759,4,47597,Absent,32,0,0,0,0,0,0,0,0,0,0,0,0,0,0,0,0,0,0,0,0,0,0,0,0,0,0,0,0,0,0,0,0,1,1,1,1,1,1,1,1,1,1,1,1,1,1,1,1,1,1,1,1,1,1,1,1,1,1,1,1,1,1,1,1,16,16,Unicorn_Absent,-1,-1.0,3,100,0.9,32.0,0.3333333333333333,48.0,0.04273504273504275,0.5,DOWN,0.93125,0.15384615384615385,0.0,11,LEFT,3,2
4213,49994759,7,47597,Absent,28,1,1,1,1,1,1,1,1,1,0,0,0,0,0,0,1,1,0,0,0,0,0,0,1,1,0,0,0,0,0,0,1,1,0,0,0,0,0,0,1,1,0,0,0,0,0,0,1,1,0,0,0,0,0,0,1,1,1,1,1,1,1,1,1,32,0,Unicorn_Absent,-1,-1.0,8,75,1.0,28.0,0.30434782608695654,64.0,0.04273504273504275,1.0,OUT,0.9,0.3333333333333333,0.04273504273504275,16,DOWN,3,2
4215,49994759,8,47597,Absent,28,1,1,1,1,1,1,1,1,1,0,0,0,0,0,0,1,1,0,0,0,0,0,0,1,1,0,0,0,0,0,0,1,1,0,0,0,0,0,0,1,1,0,0,0,0,0,0,1,1,0,0,0,0,0,0,1,1,1,1,1,1,1,1,1,32,0,Unicorn_Absent,-1,-1.0,8,107,1.0,28.0,1.0,64.0,0.007751937984496082,1.0,OUT,1.0,0.30434782608695654,0.04273504273504275,0,OUT,3,2
4219,49994759,10,47597,Absent,36,0,0,0,0,0,0,0,0,0,1,1,1,1,1,1,0,0,1,1,1,1,1,1,0,0,1,1,1,1,1,1,0,0,1,1,1,1,1,1,0,0,1,1,1,1,1,1,0,0,1,1,1,1,1,1,0,0,0,0,0,0,0,0,0,14,18,Unicorn_Absent,-1,-1.0,7,21,0.8875,36.0,0.0,50.0,0.007751937984496082,0.5,IN,1.0,1.0,0.007751937984496082,0,OUT,3,2
4221,49994759,11,47597,Absent,28,1,1,1,1,1,1,1,1,1,0,0,0,0,0,0,1,1,0,0,0,0,0,0,1,1,0,0,0,0,0,0,1,1,0,0,0,0,0,0,1,1,0,0,0,0,0,0,1,1,0,0,0,0,0,0,1,1,1,1,1,1,1,1,1,18,14,Unicorn_Absent,-1,-1.0,8,39,0.9125,28.0,0.0,46.0,0.055652173913043446,0.5,OUT,0.8875,0.0,0.007751937984496082,18,IN,3,2
4227,49994759,14,47597,Absent,0,0,0,0,0,0,0,0,0,0,0,0,0,0,0,0,0,0,0,0,0,0,0,0,0,0,0,0,0,0,0,0,0,0,0,0,0,0,0,0,0,0,0,0,0,0,0,0,0,0,0,0,0,0,0,0,0,0,0,0,0,0,0,0,0,32,0,Unicorn_Absent,-1,-1.0,2,126,1.0,0.0,0.0,32.0,0.055652173913043446,0.5,NOTHING,0.9125,0.0,0.055652173913043446,14,OUT,3,2
4229,49994759,15,47597,Absent,0,0,0,0,0,0,0,0,0,0,0,0,0,0,0,0,0,0,0,0,0,0,0,0,0,0,0,0,0,0,0,0,0,0,0,0,0,0,0,0,0,0,0,0,0,0,0,0,0,0,0,0,0,0,0,0,0,0,0,0,0,0,0,0,0,32,0,Unicorn_Absent,-1,-1.0,2,158,1.0,0.0,1.0,32.0,0.0,0.5,NOTHING,1.0,0.0,0.055652173913043446,0,NOTHING,3,2
4231,49994759,16,47597,Absent,0,0,0,0,0,0,0,0,0,0,0,0,0,0,0,0,0,0,0,0,0,0,0,0,0,0,0,0,0,0,0,0,0,0,0,0,0,0,0,0,0,0,0,0,0,0,0,0,0,0,0,0,0,0,0,0,0,0,0,0,0,0,0,0,0,32,0,Unicorn_Absent,-1,-1.0,2,190,1.0,0.0,1.0,32.0,0.0,0.5,NOTHING,1.0,1.0,0.0,0,NOTHING,3,2
4237,49994759,19,47597,Absent,32,1,1,1,1,1,1,1,1,1,1,1,1,1,1,1,1,1,1,1,1,1,1,1,1,1,1,1,1,1,1,1,1,0,0,0,0,0,0,0,0,0,0,0,0,0,0,0,0,0,0,0,0,0,0,0,0,0,0,0,0,0,0,0,0,14,18,Unicorn_Absent,-1,-1.0,4,172,0.8875,32.0,0.0,50.0,0.36,0.5,UP,1.0,1.0,0.0,0,NOTHING,3,2
4239,49994759,20,47597,Absent,32,1,1,1,1,1,1,1,1,1,1,1,1,1,1,1,1,1,1,1,1,1,1,1,1,1,1,1,1,1,1,1,1,0,0,0,0,0,0,0,0,0,0,0,0,0,0,0,0,0,0,0,0,0,0,0,0,0,0,0,0,0,0,0,0,16,16,Unicorn_Absent,-1,-1.0,4,188,0.9,32.0,1.0,48.0,0.36,0.5,UP,0.8875,0.0,0.36,18,UP,3,2
4249,49994759,25,47597,Absent,36,0,0,0,0,0,0,0,0,0,1,1,1,1,1,1,0,0,1,1,1,1,1,1,0,0,1,1,1,1,1,1,0,0,1,1,1,1,1,1,0,0,1,1,1,1,1,1,0,0,1,1,1,1,1,1,0,0,0,0,0,0,0,0,0,-4,36,Unicorn_Absent,-1,-1.0,7,207,0.775,36.0,0.36,36.0,0.0,0.0,IN,0.9,1.0,0.36,16,UP,3,2
4255,49994759,28,47597,Absent,32,1,1,1,1,1,1,1,1,1,1,1,1,1,1,1,1,1,1,1,1,1,1,1,1,1,1,1,1,1,1,1,1,0,0,0,0,0,0,0,0,0,0,0,0,0,0,0,0,0,0,0,0,0,0,0,0,0,0,0,0,0,0,0,0,0,32,Unicorn_Absent,-1,-1.0,4,253,0.8,32.0,0.36,64.0,0.0,0.5,UP,0.775,0.36,0.0,36,IN,3,2
4261,49994759,31,47597,Absent,28,1,1,1,1,1,1,1,1,1,0,0,0,0,0,0,1,1,0,0,0,0,0,0,1,1,0,0,0,0,0,0,1,1,0,0,0,0,0,0,1,1,0,0,0,0,0,0,1,1,0,0,0,0,0,0,1,1,1,1,1,1,1,1,1,18,14,Unicorn_Absent,-1,-1.0,8,211,0.9125,28.0,0.30434782608695654,46.0,0.3333333333333333,0.5,OUT,0.8,0.36,0.0,32,UP,3,2
4263,49994759,32,47597,Absent,11,0,0,0,0,0,0,0,1,0,0,0,0,1,0,0,0,0,0,1,1,0,0,0,0,0,0,0,1,0,0,0,0,0,0,0,0,0,0,1,0,0,0,0,1,0,0,0,0,0,0,1,0,0,0,1,0,0,0,0,1,0,0,0,0,32,0,Unicorn_Absent,-1,-1.0,9,243,1.0,10.0,0.05555555555555555,10.0,0.3333333333333333,0.15625,,0.9125,0.30434782608695654,0.3333333333333333,14,OUT,3,2
4265,49994759,33,47597,Absent,0,0,0,0,0,0,0,0,0,0,0,0,0,0,0,0,0,0,0,0,0,0,0,0,0,0,0,0,0,0,0,0,0,0,0,0,0,0,0,0,0,0,0,0,0,0,0,0,0,0,0,0,0,0,0,0,0,0,0,0,0,0,0,0,0,32,0,Unicorn_Absent,-1,-1.0,9,275,1.0,0.0,0.0,0.0,0.6666666666666667,0.0,,1.0,0.05555555555555555,0.3333333333333333,0,,3,2
4269,49994759,35,47597,Absent,32,1,1,1,1,0,0,0,0,1,1,1,1,0,0,0,0,1,1,1,1,0,0,0,0,1,1,1,1,0,0,0,0,1,1,1,1,0,0,0,0,1,1,1,1,0,0,0,0,1,1,1,1,0,0,0,0,1,1,1,1,0,0,0,0,18,14,Unicorn_Absent,-1,-1.0,5,229,0.9125,32.0,0.0,46.0,0.6666666666666667,0.5,LEFT,1.0,0.0,0.6666666666666667,0,,3,2
4281,49994759,41,47597,Absent,28,1,1,1,1,1,1,1,1,1,0,0,0,0,0,0,1,1,0,0,0,0,0,0,1,1,0,0,0,0,0,0,1,1,0,0,0,0,0,0,1,1,0,0,0,0,0,0,1,1,0,0,0,0,0,0,1,1,1,1,1,1,1,1,1,18,14,Unicorn_Absent,-1,-1.0,8,121,0.9125,28.0,0.30434782608695654,46.0,0.0,0.5,OUT,0.9125,0.0,0.6666666666666667,14,LEFT,3,2
4283,49994759,42,47597,Absent,32,0,0,0,0,1,1,1,1,0,0,0,0,1,1,1,1,0,0,0,0,1,1,1,1,0,0,0,0,1,1,1,1,0,0,0,0,1,1,1,1,0,0,0,0,1,1,1,1,0,0,0,0,1,1,1,1,0,0,0,0,1,1,1,1,16,16,Unicorn_Absent,-1,-1.0,6,137,0.9,32.0,0.30434782608695654,48.0,0.0,0.5,RIGHT,0.9125,0.30434782608695654,0.0,14,OUT,3,2
4293,49994759,47,47597,Absent,36,0,0,0,0,0,0,0,0,0,1,1,1,1,1,1,0,0,1,1,1,1,1,1,0,0,1,1,1,1,1,1,0,0,1,1,1,1,1,1,0,0,1,1,1,1,1,1,0,0,1,1,1,1,1,1,0,0,0,0,0,0,0,0,0,14,18,Unicorn_Absent,-1,-1.0,7,133,0.8875,36.0,0.36,50.0,0.36,0.5,IN,0.9,0.30434782608695654,0.0,16,RIGHT,3,2
4299,49994759,50,47597,Absent,28,1,1,1,1,1,1,1,1,1,0,0,0,0,0,0,1,1,0,0,0,0,0,0,1,1,0,0,0,0,0,0,1,1,0,0,0,0,0,0,1,1,0,0,0,0,0,0,1,1,0,0,0,0,0,0,1,1,1,1,1,1,1,1,1,32,0,Unicorn_Absent,-1,-1.0,8,133,1.0,28.0,0.0,28.0,0.36,0.4375,OUT,0.8875,0.36,0.36,18,IN,3,2
4301,49994759,51,47597,Absent,28,1,1,1,1,1,1,1,1,1,0,0,0,0,0,0,1,1,0,0,0,0,0,0,1,1,0,0,0,0,0,0,1,1,0,0,0,0,0,0,1,1,0,0,0,0,0,0,1,1,0,0,0,0,0,0,1,1,1,1,1,1,1,1,1,32,0,Unicorn_Absent,-1,-1.0,8,165,1.0,28.0,1.0,28.0,0.64,0.4375,OUT,1.0,0.0,0.36,0,OUT,3,2
4303,49994759,52,47597,Absent,28,1,1,1,1,1,1,1,1,1,0,0,0,0,0,0,1,1,0,0,0,0,0,0,1,1,0,0,0,0,0,0,1,1,0,0,0,0,0,0,1,1,0,0,0,0,0,0,1,1,0,0,0,0,0,0,1,1,1,1,1,1,1,1,1,32,0,Unicorn_Absent,-1,-1.0,8,197,1.0,28.0,1.0,28.0,0.64,0.4375,OUT,1.0,1.0,0.64,0,OUT,3,2
4305,49994759,53,47597,Absent,28,1,1,1,1,1,1,1,1,1,0,0,0,0,0,0,1,1,0,0,0,0,0,0,1,1,0,0,0,0,0,0,1,1,0,0,0,0,0,0,1,1,0,0,0,0,0,0,1,1,0,0,0,0,0,0,1,1,1,1,1,1,1,1,1,32,0,Unicorn_Absent,-1,-1.0,8,229,1.0,28.0,1.0,28.0,0.0,0.4375,OUT,1.0,1.0,0.64,0,OUT,3,2
4309,49994759,55,47597,Absent,32,0,0,0,0,1,1,1,1,0,0,0,0,1,1,1,1,0,0,0,0,1,1,1,1,0,0,0,0,1,1,1,1,0,0,0,0,1,1,1,1,0,0,0,0,1,1,1,1,0,0,0,0,1,1,1,1,0,0,0,0,1,1,1,1,18,14,Unicorn_Absent,-1,-1.0,6,183,0.9125,32.0,0.30434782608695654,46.0,0.0,0.5,RIGHT,1.0,1.0,0.0,0,OUT,3,2
4311,49994759,56,47597,Absent,36,0,0,0,0,0,0,0,0,0,1,1,1,1,1,1,0,0,1,1,1,1,1,1,0,0,1,1,1,1,1,1,0,0,1,1,1,1,1,1,0,0,1,1,1,1,1,1,0,0,1,1,1,1,1,1,0,0,0,0,0,0,0,0,0,14,18,Unicorn_Absent,-1,-1.0,7,197,0.8875,36.0,0.36,50.0,0.2025,0.5,IN,0.9125,0.30434782608695654,0.0,14,RIGHT,3,2
4313,49994759,57,47597,Absent,28,1,1,1,1,1,1,1,1,1,0,0,0,0,0,0,1,1,0,0,0,0,0,0,1,1,0,0,0,0,0,0,1,1,0,0,0,0,0,0,1,1,0,0,0,0,0,0,1,1,0,0,0,0,0,0,1,1,1,1,1,1,1,1,1,18,14,Unicorn_Absent,-1,-1.0,8,215,0.9125,28.0,0.0,46.0,0.2025,0.5,OUT,0.8875,0.36,0.2025,18,IN,3,2
4200,49994759,1,499965,Absent,5,0,0,0,0,0,0,0,0,0,0,0,0,0,0,0,0,1,0,0,0,0,0,1,0,0,0,0,0,0,0,0,0,0,0,0,0,0,0,0,0,0,0,0,0,1,0,0,1,0,0,0,0,0,0,0,0,0,0,0,0,0,0,0,1,31,1,Unicorn_Absent,-1,-1.0,0,31,0.99375,5.0,1.0,17.0,0.19565217391304346,0.25,RS,,,,,,3,2
4202,49994759,2,499965,Absent,36,0,0,0,1,0,0,1,0,0,1,1,0,1,0,0,0,0,0,0,1,0,1,0,0,0,0,0,1,0,0,1,0,1,1,0,0,0,1,0,0,1,0,0,0,1,0,1,1,1,1,1,0,1,1,0,1,0,0,0,0,0,1,1,1,21,11,Unicorn_Absent,-1,-1.0,0,52,0.93125,25.0,0.1111111111111111,46.0,0.19565217391304346,0.546875,RS,0.99375,1.0,0.19565217391304346,1,RS,3,2
4206,49994759,4,499965,Absent,32,0,0,0,0,1,1,1,1,0,0,0,0,1,1,1,1,0,0,0,0,1,1,1,1,0,0,0,0,1,1,1,1,0,0,0,0,1,1,1,1,0,0,0,0,1,1,1,1,0,0,0,0,1,1,1,1,0,0,0,0,1,1,1,1,16,16,Unicorn_Absent,-1,-1.0,6,100,0.9,32.0,0.32558139534883723,48.0,0.05555555555555555,0.5,RIGHT,0.93125,0.1111111111111111,0.19565217391304346,11,RS,3,2
4212,49994759,7,499965,Absent,36,0,0,0,0,0,0,0,0,0,1,1,1,1,1,1,0,0,1,1,1,1,1,1,0,0,1,1,1,1,1,1,0,0,1,1,1,1,1,1,0,0,1,1,1,1,1,1,0,0,1,1,1,1,1,1,0,0,0,0,0,0,0,0,0,32,0,Unicorn_Absent,-1,-1.0,7,75,1.0,36.0,0.36,64.0,0.05555555555555555,1.0,IN,0.9,0.32558139534883723,0.05555555555555555,16,RIGHT,3,2
4214,49994759,8,499965,Absent,36,0,0,0,0,0,0,0,0,0,1,1,1,1,1,1,0,0,1,1,1,1,1,1,0,0,1,1,1,1,1,1,0,0,1,1,1,1,1,1,0,0,1,1,1,1,1,1,0,0,1,1,1,1,1,1,0,0,0,0,0,0,0,0,0,32,0,Unicorn_Absent,-1,-1.0,7,107,1.0,36.0,1.0,64.0,1.0,1.0,IN,1.0,0.36,0.05555555555555555,0,IN,3,2
4218,49994759,10,499965,Absent,32,1,1,1,1,0,0,0,0,1,1,1,1,0,0,0,0,1,1,1,1,0,0,0,0,1,1,1,1,0,0,0,0,1,1,1,1,0,0,0,0,1,1,1,1,0,0,0,0,1,1,1,1,0,0,0,0,1,1,1,1,0,0,0,0,14,18,Unicorn_Absent,-1,-1.0,5,21,0.8875,32.0,0.36,50.0,1.0,0.5,LEFT,1.0,1.0,1.0,0,IN,3,2
4220,49994759,11,499965,Absent,32,0,0,0,0,1,1,1,1,0,0,0,0,1,1,1,1,0,0,0,0,1,1,1,1,0,0,0,0,1,1,1,1,0,0,0,0,1,1,1,1,0,0,0,0,1,1,1,1,0,0,0,0,1,1,1,1,0,0,0,0,1,1,1,1,18,14,Unicorn_Absent,-1,-1.0,6,39,0.9125,32.0,0.0,46.0,0.0,0.5,RIGHT,0.8875,0.36,1.0,18,LEFT,3,2
4226,49994759,14,499965,Absent,32,0,0,0,0,0,0,0,0,0,0,0,0,0,0,0,0,0,0,0,0,0,0,0,0,0,0,0,0,0,0,0,0,1,1,1,1,1,1,1,1,1,1,1,1,1,1,1,1,1,1,1,1,1,1,1,1,1,1,1,1,1,1,1,1,32,0,Unicorn_Absent,-1,-1.0,3,126,1.0,32.0,0.3333333333333333,32.0,0.0,0.5,DOWN,0.9125,0.0,0.0,14,RIGHT,3,2
4228,49994759,15,499965,Absent,32,1,1,1,1,0,0,0,0,1,1,1,1,0,0,0,0,1,1,1,1,0,0,0,0,1,1,1,1,0,0,0,0,1,1,1,1,0,0,0,0,1,1,1,1,0,0,0,0,1,1,1,1,0,0,0,0,1,1,1,1,0,0,0,0,32,0,Unicorn_Absent,-1,-1.0,5,158,1.0,32.0,0.3333333333333333,32.0,0.0,0.5,LEFT,1.0,0.3333333333333333,0.0,0,DOWN,3,2
4230,49994759,16,499965,Absent,32,1,1,1,1,0,0,0,0,1,1,1,1,0,0,0,0,1,1,1,1,0,0,0,0,1,1,1,1,0,0,0,0,1,1,1,1,0,0,0,0,1,1,1,1,0,0,0,0,1,1,1,1,0,0,0,0,1,1,1,1,0,0,0,0,32,0,Unicorn_Absent,-1,-1.0,5,190,1.0,32.0,1.0,32.0,0.0,0.5,LEFT,1.0,0.3333333333333333,0.0,0,LEFT,3,2
4236,49994759,19,499965,Absent,36,0,0,0,0,0,0,0,0,0,1,1,1,1,1,1,0,0,1,1,1,1,1,1,0,0,1,1,1,1,1,1,0,0,1,1,1,1,1,1,0,0,1,1,1,1,1,1,0,0,1,1,1,1,1,1,0,0,0,0,0,0,0,0,0,14,18,Unicorn_Absent,-1,-1.0,7,172,0.8875,36.0,0.36,50.0,0.30434782608695654,0.5,IN,1.0,1.0,0.0,0,LEFT,3,2
4238,49994759,20,499965,Absent,32,0,0,0,0,1,1,1,1,0,0,0,0,1,1,1,1,0,0,0,0,1,1,1,1,0,0,0,0,1,1,1,1,0,0,0,0,1,1,1,1,0,0,0,0,1,1,1,1,0,0,0,0,1,1,1,1,0,0,0,0,1,1,1,1,16,16,Unicorn_Absent,-1,-1.0,6,188,0.9,32.0,0.36,48.0,0.30434782608695654,0.5,RIGHT,0.8875,0.36,0.30434782608695654,18,IN,3,2
4248,49994759,25,499965,Absent,36,0,0,0,0,0,0,0,0,0,1,1,1,1,1,1,0,0,1,1,1,1,1,1,0,0,1,1,1,1,1,1,0,0,1,1,1,1,1,1,0,0,1,1,1,1,1,1,0,0,1,1,1,1,1,1,0,0,0,0,0,0,0,0,0,-4,36,Unicorn_Absent,-1,-1.0,7,207,0.775,36.0,0.36,36.0,0.026666666666666672,0.0,IN,0.9,0.36,0.30434782608695654,16,RIGHT,3,2
4254,49994759,28,499965,Absent,64,1,1,1,1,1,1,1,1,1,1,1,1,1,1,1,1,1,1,1,1,1,1,1,1,1,1,1,1,1,1,1,1,1,1,1,1,1,1,1,1,1,1,1,1,1,1,1,1,1,1,1,1,1,1,1,1,1,1,1,1,1,1,1,1,0,32,Unicorn_Absent,-1,-1.0,1,253,0.8,64.0,0.5625,64.0,0.026666666666666672,0.5,ALL,0.775,0.36,0.026666666666666672,36,IN,3,2
4260,49994759,31,499965,Absent,32,0,0,0,0,1,1,1,1,0,0,0,0,1,1,1,1,0,0,0,0,1,1,1,1,0,0,0,0,1,1,1,1,0,0,0,0,1,1,1,1,0,0,0,0,1,1,1,1,0,0,0,0,1,1,1,1,0,0,0,0,1,1,1,1,18,14,Unicorn_Absent,-1,-1.0,6,211,0.9125,32.0,0.5,46.0,0.0,0.5,RIGHT,0.8,0.5625,0.026666666666666672,32,ALL,3,2
4262,49994759,32,499965,Absent,0,0,0,0,0,0,0,0,0,0,0,0,0,0,0,0,0,0,0,0,0,0,0,0,0,0,0,0,0,0,0,0,0,0,0,0,0,0,0,0,0,0,0,0,0,0,0,0,0,0,0,0,0,0,0,0,0,0,0,0,0,0,0,0,0,32,0,Unicorn_Absent,-1,-1.0,2,243,1.0,0.0,0.0,10.0,0.0,0.15625,NOTHING,0.9125,0.5,0.0,14,RIGHT,3,2
4264,49994759,33,499965,Absent,0,0,0,0,0,0,0,0,0,0,0,0,0,0,0,0,0,0,0,0,0,0,0,0,0,0,0,0,0,0,0,0,0,0,0,0,0,0,0,0,0,0,0,0,0,0,0,0,0,0,0,0,0,0,0,0,0,0,0,0,0,0,0,0,0,32,0,Unicorn_Absent,-1,-1.0,2,275,1.0,0.0,1.0,0.0,0.0,0.0,NOTHING,1.0,0.0,0.0,0,NOTHING,3,2
4268,49994759,35,499965,Absent,28,1,1,1,1,1,1,1,1,1,0,0,0,0,0,0,1,1,0,0,0,0,0,0,1,1,0,0,0,0,0,0,1,1,0,0,0,0,0,0,1,1,0,0,0,0,0,0,1,1,0,0,0,0,0,0,1,1,1,1,1,1,1,1,1,18,14,Unicorn_Absent,-1,-1.0,8,229,0.9125,28.0,0.0,46.0,0.0,0.5,OUT,1.0,1.0,0.0,0,NOTHING,3,2
4280,49994759,41,499965,Absent,32,1,1,1,1,1,1,1,1,1,1,1,1,1,1,1,1,1,1,1,1,1,1,1,1,1,1,1,1,1,1,1,1,0,0,0,0,0,0,0,0,0,0,0,0,0,0,0,0,0,0,0,0,0,0,0,0,0,0,0,0,0,0,0,0,18,14,Unicorn_Absent,-1,-1.0,4,121,0.9125,32.0,0.30434782608695654,46.0,0.0,0.5,UP,0.9125,0.0,0.0,14,OUT,3,2
4282,49994759,42,499965,Absent,32,0,0,0,0,0,0,0,0,0,0,0,0,0,0,0,0,0,0,0,0,0,0,0,0,0,0,0,0,0,0,0,0,1,1,1,1,1,1,1,1,1,1,1,1,1,1,1,1,1,1,1,1,1,1,1,1,1,1,1,1,1,1,1,1,16,16,Unicorn_Absent,-1,-1.0,3,137,0.9,32.0,0.0,48.0,0.0,0.5,DOWN,0.9125,0.30434782608695654,0.0,14,UP,3,2
4292,49994759,47,499965,Absent,32,0,0,0,0,1,1,1,1,0,0,0,0,1,1,1,1,0,0,0,0,1,1,1,1,0,0,0,0,1,1,1,1,0,0,0,0,1,1,1,1,0,0,0,0,1,1,1,1,0,0,0,0,1,1,1,1,0,0,0,0,1,1,1,1,14,18,Unicorn_Absent,-1,-1.0,6,133,0.8875,32.0,0.3333333333333333,50.0,0.0,0.5,RIGHT,0.9,0.0,0.0,16,DOWN,3,2
4298,49994759,50,499965,Absent,0,0,0,0,0,0,0,0,0,0,0,0,0,0,0,0,0,0,0,0,0,0,0,0,0,0,0,0,0,0,0,0,0,0,0,0,0,0,0,0,0,0,0,0,0,0,0,0,0,0,0,0,0,0,0,0,0,0,0,0,0,0,0,0,0,32,0,Unicorn_Absent,-1,-1.0,2,133,1.0,0.0,0.0,28.0,0.0,0.4375,NOTHING,0.8875,0.3333333333333333,0.0,18,RIGHT,3,2
4300,49994759,51,499965,Absent,0,0,0,0,0,0,0,0,0,0,0,0,0,0,0,0,0,0,0,0,0,0,0,0,0,0,0,0,0,0,0,0,0,0,0,0,0,0,0,0,0,0,0,0,0,0,0,0,0,0,0,0,0,0,0,0,0,0,0,0,0,0,0,0,0,32,0,Unicorn_Absent,-1,-1.0,2,165,1.0,0.0,1.0,28.0,0.30434782608695654,0.4375,NOTHING,1.0,0.0,0.0,0,NOTHING,3,2
4302,49994759,52,499965,Absent,0,0,0,0,0,0,0,0,0,0,0,0,0,0,0,0,0,0,0,0,0,0,0,0,0,0,0,0,0,0,0,0,0,0,0,0,0,0,0,0,0,0,0,0,0,0,0,0,0,0,0,0,0,0,0,0,0,0,0,0,0,0,0,0,0,32,0,Unicorn_Absent,-1,-1.0,2,197,1.0,0.0,1.0,28.0,0.30434782608695654,0.4375,NOTHING,1.0,1.0,0.30434782608695654,0,NOTHING,3,2
4304,49994759,53,499965,Absent,0,0,0,0,0,0,0,0,0,0,0,0,0,0,0,0,0,0,0,0,0,0,0,0,0,0,0,0,0,0,0,0,0,0,0,0,0,0,0,0,0,0,0,0,0,0,0,0,0,0,0,0,0,0,0,0,0,0,0,0,0,0,0,0,0,32,0,Unicorn_Absent,-1,-1.0,2,229,1.0,0.0,1.0,28.0,0.055652173913043446,0.4375,NOTHING,1.0,1.0,0.30434782608695654,0,NOTHING,3,2
4308,49994759,55,499965,Absent,28,1,1,1,1,1,1,1,1,1,0,0,0,0,0,0,1,1,0,0,0,0,0,0,1,1,0,0,0,0,0,0,1,1,0,0,0,0,0,0,1,1,0,0,0,0,0,0,1,1,0,0,0,0,0,0,1,1,1,1,1,1,1,1,1,18,14,Unicorn_Absent,-1,-1.0,8,183,0.9125,28.0,0.0,46.0,0.055652173913043446,0.5,OUT,1.0,1.0,0.055652173913043446,0,NOTHING,3,2
4310,49994759,56,499965,Absent,32,0,0,0,0,0,0,0,0,0,0,0,0,0,0,0,0,0,0,0,0,0,0,0,0,0,0,0,0,0,0,0,0,1,1,1,1,1,1,1,1,1,1,1,1,1,1,1,1,1,1,1,1,1,1,1,1,1,1,1,1,1,1,1,1,14,18,Unicorn_Absent,-1,-1.0,3,197,0.8875,32.0,0.30434782608695654,50.0,0.3333333333333333,0.5,DOWN,0.9125,0.0,0.055652173913043446,14,OUT,3,2
4312,49994759,57,499965,Absent,32,1,1,1,1,0,0,0,0,1,1,1,1,0,0,0,0,1,1,1,1,0,0,0,0,1,1,1,1,0,0,0,0,1,1,1,1,0,0,0,0,1,1,1,1,0,0,0,0,1,1,1,1,0,0,0,0,1,1,1,1,0,0,0,0,18,14,Unicorn_Absent,-1,-1.0,5,215,0.9125,32.0,0.3333333333333333,46.0,0.3333333333333333,0.5,LEFT,0.8875,0.30434782608695654,0.3333333333333333,18,DOWN,3,2
4805,51032096,3,209670,Absent,32,0,0,0,0,1,1,1,1,0,0,0,0,1,1,1,1,0,0,0,0,1,1,1,1,0,0,0,0,1,1,1,1,0,0,0,0,1,1,1,1,0,0,0,0,1,1,1,1,0,0,0,0,1,1,1,1,0,0,0,0,1,1,1,1,32,0,Unicorn_Absent,-1,-1.0,6,75,1.0,32.0,1.0,64.0,0.0,1.0,RIGHT,,,,,,3,2
4809,51032096,5,209670,Absent,32,0,0,0,0,1,1,1,1,0,0,0,0,1,1,1,1,0,0,0,0,1,1,1,1,0,0,0,0,1,1,1,1,0,0,0,0,1,1,1,1,0,0,0,0,1,1,1,1,0,0,0,0,1,1,1,1,0,0,0,0,1,1,1,1,32,0,Unicorn_Absent,-1,-1.0,6,139,1.0,32.0,1.0,64.0,0.0,1.0,RIGHT,1.0,1.0,0.0,0,RIGHT,3,2
4811,51032096,6,209670,Absent,32,0,0,0,0,1,1,1,1,0,0,0,0,1,1,1,1,0,0,0,0,1,1,1,1,0,0,0,0,1,1,1,1,0,0,0,0,1,1,1,1,0,0,0,0,1,1,1,1,0,0,0,0,1,1,1,1,0,0,0,0,1,1,1,1,32,0,Unicorn_Absent,-1,-1.0,6,171,1.0,32.0,1.0,64.0,0.0,1.0,RIGHT,1.0,1.0,0.0,0,RIGHT,3,2
4815,51032096,8,209670,Absent,32,0,0,0,0,1,1,1,1,0,0,0,0,1,1,1,1,0,0,0,0,1,1,1,1,0,0,0,0,1,1,1,1,0,0,0,0,1,1,1,1,0,0,0,0,1,1,1,1,0,0,0,0,1,1,1,1,0,0,0,0,1,1,1,1,16,16,Unicorn_Absent,-1,-1.0,6,219,0.9,32.0,1.0,48.0,0.0,0.5,RIGHT,1.0,1.0,0.0,0,RIGHT,3,2
4821,51032096,11,209670,Absent,0,0,0,0,0,0,0,0,0,0,0,0,0,0,0,0,0,0,0,0,0,0,0,0,0,0,0,0,0,0,0,0,0,0,0,0,0,0,0,0,0,0,0,0,0,0,0,0,0,0,0,0,0,0,0,0,0,0,0,0,0,0,0,0,0,32,0,Unicorn_Absent,-1,-1.0,2,315,1.0,0.0,0.0,32.0,0.0,0.5,NOTHING,0.9,1.0,0.0,16,RIGHT,3,2
4827,51032096,14,209670,Absent,32,1,1,1,1,0,0,0,0,1,1,1,1,0,0,0,0,1,1,1,1,0,0,0,0,1,1,1,1,0,0,0,0,1,1,1,1,0,0,0,0,1,1,1,1,0,0,0,0,1,1,1,1,0,0,0,0,1,1,1,1,0,0,0,0,32,0,Unicorn_Absent,-1,-1.0,5,399,1.0,32.0,0.0,64.0,0.0,1.0,LEFT,1.0,0.0,0.0,0,NOTHING,3,2
4831,51032096,16,209670,Absent,0,0,0,0,0,0,0,0,0,0,0,0,0,0,0,0,0,0,0,0,0,0,0,0,0,0,0,0,0,0,0,0,0,0,0,0,0,0,0,0,0,0,0,0,0,0,0,0,0,0,0,0,0,0,0,0,0,0,0,0,0,0,0,0,0,32,0,Unicorn_Absent,-1,-1.0,2,463,1.0,0.0,0.0,32.0,0.6666666666666667,0.5,NOTHING,1.0,0.0,0.0,0,LEFT,3,2
4833,51032096,17,209670,Absent,36,0,0,0,0,0,0,0,0,0,1,1,1,1,1,1,0,0,1,1,1,1,1,1,0,0,1,1,1,1,1,1,0,0,1,1,1,1,1,1,0,0,1,1,1,1,1,1,0,0,1,1,1,1,1,1,0,0,0,0,0,0,0,0,0,14,18,Unicorn_Absent,-1,-1.0,7,477,0.8875,36.0,0.0,50.0,0.6666666666666667,0.5,IN,1.0,0.0,0.6666666666666667,0,NOTHING,3,2
4835,51032096,18,209670,Absent,0,0,0,0,0,0,0,0,0,0,0,0,0,0,0,0,0,0,0,0,0,0,0,0,0,0,0,0,0,0,0,0,0,0,0,0,0,0,0,0,0,0,0,0,0,0,0,0,0,0,0,0,0,0,0,0,0,0,0,0,0,0,0,0,0,32,0,Unicorn_Absent,-1,-1.0,2,509,1.0,0.0,0.0,28.0,0.0,0.4375,NOTHING,0.8875,0.0,0.6666666666666667,18,IN,3,2
4841,51032096,21,209670,Absent,28,1,1,1,1,1,1,1,1,1,0,0,0,0,0,0,1,1,0,0,0,0,0,0,1,1,0,0,0,0,0,0,1,1,0,0,0,0,0,0,1,1,0,0,0,0,0,0,1,1,0,0,0,0,0,0,1,1,1,1,1,1,1,1,1,29,3,Unicorn_Absent,-1,-1.0,8,374,0.98125,28.0,0.0,39.0,0.0,0.5625,OUT,1.0,0.0,0.0,0,NOTHING,3,2
4843,51032096,22,209670,Absent,28,1,1,1,1,1,1,1,1,1,0,0,0,0,0,0,1,1,0,0,0,0,0,0,1,1,0,0,0,0,0,0,1,1,0,0,0,0,0,0,1,1,0,0,0,0,0,0,1,1,0,0,0,0,0,0,1,1,1,1,1,1,1,1,1,32,0,Unicorn_Absent,-1,-1.0,8,406,1.0,28.0,1.0,28.0,0.3333333333333333,0.4375,OUT,0.98125,0.0,0.0,3,OUT,3,2
4847,51032096,24,209670,Absent,36,0,0,0,0,0,0,0,0,0,1,1,1,1,1,1,0,0,1,1,1,1,1,1,0,0,1,1,1,1,1,1,0,0,1,1,1,1,1,1,0,0,1,1,1,1,1,1,0,0,1,1,1,1,1,1,0,0,0,0,0,0,0,0,0,32,0,Unicorn_Absent,-1,-1.0,7,467,1.0,36.0,0.0,64.0,0.3333333333333333,1.0,IN,1.0,1.0,0.3333333333333333,0,OUT,3,2
4855,51032096,28,209670,Absent,36,0,0,0,0,0,0,0,0,0,1,1,1,1,1,1,0,0,1,1,1,1,1,1,0,0,1,1,1,1,1,1,0,0,1,1,1,1,1,1,0,0,1,1,1,1,1,1,0,0,1,1,1,1,1,1,0,0,0,0,0,0,0,0,0,32,0,Unicorn_Absent,-1,-1.0,7,595,1.0,36.0,1.0,64.0,1.0,1.0,IN,1.0,0.0,0.3333333333333333,0,IN,3,2
4857,51032096,29,209670,Absent,36,0,0,0,0,0,0,0,0,0,1,1,1,1,1,1,0,0,1,1,1,1,1,1,0,0,1,1,1,1,1,1,0,0,1,1,1,1,1,1,0,0,1,1,1,1,1,1,0,0,1,1,1,1,1,1,0,0,0,0,0,0,0,0,0,-4,36,Unicorn_Absent,-1,-1.0,7,591,0.775,36.0,1.0,36.0,1.0,0.0,IN,1.0,1.0,1.0,0,IN,3,2
4861,51032096,31,209670,Absent,32,0,0,0,0,1,1,1,1,0,0,0,0,1,1,1,1,0,0,0,0,1,1,1,1,0,0,0,0,1,1,1,1,0,0,0,0,1,1,1,1,0,0,0,0,1,1,1,1,0,0,0,0,1,1,1,1,0,0,0,0,1,1,1,1,18,14,Unicorn_Absent,-1,-1.0,6,627,0.9125,32.0,0.36,46.0,1.0,0.5,RIGHT,0.775,1.0,1.0,36,IN,3,2
4865,51032096,33,209670,Absent,32,1,1,1,1,1,1,1,1,1,1,1,1,1,1,1,1,1,1,1,1,1,1,1,1,1,1,1,1,1,1,1,1,0,0,0,0,0,0,0,0,0,0,0,0,0,0,0,0,0,0,0,0,0,0,0,0,0,0,0,0,0,0,0,0,16,16,Unicorn_Absent,-1,-1.0,4,563,0.9,32.0,0.3333333333333333,48.0,1.0,0.5,UP,0.9125,0.36,1.0,14,RIGHT,3,2
4869,51032096,35,209670,Absent,64,1,1,1,1,1,1,1,1,1,1,1,1,1,1,1,1,1,1,1,1,1,1,1,1,1,1,1,1,1,1,1,1,1,1,1,1,1,1,1,1,1,1,1,1,1,1,1,1,1,1,1,1,1,1,1,1,1,1,1,1,1,1,1,1,0,32,Unicorn_Absent,-1,-1.0,1,485,0.8,64.0,0.5,64.0,0.30434782608695654,0.5,ALL,0.9,0.3333333333333333,1.0,16,UP,3,2
4871,51032096,36,209670,Absent,32,1,1,1,1,1,1,1,1,1,1,1,1,1,1,1,1,1,1,1,1,1,1,1,1,1,1,1,1,1,1,1,1,0,0,0,0,0,0,0,0,0,0,0,0,0,0,0,0,0,0,0,0,0,0,0,0,0,0,0,0,0,0,0,0,16,16,Unicorn_Absent,-1,-1.0,4,501,0.9,32.0,0.5,48.0,0.30434782608695654,0.5,UP,0.8,0.5,0.30434782608695654,32,ALL,3,2
4873,51032096,37,209670,Absent,0,0,0,0,0,0,0,0,0,0,0,0,0,0,0,0,0,0,0,0,0,0,0,0,0,0,0,0,0,0,0,0,0,0,0,0,0,0,0,0,0,0,0,0,0,0,0,0,0,0,0,0,0,0,0,0,0,0,0,0,0,0,0,0,0,32,0,Unicorn_Absent,-1,-1.0,2,533,1.0,0.0,0.0,32.0,0.07692307692307693,0.5,NOTHING,0.9,0.5,0.30434782608695654,16,UP,3,2
4879,51032096,40,209670,Absent,32,0,0,0,0,1,1,1,1,0,0,0,0,1,1,1,1,0,0,0,0,1,1,1,1,0,0,0,0,1,1,1,1,0,0,0,0,1,1,1,1,0,0,0,0,1,1,1,1,0,0,0,0,1,1,1,1,0,0,0,0,1,1,1,1,32,0,Unicorn_Absent,-1,-1.0,6,405,1.0,32.0,0.0,32.0,0.07692307692307693,0.5,RIGHT,1.0,0.0,0.07692307692307693,0,NOTHING,3,2
4881,51032096,41,209670,Absent,32,0,0,0,0,0,0,0,0,0,0,0,0,0,0,0,0,0,0,0,0,0,0,0,0,0,0,0,0,0,0,0,0,1,1,1,1,1,1,1,1,1,1,1,1,1,1,1,1,1,1,1,1,1,1,1,1,1,1,1,1,1,1,1,1,32,0,Unicorn_Absent,-1,-1.0,3,437,1.0,32.0,0.3333333333333333,32.0,1.0,0.5,DOWN,1.0,0.0,0.07692307692307693,0,RIGHT,3,2
4885,51032096,43,209670,Absent,0,0,0,0,0,0,0,0,0,0,0,0,0,0,0,0,0,0,0,0,0,0,0,0,0,0,0,0,0,0,0,0,0,0,0,0,0,0,0,0,0,0,0,0,0,0,0,0,0,0,0,0,0,0,0,0,0,0,0,0,0,0,0,0,0,32,0,Unicorn_Absent,-1,-1.0,2,488,1.0,0.0,0.0,36.0,1.0,0.5625,NOTHING,1.0,0.3333333333333333,1.0,0,DOWN,3,2
4889,51032096,45,209670,Absent,32,1,1,1,1,0,0,0,0,1,1,1,1,0,0,0,0,1,1,1,1,0,0,0,0,1,1,1,1,0,0,0,0,1,1,1,1,0,0,0,0,1,1,1,1,0,0,0,0,1,1,1,1,0,0,0,0,1,1,1,1,0,0,0,0,18,14,Unicorn_Absent,-1,-1.0,5,442,0.9125,32.0,0.0,46.0,0.0,0.5,LEFT,1.0,0.0,1.0,0,NOTHING,3,2
4891,51032096,46,209670,Absent,36,0,0,0,0,0,0,0,0,0,1,1,1,1,1,1,0,0,1,1,1,1,1,1,0,0,1,1,1,1,1,1,0,0,1,1,1,1,1,1,0,0,1,1,1,1,1,1,0,0,1,1,1,1,1,1,0,0,0,0,0,0,0,0,0,-4,36,Unicorn_Absent,-1,-1.0,7,438,0.775,36.0,0.36,36.0,0.0,0.0,IN,0.9125,0.0,0.0,14,LEFT,3,2
4893,51032096,47,209670,Absent,32,0,0,0,0,1,1,1,1,0,0,0,0,1,1,1,1,0,0,0,0,1,1,1,1,0,0,0,0,1,1,1,1,0,0,0,0,1,1,1,1,0,0,0,0,1,1,1,1,0,0,0,0,1,1,1,1,0,0,0,0,1,1,1,1,32,0,Unicorn_Absent,-1,-1.0,6,470,1.0,32.0,0.36,64.0,0.0,1.0,RIGHT,0.775,0.36,0.0,36,IN,3,2
4895,51032096,48,209670,Absent,32,0,0,0,0,1,1,1,1,0,0,0,0,1,1,1,1,0,0,0,0,1,1,1,1,0,0,0,0,1,1,1,1,0,0,0,0,1,1,1,1,0,0,0,0,1,1,1,1,0,0,0,0,1,1,1,1,0,0,0,0,1,1,1,1,32,0,Unicorn_Absent,-1,-1.0,6,502,1.0,32.0,1.0,64.0,0.0,1.0,RIGHT,1.0,0.36,0.0,0,RIGHT,3,2
4899,51032096,50,209670,Absent,28,1,1,1,1,1,1,1,1,1,0,0,0,0,0,0,1,1,0,0,0,0,0,0,1,1,0,0,0,0,0,0,1,1,0,0,0,0,0,0,1,1,0,0,0,0,0,0,1,1,0,0,0,0,0,0,1,1,1,1,1,1,1,1,1,32,0,Unicorn_Absent,-1,-1.0,8,550,1.0,28.0,0.30434782608695654,28.0,1.0,0.4375,OUT,1.0,1.0,0.0,0,RIGHT,3,2
4901,51032096,51,209670,Absent,28,1,1,1,1,1,1,1,1,1,0,0,0,0,0,0,1,1,0,0,0,0,0,0,1,1,0,0,0,0,0,0,1,1,0,0,0,0,0,0,1,1,0,0,0,0,0,0,1,1,0,0,0,0,0,0,1,1,1,1,1,1,1,1,1,32,0,Unicorn_Absent,-1,-1.0,8,582,1.0,28.0,1.0,28.0,1.0,0.4375,OUT,1.0,0.30434782608695654,1.0,0,OUT,3,2
4905,51032096,53,209670,Absent,32,0,0,0,0,1,1,1,1,0,0,0,0,1,1,1,1,0,0,0,0,1,1,1,1,0,0,0,0,1,1,1,1,0,0,0,0,1,1,1,1,0,0,0,0,1,1,1,1,0,0,0,0,1,1,1,1,0,0,0,0,1,1,1,1,18,14,Unicorn_Absent,-1,-1.0,6,536,0.9125,32.0,0.30434782608695654,46.0,0.36,0.5,RIGHT,1.0,1.0,1.0,0,OUT,3,2
4909,51032096,55,209670,Absent,32,0,0,0,0,0,0,0,0,0,0,0,0,0,0,0,0,0,0,0,0,0,0,0,0,0,0,0,0,0,0,0,0,1,1,1,1,1,1,1,1,1,1,1,1,1,1,1,1,1,1,1,1,1,1,1,1,1,1,1,1,1,1,1,1,32,0,Unicorn_Absent,-1,-1.0,3,600,1.0,32.0,0.3333333333333333,32.0,0.36,0.5,DOWN,0.9125,0.30434782608695654,0.36,14,RIGHT,3,2
4911,51032096,56,209670,Absent,32,0,0,0,0,0,0,0,0,0,0,0,0,0,0,0,0,0,0,0,0,0,0,0,0,0,0,0,0,0,0,0,0,1,1,1,1,1,1,1,1,1,1,1,1,1,1,1,1,1,1,1,1,1,1,1,1,1,1,1,1,1,1,1,1,32,0,Unicorn_Absent,-1,-1.0,3,632,1.0,32.0,1.0,32.0,0.028985507246376774,0.5,DOWN,1.0,0.3333333333333333,0.36,0,DOWN,3,2
4919,51032096,60,209670,Absent,64,1,1,1,1,1,1,1,1,1,1,1,1,1,1,1,1,1,1,1,1,1,1,1,1,1,1,1,1,1,1,1,1,1,1,1,1,1,1,1,1,1,1,1,1,1,1,1,1,1,1,1,1,1,1,1,1,1,1,1,1,1,1,1,1,0,32,Unicorn_Absent,-1,-1.0,1,632,0.8,64.0,0.5,64.0,0.028985507246376774,0.5,ALL,1.0,1.0,0.028985507246376774,0,DOWN,3,2
4804,51032096,3,510340,Absent,32,1,1,1,1,0,0,0,0,1,1,1,1,0,0,0,0,1,1,1,1,0,0,0,0,1,1,1,1,0,0,0,0,1,1,1,1,0,0,0,0,1,1,1,1,0,0,0,0,1,1,1,1,0,0,0,0,1,1,1,1,0,0,0,0,32,0,Unicorn_Absent,-1,-1.0,5,75,1.0,32.0,1.0,64.0,0.5,1.0,LEFT,,,,,,3,2
4808,51032096,5,510340,Absent,32,1,1,1,1,0,0,0,0,1,1,1,1,0,0,0,0,1,1,1,1,0,0,0,0,1,1,1,1,0,0,0,0,1,1,1,1,0,0,0,0,1,1,1,1,0,0,0,0,1,1,1,1,0,0,0,0,1,1,1,1,0,0,0,0,32,0,Unicorn_Absent,-1,-1.0,5,139,1.0,32.0,1.0,64.0,0.5,1.0,LEFT,1.0,1.0,0.5,0,LEFT,3,2
4810,51032096,6,510340,Absent,32,1,1,1,1,0,0,0,0,1,1,1,1,0,0,0,0,1,1,1,1,0,0,0,0,1,1,1,1,0,0,0,0,1,1,1,1,0,0,0,0,1,1,1,1,0,0,0,0,1,1,1,1,0,0,0,0,1,1,1,1,0,0,0,0,32,0,Unicorn_Absent,-1,-1.0,5,171,1.0,32.0,1.0,64.0,0.5,1.0,LEFT,1.0,1.0,0.5,0,LEFT,3,2
4814,51032096,8,510340,Absent,32,0,0,0,0,0,0,0,0,0,0,0,0,0,0,0,0,0,0,0,0,0,0,0,0,0,0,0,0,0,0,0,0,1,1,1,1,1,1,1,1,1,1,1,1,1,1,1,1,1,1,1,1,1,1,1,1,1,1,1,1,1,1,1,1,16,16,Unicorn_Absent,-1,-1.0,3,219,0.9,32.0,0.3333333333333333,48.0,0.5,0.5,DOWN,1.0,1.0,0.5,0,LEFT,3,2
4820,51032096,11,510340,Absent,32,1,1,1,1,1,1,1,1,1,1,1,1,1,1,1,1,1,1,1,1,1,1,1,1,1,1,1,1,1,1,1,1,0,0,0,0,0,0,0,0,0,0,0,0,0,0,0,0,0,0,0,0,0,0,0,0,0,0,0,0,0,0,0,0,32,0,Unicorn_Absent,-1,-1.0,4,315,1.0,32.0,0.0,32.0,0.3333333333333333,0.5,UP,0.9,0.3333333333333333,0.5,16,DOWN,3,2
4826,51032096,14,510340,Absent,32,0,0,0,0,1,1,1,1,0,0,0,0,1,1,1,1,0,0,0,0,1,1,1,1,0,0,0,0,1,1,1,1,0,0,0,0,1,1,1,1,0,0,0,0,1,1,1,1,0,0,0,0,1,1,1,1,0,0,0,0,1,1,1,1,32,0,Unicorn_Absent,-1,-1.0,6,399,1.0,32.0,0.3333333333333333,64.0,0.3333333333333333,1.0,RIGHT,1.0,0.0,0.3333333333333333,0,UP,3,2
4830,51032096,16,510340,Absent,32,0,0,0,0,1,1,1,1,0,0,0,0,1,1,1,1,0,0,0,0,1,1,1,1,0,0,0,0,1,1,1,1,0,0,0,0,1,1,1,1,0,0,0,0,1,1,1,1,0,0,0,0,1,1,1,1,0,0,0,0,1,1,1,1,32,0,Unicorn_Absent,-1,-1.0,6,463,1.0,32.0,1.0,32.0,0.0,0.5,RIGHT,1.0,0.3333333333333333,0.3333333333333333,0,RIGHT,3,2
4832,51032096,17,510340,Absent,32,0,0,0,0,1,1,1,1,0,0,0,0,1,1,1,1,0,0,0,0,1,1,1,1,0,0,0,0,1,1,1,1,0,0,0,0,1,1,1,1,0,0,0,0,1,1,1,1,0,0,0,0,1,1,1,1,0,0,0,0,1,1,1,1,14,18,Unicorn_Absent,-1,-1.0,6,477,0.8875,32.0,1.0,50.0,0.0,0.5,RIGHT,1.0,1.0,0.0,0,RIGHT,3,2
4834,51032096,18,510340,Absent,28,1,1,1,1,1,1,1,1,1,0,0,0,0,0,0,1,1,0,0,0,0,0,0,1,1,0,0,0,0,0,0,1,1,0,0,0,0,0,0,1,1,0,0,0,0,0,0,1,1,0,0,0,0,0,0,1,1,1,1,1,1,1,1,1,32,0,Unicorn_Absent,-1,-1.0,8,509,1.0,28.0,0.30434782608695654,28.0,0.6666666666666667,0.4375,OUT,0.8875,1.0,0.0,18,RIGHT,3,2
4840,51032096,21,510340,Absent,14,0,0,0,0,0,0,0,0,0,1,0,1,1,0,1,0,0,1,0,1,1,0,0,0,0,0,0,1,0,0,1,0,0,0,0,0,0,1,0,1,0,0,0,0,0,0,0,0,0,1,0,0,0,0,0,1,0,0,0,0,0,1,0,0,29,3,Unicorn_Absent,-1,-1.0,0,374,0.98125,14.0,0.07692307692307693,39.0,0.6666666666666667,0.5625,RS,1.0,0.30434782608695654,0.6666666666666667,0,OUT,3,2
4842,51032096,22,510340,Absent,0,0,0,0,0,0,0,0,0,0,0,0,0,0,0,0,0,0,0,0,0,0,0,0,0,0,0,0,0,0,0,0,0,0,0,0,0,0,0,0,0,0,0,0,0,0,0,0,0,0,0,0,0,0,0,0,0,0,0,0,0,0,0,0,0,32,0,Unicorn_Absent,-1,-1.0,0,406,1.0,0.0,0.0,28.0,0.0,0.4375,RS,0.98125,0.07692307692307693,0.6666666666666667,3,RS,3,2
4846,51032096,24,510340,Absent,28,1,1,1,1,1,1,1,1,1,0,0,0,0,0,0,1,1,0,0,0,0,0,0,1,1,0,0,0,0,0,0,1,1,0,0,0,0,0,0,1,1,0,0,0,0,0,0,1,1,0,0,0,0,0,0,1,1,1,1,1,1,1,1,1,32,0,Unicorn_Absent,-1,-1.0,8,467,1.0,28.0,0.0,64.0,0.0,1.0,OUT,1.0,0.0,0.0,0,RS,3,2
4854,51032096,28,510340,Absent,28,1,1,1,1,1,1,1,1,1,0,0,0,0,0,0,1,1,0,0,0,0,0,0,1,1,0,0,0,0,0,0,1,1,0,0,0,0,0,0,1,1,0,0,0,0,0,0,1,1,0,0,0,0,0,0,1,1,1,1,1,1,1,1,1,32,0,Unicorn_Absent,-1,-1.0,8,595,1.0,28.0,1.0,64.0,0.0,1.0,OUT,1.0,0.0,0.0,0,OUT,3,2
4856,51032096,29,510340,Absent,36,0,0,0,0,0,0,0,0,0,1,1,1,1,1,1,0,0,1,1,1,1,1,1,0,0,1,1,1,1,1,1,0,0,1,1,1,1,1,1,0,0,1,1,1,1,1,1,0,0,1,1,1,1,1,1,0,0,0,0,0,0,0,0,0,-4,36,Unicorn_Absent,-1,-1.0,7,591,0.775,36.0,0.0,36.0,0.0,0.0,IN,1.0,1.0,0.0,0,OUT,3,2
4860,51032096,31,510340,Absent,28,1,1,1,1,1,1,1,1,1,0,0,0,0,0,0,1,1,0,0,0,0,0,0,1,1,0,0,0,0,0,0,1,1,0,0,0,0,0,0,1,1,0,0,0,0,0,0,1,1,0,0,0,0,0,0,1,1,1,1,1,1,1,1,1,18,14,Unicorn_Absent,-1,-1.0,8,627,0.9125,28.0,0.0,46.0,0.36,0.5,OUT,0.775,0.0,0.0,36,IN,3,2
4864,51032096,33,510340,Absent,32,0,0,0,0,1,1,1,1,0,0,0,0,1,1,1,1,0,0,0,0,1,1,1,1,0,0,0,0,1,1,1,1,0,0,0,0,1,1,1,1,0,0,0,0,1,1,1,1,0,0,0,0,1,1,1,1,0,0,0,0,1,1,1,1,16,16,Unicorn_Absent,-1,-1.0,6,563,0.9,32.0,0.30434782608695654,48.0,0.36,0.5,RIGHT,0.9125,0.0,0.36,14,OUT,3,2
4868,51032096,35,510340,Absent,32,1,1,1,1,0,0,0,0,1,1,1,1,0,0,0,0,1,1,1,1,0,0,0,0,1,1,1,1,0,0,0,0,1,1,1,1,0,0,0,0,1,1,1,1,0,0,0,0,1,1,1,1,0,0,0,0,1,1,1,1,0,0,0,0,0,32,Unicorn_Absent,-1,-1.0,5,485,0.8,32.0,0.0,64.0,0.0,0.5,LEFT,0.9,0.30434782608695654,0.36,16,RIGHT,3,2
4870,51032096,36,510340,Absent,32,0,0,0,0,1,1,1,1,0,0,0,0,1,1,1,1,0,0,0,0,1,1,1,1,0,0,0,0,1,1,1,1,0,0,0,0,1,1,1,1,0,0,0,0,1,1,1,1,0,0,0,0,1,1,1,1,0,0,0,0,1,1,1,1,16,16,Unicorn_Absent,-1,-1.0,6,501,0.9,32.0,0.0,48.0,0.0,0.5,RIGHT,0.8,0.0,0.0,32,LEFT,3,2
4872,51032096,37,510340,Absent,32,1,1,1,1,1,1,1,1,1,1,1,1,1,1,1,1,1,1,1,1,1,1,1,1,1,1,1,1,1,1,1,1,0,0,0,0,0,0,0,0,0,0,0,0,0,0,0,0,0,0,0,0,0,0,0,0,0,0,0,0,0,0,0,0,32,0,Unicorn_Absent,-1,-1.0,4,533,1.0,32.0,0.3333333333333333,32.0,0.0,0.5,UP,0.9,0.0,0.0,16,RIGHT,3,2
4878,51032096,40,510340,Absent,0,0,0,0,0,0,0,0,0,0,0,0,0,0,0,0,0,0,0,0,0,0,0,0,0,0,0,0,0,0,0,0,0,0,0,0,0,0,0,0,0,0,0,0,0,0,0,0,0,0,0,0,0,0,0,0,0,0,0,0,0,0,0,0,0,32,0,Unicorn_Absent,-1,-1.0,2,405,1.0,0.0,0.0,32.0,0.0,0.5,NOTHING,1.0,0.3333333333333333,0.0,0,UP,3,2
4880,51032096,41,510340,Absent,0,0,0,0,0,0,0,0,0,0,0,0,0,0,0,0,0,0,0,0,0,0,0,0,0,0,0,0,0,0,0,0,0,0,0,0,0,0,0,0,0,0,0,0,0,0,0,0,0,0,0,0,0,0,0,0,0,0,0,0,0,0,0,0,0,32,0,Unicorn_Absent,-1,-1.0,2,437,1.0,0.0,1.0,32.0,0.30434782608695654,0.5,NOTHING,1.0,0.0,0.0,0,NOTHING,3,2
4884,51032096,43,510340,Absent,36,0,0,0,0,0,0,0,0,0,1,1,1,1,1,1,0,0,1,1,1,1,1,1,0,0,1,1,1,1,1,1,0,0,1,1,1,1,1,1,0,0,1,1,1,1,1,1,0,0,1,1,1,1,1,1,0,0,0,0,0,0,0,0,0,32,0,Unicorn_Absent,-1,-1.0,7,488,1.0,36.0,0.0,36.0,0.30434782608695654,0.5625,IN,1.0,1.0,0.30434782608695654,0,NOTHING,3,2
4888,51032096,45,510340,Absent,28,1,1,1,1,1,1,1,1,1,0,0,0,0,0,0,1,1,0,0,0,0,0,0,1,1,0,0,0,0,0,0,1,1,0,0,0,0,0,0,1,1,0,0,0,0,0,0,1,1,0,0,0,0,0,0,1,1,1,1,1,1,1,1,1,18,14,Unicorn_Absent,-1,-1.0,8,442,0.9125,28.0,0.0,46.0,0.0,0.5,OUT,1.0,0.0,0.30434782608695654,0,IN,3,2
4890,51032096,46,510340,Absent,36,0,0,0,0,0,0,0,0,0,1,1,1,1,1,1,0,0,1,1,1,1,1,1,0,0,1,1,1,1,1,1,0,0,1,1,1,1,1,1,0,0,1,1,1,1,1,1,0,0,1,1,1,1,1,1,0,0,0,0,0,0,0,0,0,-4,36,Unicorn_Absent,-1,-1.0,7,438,0.775,36.0,0.0,36.0,0.0,0.0,IN,0.9125,0.0,0.0,14,OUT,3,2
4892,51032096,47,510340,Absent,32,1,1,1,1,0,0,0,0,1,1,1,1,0,0,0,0,1,1,1,1,0,0,0,0,1,1,1,1,0,0,0,0,1,1,1,1,0,0,0,0,1,1,1,1,0,0,0,0,1,1,1,1,0,0,0,0,1,1,1,1,0,0,0,0,32,0,Unicorn_Absent,-1,-1.0,5,470,1.0,32.0,0.36,64.0,0.30434782608695654,1.0,LEFT,0.775,0.0,0.0,36,IN,3,2
4894,51032096,48,510340,Absent,32,1,1,1,1,0,0,0,0,1,1,1,1,0,0,0,0,1,1,1,1,0,0,0,0,1,1,1,1,0,0,0,0,1,1,1,1,0,0,0,0,1,1,1,1,0,0,0,0,1,1,1,1,0,0,0,0,1,1,1,1,0,0,0,0,32,0,Unicorn_Absent,-1,-1.0,5,502,1.0,32.0,1.0,64.0,0.30434782608695654,1.0,LEFT,1.0,0.36,0.30434782608695654,0,LEFT,3,2
4898,51032096,50,510340,Absent,0,0,0,0,0,0,0,0,0,0,0,0,0,0,0,0,0,0,0,0,0,0,0,0,0,0,0,0,0,0,0,0,0,0,0,0,0,0,0,0,0,0,0,0,0,0,0,0,0,0,0,0,0,0,0,0,0,0,0,0,0,0,0,0,0,32,0,Unicorn_Absent,-1,-1.0,2,550,1.0,0.0,0.0,28.0,0.3333333333333333,0.4375,NOTHING,1.0,1.0,0.30434782608695654,0,LEFT,3,2
4900,51032096,51,510340,Absent,0,0,0,0,0,0,0,0,0,0,0,0,0,0,0,0,0,0,0,0,0,0,0,0,0,0,0,0,0,0,0,0,0,0,0,0,0,0,0,0,0,0,0,0,0,0,0,0,0,0,0,0,0,0,0,0,0,0,0,0,0,0,0,0,0,32,0,Unicorn_Absent,-1,-1.0,2,582,1.0,0.0,1.0,28.0,0.3333333333333333,0.4375,NOTHING,1.0,0.0,0.3333333333333333,0,NOTHING,3,2
4904,51032096,53,510340,Absent,28,1,1,1,1,1,1,1,1,1,0,0,0,0,0,0,1,1,0,0,0,0,0,0,1,1,0,0,0,0,0,0,1,1,0,0,0,0,0,0,1,1,0,0,0,0,0,0,1,1,0,0,0,0,0,0,1,1,1,1,1,1,1,1,1,18,14,Unicorn_Absent,-1,-1.0,8,536,0.9125,28.0,0.0,46.0,0.0,0.5,OUT,1.0,1.0,0.3333333333333333,0,NOTHING,3,2
4908,51032096,55,510340,Absent,0,0,0,0,0,0,0,0,0,0,0,0,0,0,0,0,0,0,0,0,0,0,0,0,0,0,0,0,0,0,0,0,0,0,0,0,0,0,0,0,0,0,0,0,0,0,0,0,0,0,0,0,0,0,0,0,0,0,0,0,0,0,0,0,0,32,0,Unicorn_Absent,-1,-1.0,2,600,1.0,0.0,0.0,32.0,0.0,0.5,NOTHING,0.9125,0.0,0.0,14,OUT,3,2
4910,51032096,56,510340,Absent,0,0,0,0,0,0,0,0,0,0,0,0,0,0,0,0,0,0,0,0,0,0,0,0,0,0,0,0,0,0,0,0,0,0,0,0,0,0,0,0,0,0,0,0,0,0,0,0,0,0,0,0,0,0,0,0,0,0,0,0,0,0,0,0,0,32,0,Unicorn_Absent,-1,-1.0,2,632,1.0,0.0,1.0,32.0,0.5,0.5,NOTHING,1.0,0.0,0.0,0,NOTHING,3,2
4918,51032096,60,510340,Absent,32,1,1,1,1,0,0,0,0,1,1,1,1,0,0,0,0,1,1,1,1,0,0,0,0,1,1,1,1,0,0,0,0,1,1,1,1,0,0,0,0,1,1,1,1,0,0,0,0,1,1,1,1,0,0,0,0,1,1,1,1,0,0,0,0,0,32,Unicorn_Absent,-1,-1.0,5,632,0.8,32.0,0.0,64.0,0.5,0.5,LEFT,1.0,1.0,0.5,0,NOTHING,3,2
4681,51631632,1,163222,Absent,59,1,0,0,1,1,0,1,1,1,1,1,1,0,1,1,0,0,0,0,1,1,1,0,0,0,1,1,0,1,1,1,1,0,0,0,0,0,1,0,1,1,0,1,0,1,0,1,0,1,1,1,0,1,0,1,1,1,0,1,1,0,1,0,0,20,12,Unicorn_Absent,-1,-1.0,9,20,0.925,36.0,1.0,47.0,0.0,0.546875,,,,,,,3,2
4683,51631632,2,163222,Absent,32,0,0,0,0,1,1,1,1,0,0,0,0,1,1,1,1,0,0,0,0,1,1,1,1,0,0,0,0,1,1,1,1,0,0,0,0,1,1,1,1,0,0,0,0,1,1,1,1,0,0,0,0,1,1,1,1,0,0,0,0,1,1,1,1,16,16,Unicorn_Absent,-1,-1.0,6,36,0.9,32.0,0.3877551020408163,48.0,0.0,0.5,RIGHT,0.925,1.0,0.0,12,,3,2
4687,51631632,4,163222,Absent,32,1,1,1,1,0,0,0,0,1,1,1,1,0,0,0,0,1,1,1,1,0,0,0,0,1,1,1,1,0,0,0,0,1,1,1,1,0,0,0,0,1,1,1,1,0,0,0,0,1,1,1,1,0,0,0,0,1,1,1,1,0,0,0,0,32,0,Unicorn_Absent,-1,-1.0,5,-12,1.0,32.0,0.0,64.0,0.24192176870748297,1.0,LEFT,0.9,0.3877551020408163,0.0,16,RIGHT,3,2
4691,51631632,6,163222,Absent,32,1,1,1,1,0,0,0,0,1,1,1,1,0,0,0,0,1,1,1,1,0,0,0,0,1,1,1,1,0,0,0,0,1,1,1,1,0,0,0,0,1,1,1,1,0,0,0,0,1,1,1,1,0,0,0,0,1,1,1,1,0,0,0,0,32,0,Unicorn_Absent,-1,-1.0,5,52,1.0,32.0,1.0,64.0,0.24192176870748297,1.0,LEFT,1.0,0.0,0.24192176870748297,0,LEFT,3,2
4693,51631632,7,163222,Absent,32,1,1,1,1,0,0,0,0,1,1,1,1,0,0,0,0,1,1,1,1,0,0,0,0,1,1,1,1,0,0,0,0,1,1,1,1,0,0,0,0,1,1,1,1,0,0,0,0,1,1,1,1,0,0,0,0,1,1,1,1,0,0,0,0,32,0,Unicorn_Absent,-1,-1.0,5,84,1.0,32.0,1.0,64.0,0.3333333333333333,1.0,LEFT,1.0,1.0,0.24192176870748297,0,LEFT,3,2
4701,51631632,11,163222,Absent,20,0,1,0,0,0,0,1,0,0,0,0,1,0,1,0,0,0,0,1,0,0,0,0,1,1,0,0,0,1,0,0,1,0,0,0,1,0,1,0,0,0,0,0,0,0,0,1,0,0,0,0,0,1,0,1,0,0,1,1,0,0,0,0,0,23,9,Unicorn_Absent,-1,-1.0,9,203,0.94375,16.0,0.17073170731707318,39.0,0.3333333333333333,0.46875,,1.0,1.0,0.3333333333333333,0,LEFT,3,2
4703,51631632,12,163222,Absent,28,1,1,1,1,1,1,1,1,1,0,0,0,0,0,0,1,1,0,0,0,0,0,0,1,1,0,0,0,0,0,0,1,1,0,0,0,0,0,0,1,1,0,0,0,0,0,0,1,1,0,0,0,0,0,0,1,1,1,1,1,1,1,1,1,18,14,Unicorn_Absent,-1,-1.0,8,221,0.9125,28.0,0.1891891891891892,46.0,0.0,0.5,OUT,0.94375,0.17073170731707318,0.3333333333333333,9,,3,2
4705,51631632,13,163222,Absent,32,1,1,1,1,1,1,1,1,1,1,1,1,1,1,1,1,1,1,1,1,1,1,1,1,1,1,1,1,1,1,1,1,0,0,0,0,0,0,0,0,0,0,0,0,0,0,0,0,0,0,0,0,0,0,0,0,0,0,0,0,0,0,0,0,0,32,Unicorn_Absent,-1,-1.0,4,221,0.8,32.0,0.30434782608695654,32.0,0.0,0.0,UP,0.9125,0.1891891891891892,0.0,14,OUT,3,2
4711,51631632,16,163222,Absent,36,0,0,0,0,0,0,0,0,0,1,1,1,1,1,1,0,0,1,1,1,1,1,1,0,0,1,1,1,1,1,1,0,0,1,1,1,1,1,1,0,0,1,1,1,1,1,1,0,0,1,1,1,1,1,1,0,0,0,0,0,0,0,0,0,14,18,Unicorn_Absent,-1,-1.0,7,196,0.8875,36.0,0.36,50.0,0.0,0.5,IN,0.8,0.30434782608695654,0.0,32,UP,3,2
4719,51631632,20,163222,Absent,28,1,1,1,1,1,1,1,1,1,0,0,0,0,0,0,1,1,0,0,0,0,0,0,1,1,0,0,0,0,0,0,1,1,0,0,0,0,0,0,1,1,0,0,0,0,0,0,1,1,0,0,0,0,0,0,1,1,1,1,1,1,1,1,1,18,14,Unicorn_Absent,-1,-1.0,8,208,0.9125,28.0,0.0,46.0,0.0,0.5,OUT,0.8875,0.36,0.0,18,IN,3,2
4723,51631632,22,163222,Absent,32,1,1,1,1,0,0,0,0,1,1,1,1,0,0,0,0,1,1,1,1,0,0,0,0,1,1,1,1,0,0,0,0,1,1,1,1,0,0,0,0,1,1,1,1,0,0,0,0,1,1,1,1,0,0,0,0,1,1,1,1,0,0,0,0,14,18,Unicorn_Absent,-1,-1.0,5,144,0.8875,32.0,0.30434782608695654,50.0,0.8292682926829268,0.5,LEFT,0.9125,0.0,0.0,14,OUT,3,2
4729,51631632,25,163222,Absent,32,1,1,1,1,0,0,0,0,1,1,1,1,0,0,0,0,1,1,1,1,0,0,0,0,1,1,1,1,0,0,0,0,1,1,1,1,0,0,0,0,1,1,1,1,0,0,0,0,1,1,1,1,0,0,0,0,1,1,1,1,0,0,0,0,32,0,Unicorn_Absent,-1,-1.0,5,240,1.0,32.0,1.0,64.0,0.8292682926829268,1.0,LEFT,0.8875,0.30434782608695654,0.8292682926829268,18,LEFT,3,2
4737,51631632,29,163222,Absent,28,1,1,1,1,1,1,1,1,1,0,0,0,0,0,0,1,1,0,0,0,0,0,0,1,1,0,0,0,0,0,0,1,1,0,0,0,0,0,0,1,1,0,0,0,0,0,0,1,1,0,0,0,0,0,0,1,1,1,1,1,1,1,1,1,32,0,Unicorn_Absent,-1,-1.0,8,360,1.0,28.0,0.30434782608695654,64.0,0.14414414414414412,1.0,OUT,1.0,1.0,0.8292682926829268,0,LEFT,3,2
4741,51631632,31,163222,Absent,0,0,0,0,0,0,0,0,0,0,0,0,0,0,0,0,0,0,0,0,0,0,0,0,0,0,0,0,0,0,0,0,0,0,0,0,0,0,0,0,0,0,0,0,0,0,0,0,0,0,0,0,0,0,0,0,0,0,0,0,0,0,0,0,0,32,0,Unicorn_Absent,-1,-1.0,2,411,1.0,0.0,0.0,36.0,0.14414414414414412,0.5625,NOTHING,1.0,0.30434782608695654,0.14414414414414412,0,OUT,3,2
4745,51631632,33,163222,Absent,0,0,0,0,0,0,0,0,0,0,0,0,0,0,0,0,0,0,0,0,0,0,0,0,0,0,0,0,0,0,0,0,0,0,0,0,0,0,0,0,0,0,0,0,0,0,0,0,0,0,0,0,0,0,0,0,0,0,0,0,0,0,0,0,0,32,0,Unicorn_Absent,-1,-1.0,2,475,1.0,0.0,1.0,28.0,0.30434782608695654,0.4375,NOTHING,1.0,0.0,0.14414414414414412,0,NOTHING,3,2
4749,51631632,35,163222,Absent,28,1,1,1,1,1,1,1,1,1,0,0,0,0,0,0,1,1,0,0,0,0,0,0,1,1,0,0,0,0,0,0,1,1,0,0,0,0,0,0,1,1,0,0,0,0,0,0,1,1,0,0,0,0,0,0,1,1,1,1,1,1,1,1,1,4,28,Unicorn_Absent,-1,-1.0,8,415,0.825,28.0,0.0,64.0,0.30434782608695654,0.5625,OUT,1.0,1.0,0.30434782608695654,0,NOTHING,3,2
4755,51631632,38,163222,Absent,36,0,0,0,0,0,0,0,0,0,1,1,1,1,1,1,0,0,1,1,1,1,1,1,0,0,1,1,1,1,1,1,0,0,1,1,1,1,1,1,0,0,1,1,1,1,1,1,0,0,1,1,1,1,1,1,0,0,0,0,0,0,0,0,0,32,0,Unicorn_Absent,-1,-1.0,7,291,1.0,36.0,0.0,64.0,0.64,1.0,IN,0.825,0.0,0.30434782608695654,28,OUT,3,2
4757,51631632,39,163222,Absent,36,0,0,0,0,0,0,0,0,0,1,1,1,1,1,1,0,0,1,1,1,1,1,1,0,0,1,1,1,1,1,1,0,0,1,1,1,1,1,1,0,0,1,1,1,1,1,1,0,0,1,1,1,1,1,1,0,0,0,0,0,0,0,0,0,32,0,Unicorn_Absent,-1,-1.0,7,323,1.0,36.0,1.0,64.0,0.64,1.0,IN,1.0,0.0,0.64,0,IN,3,2
4759,51631632,40,163222,Absent,36,0,0,0,0,0,0,0,0,0,1,1,1,1,1,1,0,0,1,1,1,1,1,1,0,0,1,1,1,1,1,1,0,0,1,1,1,1,1,1,0,0,1,1,1,1,1,1,0,0,1,1,1,1,1,1,0,0,0,0,0,0,0,0,0,32,0,Unicorn_Absent,-1,-1.0,7,355,1.0,36.0,1.0,64.0,0.0,1.0,IN,1.0,1.0,0.64,0,IN,3,2
4761,51631632,41,163222,Absent,36,0,0,0,0,0,0,0,0,0,1,1,1,1,1,1,0,0,1,1,1,1,1,1,0,0,1,1,1,1,1,1,0,0,1,1,1,1,1,1,0,0,1,1,1,1,1,1,0,0,1,1,1,1,1,1,0,0,0,0,0,0,0,0,0,14,18,Unicorn_Absent,-1,-1.0,7,369,0.8875,36.0,1.0,50.0,0.0,0.5,IN,1.0,1.0,0.0,0,IN,3,2
4763,51631632,42,163222,Absent,32,0,0,0,0,1,1,1,1,0,0,0,0,1,1,1,1,0,0,0,0,1,1,1,1,0,0,0,0,1,1,1,1,0,0,0,0,1,1,1,1,0,0,0,0,1,1,1,1,0,0,0,0,1,1,1,1,0,0,0,0,1,1,1,1,16,16,Unicorn_Absent,-1,-1.0,6,385,0.9,32.0,0.36,48.0,0.055652173913043446,0.5,RIGHT,0.8875,1.0,0.0,18,IN,3,2
4765,51631632,43,163222,Absent,32,0,0,0,0,0,0,0,0,0,0,0,0,0,0,0,0,0,0,0,0,0,0,0,0,0,0,0,0,0,0,0,0,1,1,1,1,1,1,1,1,1,1,1,1,1,1,1,1,1,1,1,1,1,1,1,1,1,1,1,1,1,1,1,1,32,0,Unicorn_Absent,-1,-1.0,3,417,1.0,32.0,0.3333333333333333,32.0,0.055652173913043446,0.5,DOWN,0.9,0.36,0.055652173913043446,16,RIGHT,3,2
4767,51631632,44,163222,Absent,32,0,0,0,0,0,0,0,0,0,0,0,0,0,0,0,0,0,0,0,0,0,0,0,0,0,0,0,0,0,0,0,0,1,1,1,1,1,1,1,1,1,1,1,1,1,1,1,1,1,1,1,1,1,1,1,1,1,1,1,1,1,1,1,1,32,0,Unicorn_Absent,-1,-1.0,3,449,1.0,32.0,1.0,32.0,0.64,0.5,DOWN,1.0,0.3333333333333333,0.055652173913043446,0,DOWN,3,2
4769,51631632,45,163222,Absent,32,0,0,0,0,0,0,0,0,0,0,0,0,0,0,0,0,0,0,0,0,0,0,0,0,0,0,0,0,0,0,0,0,1,1,1,1,1,1,1,1,1,1,1,1,1,1,1,1,1,1,1,1,1,1,1,1,1,1,1,1,1,1,1,1,32,0,Unicorn_Absent,-1,-1.0,3,481,1.0,32.0,1.0,32.0,0.64,0.5,DOWN,1.0,1.0,0.64,0,DOWN,3,2
4779,51631632,50,163222,Absent,32,1,1,1,1,1,1,1,1,1,1,1,1,1,1,1,1,1,1,1,1,1,1,1,1,1,1,1,1,1,1,1,1,0,0,0,0,0,0,0,0,0,0,0,0,0,0,0,0,0,0,0,0,0,0,0,0,0,0,0,0,0,0,0,0,32,0,Unicorn_Absent,-1,-1.0,4,641,1.0,32.0,0.0,32.0,0.055652173913043446,0.5,UP,1.0,1.0,0.64,0,DOWN,3,2
4781,51631632,51,163222,Absent,28,1,1,1,1,1,1,1,1,1,0,0,0,0,0,0,1,1,0,0,0,0,0,0,1,1,0,0,0,0,0,0,1,1,0,0,0,0,0,0,1,1,0,0,0,0,0,0,1,1,0,0,0,0,0,0,1,1,1,1,1,1,1,1,1,32,0,Unicorn_Absent,-1,-1.0,8,673,1.0,28.0,0.30434782608695654,28.0,0.055652173913043446,0.4375,OUT,1.0,0.0,0.055652173913043446,0,UP,3,2
4783,51631632,52,163222,Absent,28,1,1,1,1,1,1,1,1,1,0,0,0,0,0,0,1,1,0,0,0,0,0,0,1,1,0,0,0,0,0,0,1,1,0,0,0,0,0,0,1,1,0,0,0,0,0,0,1,1,0,0,0,0,0,0,1,1,1,1,1,1,1,1,1,18,14,Unicorn_Absent,-1,-1.0,8,691,0.9125,28.0,1.0,46.0,1.0,0.5,OUT,1.0,0.30434782608695654,0.055652173913043446,0,OUT,3,2
4797,51631632,59,163222,Absent,32,0,0,0,0,1,1,1,1,0,0,0,0,1,1,1,1,0,0,0,0,1,1,1,1,0,0,0,0,1,1,1,1,0,0,0,0,1,1,1,1,0,0,0,0,1,1,1,1,0,0,0,0,1,1,1,1,0,0,0,0,1,1,1,1,0,32,Unicorn_Absent,-1,-1.0,6,469,0.8,32.0,0.30434782608695654,32.0,1.0,0.0,RIGHT,0.9125,1.0,1.0,14,OUT,3,2
4680,51631632,1,516316,Absent,26,0,0,0,0,0,0,0,0,1,0,0,1,0,1,0,0,0,1,0,0,0,0,1,0,1,0,0,0,0,1,0,0,1,1,1,1,1,1,0,1,0,0,1,0,0,0,0,0,1,0,0,0,1,1,1,0,1,1,1,0,0,0,0,1,20,12,Unicorn_Absent,-1,-1.0,0,20,0.925,23.0,1.0,47.0,1.0,0.546875,RS,,,,,,3,2
4682,51631632,2,516316,Absent,32,1,1,1,1,1,1,1,1,1,1,1,1,1,1,1,1,1,1,1,1,1,1,1,1,1,1,1,1,1,1,1,1,0,0,0,0,0,0,0,0,0,0,0,0,0,0,0,0,0,0,0,0,0,0,0,0,0,0,0,0,0,0,0,0,16,16,Unicorn_Absent,-1,-1.0,4,36,0.9,32.0,0.14583333333333334,48.0,1.0,0.5,UP,0.925,1.0,1.0,12,RS,3,2
4686,51631632,4,516316,Absent,32,0,0,0,0,1,1,1,1,0,0,0,0,1,1,1,1,0,0,0,0,1,1,1,1,0,0,0,0,1,1,1,1,0,0,0,0,1,1,1,1,0,0,0,0,1,1,1,1,0,0,0,0,1,1,1,1,0,0,0,0,1,1,1,1,32,0,Unicorn_Absent,-1,-1.0,6,-12,1.0,32.0,0.3333333333333333,64.0,0.4375,1.0,RIGHT,0.9,0.14583333333333334,1.0,16,UP,3,2
4690,51631632,6,516316,Absent,32,0,0,0,0,1,1,1,1,0,0,0,0,1,1,1,1,0,0,0,0,1,1,1,1,0,0,0,0,1,1,1,1,0,0,0,0,1,1,1,1,0,0,0,0,1,1,1,1,0,0,0,0,1,1,1,1,0,0,0,0,1,1,1,1,32,0,Unicorn_Absent,-1,-1.0,6,52,1.0,32.0,1.0,64.0,0.4375,1.0,RIGHT,1.0,0.3333333333333333,0.4375,0,RIGHT,3,2
4692,51631632,7,516316,Absent,32,0,0,0,0,1,1,1,1,0,0,0,0,1,1,1,1,0,0,0,0,1,1,1,1,0,0,0,0,1,1,1,1,0,0,0,0,1,1,1,1,0,0,0,0,1,1,1,1,0,0,0,0,1,1,1,1,0,0,0,0,1,1,1,1,32,0,Unicorn_Absent,-1,-1.0,6,84,1.0,32.0,1.0,64.0,0.4375,1.0,RIGHT,1.0,1.0,0.4375,0,RIGHT,3,2
4700,51631632,11,516316,Absent,32,0,0,0,0,1,1,1,1,0,0,0,0,1,1,1,1,0,0,0,0,1,1,1,1,0,0,0,0,1,1,1,1,0,0,0,0,1,1,1,1,0,0,0,0,1,1,1,1,0,0,0,0,1,1,1,1,0,0,0,0,1,1,1,1,23,9,Unicorn_Absent,-1,-1.0,6,203,0.94375,32.0,1.0,39.0,0.4375,0.46875,RIGHT,1.0,1.0,0.4375,0,RIGHT,3,2
4702,51631632,12,516316,Absent,32,0,0,0,0,0,0,0,0,0,0,0,0,0,0,0,0,0,0,0,0,0,0,0,0,0,0,0,0,0,0,0,0,1,1,1,1,1,1,1,1,1,1,1,1,1,1,1,1,1,1,1,1,1,1,1,1,1,1,1,1,1,1,1,1,18,14,Unicorn_Absent,-1,-1.0,3,221,0.9125,32.0,0.3333333333333333,46.0,0.0,0.5,DOWN,0.94375,1.0,0.4375,9,RIGHT,3,2
4704,51631632,13,516316,Absent,32,1,1,1,1,1,1,1,1,1,1,1,1,1,1,1,1,1,1,1,1,1,1,1,1,1,1,1,1,1,1,1,1,0,0,0,0,0,0,0,0,0,0,0,0,0,0,0,0,0,0,0,0,0,0,0,0,0,0,0,0,0,0,0,0,0,32,Unicorn_Absent,-1,-1.0,4,221,0.8,32.0,0.0,32.0,0.0,0.0,UP,0.9125,0.3333333333333333,0.0,14,DOWN,3,2
4710,51631632,16,516316,Absent,32,1,1,1,1,1,1,1,1,1,1,1,1,1,1,1,1,1,1,1,1,1,1,1,1,1,1,1,1,1,1,1,1,0,0,0,0,0,0,0,0,0,0,0,0,0,0,0,0,0,0,0,0,0,0,0,0,0,0,0,0,0,0,0,0,14,18,Unicorn_Absent,-1,-1.0,4,196,0.8875,32.0,1.0,50.0,0.0,0.5,UP,0.8,0.0,0.0,32,UP,3,2
4718,51631632,20,516316,Absent,32,0,0,0,0,0,0,0,0,0,0,0,0,0,0,0,0,0,0,0,0,0,0,0,0,0,0,0,0,0,0,0,0,1,1,1,1,1,1,1,1,1,1,1,1,1,1,1,1,1,1,1,1,1,1,1,1,1,1,1,1,1,1,1,1,18,14,Unicorn_Absent,-1,-1.0,3,208,0.9125,32.0,0.0,46.0,0.0,0.5,DOWN,0.8875,1.0,0.0,18,UP,3,2
4722,51631632,22,516316,Absent,36,0,0,0,0,0,0,0,0,0,1,1,1,1,1,1,0,0,1,1,1,1,1,1,0,0,1,1,1,1,1,1,0,0,1,1,1,1,1,1,0,0,1,1,1,1,1,1,0,0,1,1,1,1,1,1,0,0,0,0,0,0,0,0,0,14,18,Unicorn_Absent,-1,-1.0,7,144,0.8875,36.0,0.36,50.0,0.6956521739130435,0.5,IN,0.9125,0.0,0.0,14,DOWN,3,2
4728,51631632,25,516316,Absent,32,0,0,0,0,1,1,1,1,0,0,0,0,1,1,1,1,0,0,0,0,1,1,1,1,0,0,0,0,1,1,1,1,0,0,0,0,1,1,1,1,0,0,0,0,1,1,1,1,0,0,0,0,1,1,1,1,0,0,0,0,1,1,1,1,32,0,Unicorn_Absent,-1,-1.0,6,240,1.0,32.0,0.36,64.0,0.6956521739130435,1.0,RIGHT,0.8875,0.36,0.6956521739130435,18,IN,3,2
4736,51631632,29,516316,Absent,36,0,0,0,0,0,0,0,0,0,1,1,1,1,1,1,0,0,1,1,1,1,1,1,0,0,1,1,1,1,1,1,0,0,1,1,1,1,1,1,0,0,1,1,1,1,1,1,0,0,1,1,1,1,1,1,0,0,0,0,0,0,0,0,0,32,0,Unicorn_Absent,-1,-1.0,7,360,1.0,36.0,0.36,64.0,0.64,1.0,IN,1.0,0.36,0.6956521739130435,0,RIGHT,3,2
4740,51631632,31,516316,Absent,36,0,0,0,0,0,0,0,0,0,1,1,1,1,1,1,0,0,1,1,1,1,1,1,0,0,1,1,1,1,1,1,0,0,1,1,1,1,1,1,0,0,1,1,1,1,1,1,0,0,1,1,1,1,1,1,0,0,0,0,0,0,0,0,0,32,0,Unicorn_Absent,-1,-1.0,7,411,1.0,36.0,1.0,36.0,0.64,0.5625,IN,1.0,0.36,0.64,0,IN,3,2
4744,51631632,33,516316,Absent,28,1,1,1,1,1,1,1,1,1,0,0,0,0,0,0,1,1,0,0,0,0,0,0,1,1,0,0,0,0,0,0,1,1,0,0,0,0,0,0,1,1,0,0,0,0,0,0,1,1,0,0,0,0,0,0,1,1,1,1,1,1,1,1,1,32,0,Unicorn_Absent,-1,-1.0,8,475,1.0,28.0,0.0,28.0,0.3333333333333333,0.4375,OUT,1.0,1.0,0.64,0,IN,3,2
4748,51631632,35,516316,Absent,64,1,1,1,1,1,1,1,1,1,1,1,1,1,1,1,1,1,1,1,1,1,1,1,1,1,1,1,1,1,1,1,1,1,1,1,1,1,1,1,1,1,1,1,1,1,1,1,1,1,1,1,1,1,1,1,1,1,1,1,1,1,1,1,1,4,28,Unicorn_Absent,-1,-1.0,1,415,0.825,64.0,0.4375,64.0,0.3333333333333333,0.5625,ALL,1.0,0.0,0.3333333333333333,0,OUT,3,2
4754,51631632,38,516316,Absent,28,1,1,1,1,1,1,1,1,1,0,0,0,0,0,0,1,1,0,0,0,0,0,0,1,1,0,0,0,0,0,0,1,1,0,0,0,0,0,0,1,1,0,0,0,0,0,0,1,1,0,0,0,0,0,0,1,1,1,1,1,1,1,1,1,32,0,Unicorn_Absent,-1,-1.0,8,291,1.0,28.0,0.4375,64.0,0.0,1.0,OUT,0.825,0.4375,0.3333333333333333,28,ALL,3,2
4756,51631632,39,516316,Absent,28,1,1,1,1,1,1,1,1,1,0,0,0,0,0,0,1,1,0,0,0,0,0,0,1,1,0,0,0,0,0,0,1,1,0,0,0,0,0,0,1,1,0,0,0,0,0,0,1,1,0,0,0,0,0,0,1,1,1,1,1,1,1,1,1,32,0,Unicorn_Absent,-1,-1.0,8,323,1.0,28.0,1.0,64.0,0.0,1.0,OUT,1.0,0.4375,0.0,0,OUT,3,2
4758,51631632,40,516316,Absent,28,1,1,1,1,1,1,1,1,1,0,0,0,0,0,0,1,1,0,0,0,0,0,0,1,1,0,0,0,0,0,0,1,1,0,0,0,0,0,0,1,1,0,0,0,0,0,0,1,1,0,0,0,0,0,0,1,1,1,1,1,1,1,1,1,32,0,Unicorn_Absent,-1,-1.0,8,355,1.0,28.0,1.0,64.0,0.0,1.0,OUT,1.0,1.0,0.0,0,OUT,3,2
4760,51631632,41,516316,Absent,32,1,1,1,1,1,1,1,1,1,1,1,1,1,1,1,1,1,1,1,1,1,1,1,1,1,1,1,1,1,1,1,1,0,0,0,0,0,0,0,0,0,0,0,0,0,0,0,0,0,0,0,0,0,0,0,0,0,0,0,0,0,0,0,0,14,18,Unicorn_Absent,-1,-1.0,4,369,0.8875,32.0,0.30434782608695654,50.0,0.0,0.5,UP,1.0,1.0,0.0,0,OUT,3,2
4762,51631632,42,516316,Absent,32,1,1,1,1,1,1,1,1,1,1,1,1,1,1,1,1,1,1,1,1,1,1,1,1,1,1,1,1,1,1,1,1,0,0,0,0,0,0,0,0,0,0,0,0,0,0,0,0,0,0,0,0,0,0,0,0,0,0,0,0,0,0,0,0,16,16,Unicorn_Absent,-1,-1.0,4,385,0.9,32.0,1.0,48.0,1.0,0.5,UP,0.8875,0.30434782608695654,0.0,18,UP,3,2
4764,51631632,43,516316,Absent,0,0,0,0,0,0,0,0,0,0,0,0,0,0,0,0,0,0,0,0,0,0,0,0,0,0,0,0,0,0,0,0,0,0,0,0,0,0,0,0,0,0,0,0,0,0,0,0,0,0,0,0,0,0,0,0,0,0,0,0,0,0,0,0,0,32,0,Unicorn_Absent,-1,-1.0,2,417,1.0,0.0,0.0,32.0,1.0,0.5,NOTHING,0.9,1.0,1.0,16,UP,3,2
4766,51631632,44,516316,Absent,0,0,0,0,0,0,0,0,0,0,0,0,0,0,0,0,0,0,0,0,0,0,0,0,0,0,0,0,0,0,0,0,0,0,0,0,0,0,0,0,0,0,0,0,0,0,0,0,0,0,0,0,0,0,0,0,0,0,0,0,0,0,0,0,0,32,0,Unicorn_Absent,-1,-1.0,2,449,1.0,0.0,1.0,32.0,0.6956521739130435,0.5,NOTHING,1.0,0.0,1.0,0,NOTHING,3,2
4768,51631632,45,516316,Absent,0,0,0,0,0,0,0,0,0,0,0,0,0,0,0,0,0,0,0,0,0,0,0,0,0,0,0,0,0,0,0,0,0,0,0,0,0,0,0,0,0,0,0,0,0,0,0,0,0,0,0,0,0,0,0,0,0,0,0,0,0,0,0,0,0,32,0,Unicorn_Absent,-1,-1.0,2,481,1.0,0.0,1.0,32.0,0.6956521739130435,0.5,NOTHING,1.0,1.0,0.6956521739130435,0,NOTHING,3,2
4778,51631632,50,516316,Absent,0,0,0,0,0,0,0,0,0,0,0,0,0,0,0,0,0,0,0,0,0,0,0,0,0,0,0,0,0,0,0,0,0,0,0,0,0,0,0,0,0,0,0,0,0,0,0,0,0,0,0,0,0,0,0,0,0,0,0,0,0,0,0,0,0,32,0,Unicorn_Absent,-1,-1.0,2,641,1.0,0.0,1.0,32.0,1.0,0.5,NOTHING,1.0,1.0,0.6956521739130435,0,NOTHING,3,2
4780,51631632,51,516316,Absent,0,0,0,0,0,0,0,0,0,0,0,0,0,0,0,0,0,0,0,0,0,0,0,0,0,0,0,0,0,0,0,0,0,0,0,0,0,0,0,0,0,0,0,0,0,0,0,0,0,0,0,0,0,0,0,0,0,0,0,0,0,0,0,0,0,32,0,Unicorn_Absent,-1,-1.0,2,673,1.0,0.0,1.0,28.0,1.0,0.4375,NOTHING,1.0,1.0,1.0,0,NOTHING,3,2
4782,51631632,52,516316,Absent,32,1,1,1,1,1,1,1,1,1,1,1,1,1,1,1,1,1,1,1,1,1,1,1,1,1,1,1,1,1,1,1,1,0,0,0,0,0,0,0,0,0,0,0,0,0,0,0,0,0,0,0,0,0,0,0,0,0,0,0,0,0,0,0,0,18,14,Unicorn_Absent,-1,-1.0,4,691,0.9125,32.0,0.0,46.0,0.028985507246376774,0.5,UP,1.0,1.0,1.0,0,NOTHING,3,2
4796,51631632,59,516316,Absent,32,0,0,0,0,1,1,1,1,0,0,0,0,1,1,1,1,0,0,0,0,1,1,1,1,0,0,0,0,1,1,1,1,0,0,0,0,1,1,1,1,0,0,0,0,1,1,1,1,0,0,0,0,1,1,1,1,0,0,0,0,1,1,1,1,0,32,Unicorn_Absent,-1,-1.0,6,469,0.8,32.0,0.3333333333333333,32.0,0.028985507246376774,0.0,RIGHT,0.9125,0.0,0.028985507246376774,14,UP,3,2
3360,52284952,1,5228,Absent,5,0,0,0,0,0,0,0,0,0,0,0,0,0,0,1,0,0,0,0,0,0,0,1,0,0,0,1,0,0,0,0,0,1,0,0,0,0,0,0,0,1,0,0,0,0,0,0,0,0,0,0,0,0,0,0,0,0,0,0,0,0,0,0,0,30,2,Unicorn_Absent,-1,-1.0,0,30,0.9875,5.0,1.0,11.0,0.0,0.140625,RS,,,,,,3,2
3368,52284952,5,5228,Absent,36,0,0,0,0,0,0,0,0,0,1,1,1,1,1,1,0,0,1,1,1,1,1,1,0,0,1,1,1,1,1,1,0,0,1,1,1,1,1,1,0,0,1,1,1,1,1,1,0,0,1,1,1,1,1,1,0,0,0,0,0,0,0,0,0,32,0,Unicorn_Absent,-1,-1.0,7,-34,1.0,36.0,0.07894736842105263,64.0,0.0,1.0,IN,0.9875,1.0,0.0,2,RS,3,2
3370,52284952,6,5228,Absent,32,0,0,0,0,1,1,1,1,0,0,0,0,1,1,1,1,0,0,0,0,1,1,1,1,0,0,0,0,1,1,1,1,0,0,0,0,1,1,1,1,0,0,0,0,1,1,1,1,0,0,0,0,1,1,1,1,0,0,0,0,1,1,1,1,18,14,Unicorn_Absent,-1,-1.0,6,-16,0.9125,32.0,0.36,46.0,0.011961722488038284,0.5,RIGHT,1.0,0.07894736842105263,0.0,0,IN,3,2
3376,52284952,9,5228,Absent,36,0,0,0,0,0,0,0,0,0,1,1,1,1,1,1,0,0,1,1,1,1,1,1,0,0,1,1,1,1,1,1,0,0,1,1,1,1,1,1,0,0,1,1,1,1,1,1,0,0,1,1,1,1,1,1,0,0,0,0,0,0,0,0,0,32,0,Unicorn_Absent,-1,-1.0,7,48,1.0,36.0,0.36,64.0,0.011961722488038284,1.0,IN,0.9125,0.36,0.011961722488038284,14,RIGHT,3,2
3378,52284952,10,5228,Absent,32,0,0,0,0,1,1,1,1,0,0,0,0,1,1,1,1,0,0,0,0,1,1,1,1,0,0,0,0,1,1,1,1,0,0,0,0,1,1,1,1,0,0,0,0,1,1,1,1,0,0,0,0,1,1,1,1,0,0,0,0,1,1,1,1,18,14,Unicorn_Absent,-1,-1.0,6,66,0.9125,32.0,0.36,46.0,0.64,0.5,RIGHT,1.0,0.36,0.011961722488038284,0,IN,3,2
3380,52284952,11,5228,Absent,28,1,1,1,1,1,1,1,1,1,0,0,0,0,0,0,1,1,0,0,0,0,0,0,1,1,0,0,0,0,0,0,1,1,0,0,0,0,0,0,1,1,0,0,0,0,0,0,1,1,0,0,0,0,0,0,1,1,1,1,1,1,1,1,1,32,0,Unicorn_Absent,-1,-1.0,8,98,1.0,28.0,0.30434782608695654,64.0,0.64,1.0,OUT,0.9125,0.36,0.64,14,RIGHT,3,2
3382,52284952,12,5228,Absent,28,1,1,1,1,1,1,1,1,1,0,0,0,0,0,0,1,1,0,0,0,0,0,0,1,1,0,0,0,0,0,0,1,1,0,0,0,0,0,0,1,1,0,0,0,0,0,0,1,1,0,0,0,0,0,0,1,1,1,1,1,1,1,1,1,32,0,Unicorn_Absent,-1,-1.0,8,130,1.0,28.0,1.0,64.0,0.64,1.0,OUT,1.0,0.30434782608695654,0.64,0,OUT,3,2
3386,52284952,14,5228,Absent,36,0,0,0,0,0,0,0,0,0,1,1,1,1,1,1,0,0,1,1,1,1,1,1,0,0,1,1,1,1,1,1,0,0,1,1,1,1,1,1,0,0,1,1,1,1,1,1,0,0,1,1,1,1,1,1,0,0,0,0,0,0,0,0,0,32,0,Unicorn_Absent,-1,-1.0,7,194,1.0,36.0,0.0,36.0,0.64,0.5625,IN,1.0,1.0,0.64,0,OUT,3,2
3390,52284952,16,5228,Absent,0,0,0,0,0,0,0,0,0,0,0,0,0,0,0,0,0,0,0,0,0,0,0,0,0,0,0,0,0,0,0,0,0,0,0,0,0,0,0,0,0,0,0,0,0,0,0,0,0,0,0,0,0,0,0,0,0,0,0,0,0,0,0,0,0,32,0,Unicorn_Absent,-1,-1.0,2,162,1.0,0.0,0.0,3.0,0.64,0.046875,NOTHING,1.0,0.0,0.64,0,IN,3,2
3392,52284952,17,5228,Absent,0,0,0,0,0,0,0,0,0,0,0,0,0,0,0,0,0,0,0,0,0,0,0,0,0,0,0,0,0,0,0,0,0,0,0,0,0,0,0,0,0,0,0,0,0,0,0,0,0,0,0,0,0,0,0,0,0,0,0,0,0,0,0,0,0,32,0,Unicorn_Absent,-1,-1.0,2,194,1.0,0.0,1.0,40.0,0.64,0.625,NOTHING,1.0,0.0,0.64,0,NOTHING,3,2
3396,52284952,19,5228,Absent,32,0,0,0,0,0,0,0,0,0,0,0,0,0,0,0,0,0,0,0,0,0,0,0,0,0,0,0,0,0,0,0,0,1,1,1,1,1,1,1,1,1,1,1,1,1,1,1,1,1,1,1,1,1,1,1,1,1,1,1,1,1,1,1,1,14,18,Unicorn_Absent,-1,-1.0,3,144,0.8875,32.0,0.0,50.0,0.30434782608695654,0.5,DOWN,1.0,1.0,0.64,0,NOTHING,3,2
3402,52284952,22,5228,Absent,32,0,0,0,0,1,1,1,1,0,0,0,0,1,1,1,1,0,0,0,0,1,1,1,1,0,0,0,0,1,1,1,1,0,0,0,0,1,1,1,1,0,0,0,0,1,1,1,1,0,0,0,0,1,1,1,1,0,0,0,0,1,1,1,1,16,16,Unicorn_Absent,-1,-1.0,6,213,0.9,32.0,0.3333333333333333,48.0,0.30434782608695654,0.5,RIGHT,0.8875,0.0,0.30434782608695654,18,DOWN,3,2
3404,52284952,23,5228,Absent,32,1,1,1,1,1,1,1,1,1,1,1,1,1,1,1,1,1,1,1,1,1,1,1,1,1,1,1,1,1,1,1,1,0,0,0,0,0,0,0,0,0,0,0,0,0,0,0,0,0,0,0,0,0,0,0,0,0,0,0,0,0,0,0,0,14,18,Unicorn_Absent,-1,-1.0,4,227,0.8875,32.0,0.3333333333333333,50.0,0.0,0.5,UP,0.9,0.3333333333333333,0.30434782608695654,16,RIGHT,3,2
3406,52284952,24,5228,Absent,36,0,0,0,0,0,0,0,0,0,1,1,1,1,1,1,0,0,1,1,1,1,1,1,0,0,1,1,1,1,1,1,0,0,1,1,1,1,1,1,0,0,1,1,1,1,1,1,0,0,1,1,1,1,1,1,0,0,0,0,0,0,0,0,0,14,18,Unicorn_Absent,-1,-1.0,7,241,0.8875,36.0,0.36,50.0,0.0,0.5,IN,0.8875,0.3333333333333333,0.0,18,UP,3,2
3408,52284952,25,5228,Absent,32,0,0,0,0,0,0,0,0,0,0,0,0,0,0,0,0,0,0,0,0,0,0,0,0,0,0,0,0,0,0,0,0,1,1,1,1,1,1,1,1,1,1,1,1,1,1,1,1,1,1,1,1,1,1,1,1,1,1,1,1,1,1,1,1,0,32,Unicorn_Absent,-1,-1.0,3,241,0.8,32.0,0.36,32.0,0.0,0.0,DOWN,0.8875,0.36,0.0,18,IN,3,2
3410,52284952,26,5228,Absent,64,1,1,1,1,1,1,1,1,1,1,1,1,1,1,1,1,1,1,1,1,1,1,1,1,1,1,1,1,1,1,1,1,1,1,1,1,1,1,1,1,1,1,1,1,1,1,1,1,1,1,1,1,1,1,1,1,1,1,1,1,1,1,1,1,0,32,Unicorn_Absent,-1,-1.0,1,241,0.8,64.0,0.5,64.0,0.0,0.5,ALL,0.8,0.36,0.0,32,DOWN,3,2
3412,52284952,27,5228,Absent,36,0,0,0,0,0,0,0,0,0,1,1,1,1,1,1,0,0,1,1,1,1,1,1,0,0,1,1,1,1,1,1,0,0,1,1,1,1,1,1,0,0,1,1,1,1,1,1,0,0,1,1,1,1,1,1,0,0,0,0,0,0,0,0,0,14,18,Unicorn_Absent,-1,-1.0,7,255,0.8875,36.0,0.5625,50.0,0.0,0.5,IN,0.8,0.5,0.0,32,ALL,3,2
3414,52284952,28,5228,Absent,64,1,1,1,1,1,1,1,1,1,1,1,1,1,1,1,1,1,1,1,1,1,1,1,1,1,1,1,1,1,1,1,1,1,1,1,1,1,1,1,1,1,1,1,1,1,1,1,1,1,1,1,1,1,1,1,1,1,1,1,1,1,1,1,1,0,32,Unicorn_Absent,-1,-1.0,1,255,0.8,64.0,0.5625,64.0,0.0,0.5,ALL,0.8875,0.5625,0.0,18,IN,3,2
3416,52284952,29,5228,Absent,64,1,1,1,1,1,1,1,1,1,1,1,1,1,1,1,1,1,1,1,1,1,1,1,1,1,1,1,1,1,1,1,1,1,1,1,1,1,1,1,1,1,1,1,1,1,1,1,1,1,1,1,1,1,1,1,1,1,1,1,1,1,1,1,1,0,32,Unicorn_Absent,-1,-1.0,1,255,0.8,64.0,1.0,64.0,0.9761904761904762,0.5,ALL,0.8,0.5625,0.0,32,ALL,3,2
3420,52284952,31,5228,Absent,32,0,0,0,0,0,0,0,0,0,0,0,0,0,0,0,0,0,0,0,0,0,0,0,0,0,0,0,0,0,0,0,0,1,1,1,1,1,1,1,1,1,1,1,1,1,1,1,1,1,1,1,1,1,1,1,1,1,1,1,1,1,1,1,1,0,32,Unicorn_Absent,-1,-1.0,3,191,0.8,32.0,0.5,64.0,0.9761904761904762,0.5,DOWN,0.8,1.0,0.9761904761904762,32,ALL,3,2
3422,52284952,32,5228,Absent,32,0,0,0,0,1,1,1,1,0,0,0,0,1,1,1,1,0,0,0,0,1,1,1,1,0,0,0,0,1,1,1,1,0,0,0,0,1,1,1,1,0,0,0,0,1,1,1,1,0,0,0,0,1,1,1,1,0,0,0,0,1,1,1,1,32,0,Unicorn_Absent,-1,-1.0,6,223,1.0,32.0,0.3333333333333333,32.0,0.35714285714285715,0.5,RIGHT,0.8,0.5,0.9761904761904762,32,DOWN,3,2
3426,52284952,34,5228,Absent,32,0,0,0,0,0,0,0,0,0,0,0,0,0,0,0,0,0,0,0,0,0,0,0,0,0,0,0,0,0,0,0,0,1,1,1,1,1,1,1,1,1,1,1,1,1,1,1,1,1,1,1,1,1,1,1,1,1,1,1,1,1,1,1,1,32,0,Unicorn_Absent,-1,-1.0,3,287,1.0,32.0,0.3333333333333333,32.0,0.35714285714285715,0.5,DOWN,1.0,0.3333333333333333,0.35714285714285715,0,RIGHT,3,2
3430,52284952,36,5228,Absent,32,1,1,1,1,0,0,0,0,1,1,1,1,0,0,0,0,1,1,1,1,0,0,0,0,1,1,1,1,0,0,0,0,1,1,1,1,0,0,0,0,1,1,1,1,0,0,0,0,1,1,1,1,0,0,0,0,1,1,1,1,0,0,0,0,16,16,Unicorn_Absent,-1,-1.0,5,335,0.9,32.0,0.3333333333333333,48.0,0.026666666666666672,0.5,LEFT,1.0,0.3333333333333333,0.35714285714285715,0,DOWN,3,2
3432,52284952,37,5228,Absent,36,0,0,0,0,0,0,0,0,0,1,1,1,1,1,1,0,0,1,1,1,1,1,1,0,0,1,1,1,1,1,1,0,0,1,1,1,1,1,1,0,0,1,1,1,1,1,1,0,0,1,1,1,1,1,1,0,0,0,0,0,0,0,0,0,14,18,Unicorn_Absent,-1,-1.0,7,349,0.8875,36.0,0.36,50.0,0.026666666666666672,0.5,IN,0.9,0.3333333333333333,0.026666666666666672,16,LEFT,3,2
3436,52284952,39,5228,Absent,32,1,1,1,1,0,0,0,0,1,1,1,1,0,0,0,0,1,1,1,1,0,0,0,0,1,1,1,1,0,0,0,0,1,1,1,1,0,0,0,0,1,1,1,1,0,0,0,0,1,1,1,1,0,0,0,0,1,1,1,1,0,0,0,0,32,0,Unicorn_Absent,-1,-1.0,5,413,1.0,32.0,0.36,32.0,0.026666666666666672,0.5,LEFT,0.8875,0.36,0.026666666666666672,18,IN,3,2
3438,52284952,40,5228,Absent,32,0,0,0,0,0,0,0,0,0,0,0,0,0,0,0,0,0,0,0,0,0,0,0,0,0,0,0,0,0,0,0,0,1,1,1,1,1,1,1,1,1,1,1,1,1,1,1,1,1,1,1,1,1,1,1,1,1,1,1,1,1,1,1,1,32,0,Unicorn_Absent,-1,-1.0,3,445,1.0,32.0,0.3333333333333333,32.0,0.026666666666666672,0.5,DOWN,1.0,0.36,0.026666666666666672,0,LEFT,3,2
3440,52284952,41,5228,Absent,32,0,0,0,0,0,0,0,0,0,0,0,0,0,0,0,0,0,0,0,0,0,0,0,0,0,0,0,0,0,0,0,0,1,1,1,1,1,1,1,1,1,1,1,1,1,1,1,1,1,1,1,1,1,1,1,1,1,1,1,1,1,1,1,1,32,0,Unicorn_Absent,-1,-1.0,3,477,1.0,32.0,1.0,32.0,0.0,0.5,DOWN,1.0,0.3333333333333333,0.026666666666666672,0,DOWN,3,2
3442,52284952,42,5228,Absent,32,0,0,0,0,0,0,0,0,0,0,0,0,0,0,0,0,0,0,0,0,0,0,0,0,0,0,0,0,0,0,0,0,1,1,1,1,1,1,1,1,1,1,1,1,1,1,1,1,1,1,1,1,1,1,1,1,1,1,1,1,1,1,1,1,18,14,Unicorn_Absent,-1,-1.0,3,495,0.9125,32.0,1.0,46.0,0.0,0.5,DOWN,1.0,1.0,0.0,0,DOWN,3,2
3456,52284952,49,5228,Absent,32,1,1,1,1,1,1,1,1,1,1,1,1,1,1,1,1,1,1,1,1,1,1,1,1,1,1,1,1,1,1,1,1,0,0,0,0,0,0,0,0,0,0,0,0,0,0,0,0,0,0,0,0,0,0,0,0,0,0,0,0,0,0,0,0,16,16,Unicorn_Absent,-1,-1.0,4,699,0.9,32.0,0.0,48.0,0.64,0.5,UP,0.9125,1.0,0.0,14,DOWN,3,2
3460,52284952,51,5228,Absent,32,0,0,0,0,0,0,0,0,0,0,0,0,0,0,0,0,0,0,0,0,0,0,0,0,0,0,0,0,0,0,0,0,1,1,1,1,1,1,1,1,1,1,1,1,1,1,1,1,1,1,1,1,1,1,1,1,1,1,1,1,1,1,1,1,16,16,Unicorn_Absent,-1,-1.0,3,651,0.9,32.0,0.0,48.0,0.64,0.5,DOWN,0.9,0.0,0.64,16,UP,3,2
3462,52284952,52,5228,Absent,32,0,0,0,0,1,1,1,1,0,0,0,0,1,1,1,1,0,0,0,0,1,1,1,1,0,0,0,0,1,1,1,1,0,0,0,0,1,1,1,1,0,0,0,0,1,1,1,1,0,0,0,0,1,1,1,1,0,0,0,0,1,1,1,1,16,16,Unicorn_Absent,-1,-1.0,6,667,0.9,32.0,0.3333333333333333,48.0,0.5,0.5,RIGHT,0.9,0.0,0.64,16,DOWN,3,2
3468,52284952,55,5228,Absent,32,0,0,0,0,0,0,0,0,0,0,0,0,0,0,0,0,0,0,0,0,0,0,0,0,0,0,0,0,0,0,0,0,1,1,1,1,1,1,1,1,1,1,1,1,1,1,1,1,1,1,1,1,1,1,1,1,1,1,1,1,1,1,1,1,32,0,Unicorn_Absent,-1,-1.0,3,763,1.0,32.0,0.3333333333333333,64.0,0.5,1.0,DOWN,0.9,0.3333333333333333,0.5,16,RIGHT,3,2
3472,52284952,57,5228,Absent,32,1,1,1,1,1,1,1,1,1,1,1,1,1,1,1,1,1,1,1,1,1,1,1,1,1,1,1,1,1,1,1,1,0,0,0,0,0,0,0,0,0,0,0,0,0,0,0,0,0,0,0,0,0,0,0,0,0,0,0,0,0,0,0,0,0,32,Unicorn_Absent,-1,-1.0,4,791,0.8,32.0,0.0,32.0,0.5625,0.0,UP,1.0,0.3333333333333333,0.5,0,DOWN,3,2
3478,52284952,60,5228,Absent,0,0,0,0,0,0,0,0,0,0,0,0,0,0,0,0,0,0,0,0,0,0,0,0,0,0,0,0,0,0,0,0,0,0,0,0,0,0,0,0,0,0,0,0,0,0,0,0,0,0,0,0,0,0,0,0,0,0,0,0,0,0,0,0,0,32,0,Unicorn_Absent,-1,-1.0,2,785,1.0,0.0,0.0,36.0,0.5625,0.5625,NOTHING,0.8,0.0,0.5625,32,UP,3,2
3361,52284952,1,495202,Absent,8,0,0,0,0,0,0,0,0,0,0,0,0,0,1,0,0,0,0,0,0,0,0,1,0,0,1,0,0,0,0,0,1,1,0,0,0,1,0,0,0,0,0,0,0,0,0,0,0,1,1,0,0,0,0,0,0,0,0,0,0,0,0,0,0,30,2,Unicorn_Absent,-1,-1.0,9,30,0.9875,8.0,1.0,11.0,0.22916666666666669,0.140625,,,,,,,3,2
3369,52284952,5,495202,Absent,28,1,1,1,1,1,1,1,1,1,0,0,0,0,0,0,1,1,0,0,0,0,0,0,1,1,0,0,0,0,0,0,1,1,0,0,0,0,0,0,1,1,0,0,0,0,0,0,1,1,0,0,0,0,0,0,1,1,1,1,1,1,1,1,1,32,0,Unicorn_Absent,-1,-1.0,8,-34,1.0,28.0,0.09090909090909091,64.0,0.22916666666666669,1.0,OUT,0.9875,1.0,0.22916666666666669,2,,3,2
3371,52284952,6,495202,Absent,28,1,1,1,1,1,1,1,1,1,0,0,0,0,0,0,1,1,0,0,0,0,0,0,1,1,0,0,0,0,0,0,1,1,0,0,0,0,0,0,1,1,0,0,0,0,0,0,1,1,0,0,0,0,0,0,1,1,1,1,1,1,1,1,1,18,14,Unicorn_Absent,-1,-1.0,8,-16,0.9125,28.0,1.0,46.0,0.0,0.5,OUT,1.0,0.09090909090909091,0.22916666666666669,0,OUT,3,2
3377,52284952,9,495202,Absent,28,1,1,1,1,1,1,1,1,1,0,0,0,0,0,0,1,1,0,0,0,0,0,0,1,1,0,0,0,0,0,0,1,1,0,0,0,0,0,0,1,1,0,0,0,0,0,0,1,1,0,0,0,0,0,0,1,1,1,1,1,1,1,1,1,32,0,Unicorn_Absent,-1,-1.0,8,48,1.0,28.0,1.0,64.0,0.0,1.0,OUT,0.9125,1.0,0.0,14,OUT,3,2
3379,52284952,10,495202,Absent,28,1,1,1,1,1,1,1,1,1,0,0,0,0,0,0,1,1,0,0,0,0,0,0,1,1,0,0,0,0,0,0,1,1,0,0,0,0,0,0,1,1,0,0,0,0,0,0,1,1,0,0,0,0,0,0,1,1,1,1,1,1,1,1,1,18,14,Unicorn_Absent,-1,-1.0,8,66,0.9125,28.0,1.0,46.0,0.0,0.5,OUT,1.0,1.0,0.0,0,OUT,3,2
3381,52284952,11,495202,Absent,36,0,0,0,0,0,0,0,0,0,1,1,1,1,1,1,0,0,1,1,1,1,1,1,0,0,1,1,1,1,1,1,0,0,1,1,1,1,1,1,0,0,1,1,1,1,1,1,0,0,1,1,1,1,1,1,0,0,0,0,0,0,0,0,0,32,0,Unicorn_Absent,-1,-1.0,7,98,1.0,36.0,0.0,64.0,0.0,1.0,IN,0.9125,1.0,0.0,14,OUT,3,2
3383,52284952,12,495202,Absent,36,0,0,0,0,0,0,0,0,0,1,1,1,1,1,1,0,0,1,1,1,1,1,1,0,0,1,1,1,1,1,1,0,0,1,1,1,1,1,1,0,0,1,1,1,1,1,1,0,0,1,1,1,1,1,1,0,0,0,0,0,0,0,0,0,32,0,Unicorn_Absent,-1,-1.0,7,130,1.0,36.0,1.0,64.0,0.3333333333333333,1.0,IN,1.0,0.0,0.0,0,IN,3,2
3387,52284952,14,495202,Absent,0,0,0,0,0,0,0,0,0,0,0,0,0,0,0,0,0,0,0,0,0,0,0,0,0,0,0,0,0,0,0,0,0,0,0,0,0,0,0,0,0,0,0,0,0,0,0,0,0,0,0,0,0,0,0,0,0,0,0,0,0,0,0,0,0,32,0,Unicorn_Absent,-1,-1.0,2,194,1.0,0.0,0.0,36.0,0.3333333333333333,0.5625,NOTHING,1.0,1.0,0.3333333333333333,0,IN,3,2
3391,52284952,16,495202,Absent,3,0,0,0,0,0,0,0,1,0,0,0,1,0,0,0,0,0,0,0,0,0,0,0,0,0,0,0,0,0,0,0,0,0,0,1,0,0,0,0,0,0,0,0,0,0,0,0,0,0,0,0,0,0,0,0,0,0,0,0,0,0,0,0,0,32,0,Unicorn_Absent,-1,-1.0,9,162,1.0,3.0,0.0,3.0,0.6666666666666667,0.046875,,1.0,0.0,0.3333333333333333,0,NOTHING,3,2
3393,52284952,17,495202,Absent,53,1,1,1,1,1,1,1,0,1,0,0,0,0,0,0,1,1,1,0,1,1,0,0,1,0,1,1,0,0,1,1,0,1,1,1,0,1,1,0,1,1,1,1,1,1,0,1,0,1,1,0,1,1,1,0,1,0,1,1,0,1,1,0,0,32,0,Unicorn_Absent,-1,-1.0,9,194,1.0,40.0,0.023809523809523808,40.0,0.6666666666666667,0.625,,1.0,0.0,0.6666666666666667,0,,3,2
3397,52284952,19,495202,Absent,36,0,0,0,0,0,0,0,0,0,1,1,1,1,1,1,0,0,1,1,1,1,1,1,0,0,1,1,1,1,1,1,0,0,1,1,1,1,1,1,0,0,1,1,1,1,1,1,0,0,1,1,1,1,1,1,0,0,0,0,0,0,0,0,0,14,18,Unicorn_Absent,-1,-1.0,7,144,0.8875,36.0,0.35714285714285715,50.0,0.3333333333333333,0.5,IN,1.0,0.023809523809523808,0.6666666666666667,0,,3,2
3403,52284952,22,495202,Absent,32,0,0,0,0,0,0,0,0,0,0,0,0,0,0,0,0,0,0,0,0,0,0,0,0,0,0,0,0,0,0,0,0,1,1,1,1,1,1,1,1,1,1,1,1,1,1,1,1,1,1,1,1,1,1,1,1,1,1,1,1,1,1,1,1,16,16,Unicorn_Absent,-1,-1.0,3,213,0.9,32.0,0.36,48.0,0.3333333333333333,0.5,DOWN,0.8875,0.35714285714285715,0.3333333333333333,18,IN,3,2
3405,52284952,23,495202,Absent,36,0,0,0,0,0,0,0,0,0,1,1,1,1,1,1,0,0,1,1,1,1,1,1,0,0,1,1,1,1,1,1,0,0,1,1,1,1,1,1,0,0,1,1,1,1,1,1,0,0,1,1,1,1,1,1,0,0,0,0,0,0,0,0,0,14,18,Unicorn_Absent,-1,-1.0,7,227,0.8875,36.0,0.36,50.0,0.026666666666666672,0.5,IN,0.9,0.36,0.3333333333333333,16,DOWN,3,2
3407,52284952,24,495202,Absent,32,0,0,0,0,0,0,0,0,0,0,0,0,0,0,0,0,0,0,0,0,0,0,0,0,0,0,0,0,0,0,0,0,1,1,1,1,1,1,1,1,1,1,1,1,1,1,1,1,1,1,1,1,1,1,1,1,1,1,1,1,1,1,1,1,14,18,Unicorn_Absent,-1,-1.0,3,241,0.8875,32.0,0.36,50.0,0.026666666666666672,0.5,DOWN,0.8875,0.36,0.026666666666666672,18,IN,3,2
3409,52284952,25,495202,Absent,32,0,0,0,0,0,0,0,0,0,0,0,0,0,0,0,0,0,0,0,0,0,0,0,0,0,0,0,0,0,0,0,0,1,1,1,1,1,1,1,1,1,1,1,1,1,1,1,1,1,1,1,1,1,1,1,1,1,1,1,1,1,1,1,1,0,32,Unicorn_Absent,-1,-1.0,3,241,0.8,32.0,1.0,32.0,0.36,0.0,DOWN,0.8875,0.36,0.026666666666666672,18,DOWN,3,2
3411,52284952,26,495202,Absent,32,0,0,0,0,0,0,0,0,0,0,0,0,0,0,0,0,0,0,0,0,0,0,0,0,0,0,0,0,0,0,0,0,1,1,1,1,1,1,1,1,1,1,1,1,1,1,1,1,1,1,1,1,1,1,1,1,1,1,1,1,1,1,1,1,0,32,Unicorn_Absent,-1,-1.0,3,241,0.8,32.0,1.0,64.0,0.36,0.5,DOWN,0.8,1.0,0.36,32,DOWN,3,2
3413,52284952,27,495202,Absent,32,1,1,1,1,1,1,1,1,1,1,1,1,1,1,1,1,1,1,1,1,1,1,1,1,1,1,1,1,1,1,1,1,0,0,0,0,0,0,0,0,0,0,0,0,0,0,0,0,0,0,0,0,0,0,0,0,0,0,0,0,0,0,0,0,14,18,Unicorn_Absent,-1,-1.0,4,255,0.8875,32.0,0.0,50.0,0.6666666666666667,0.5,UP,0.8,1.0,0.36,32,DOWN,3,2
3415,52284952,28,495202,Absent,32,0,0,0,0,1,1,1,1,0,0,0,0,1,1,1,1,0,0,0,0,1,1,1,1,0,0,0,0,1,1,1,1,0,0,0,0,1,1,1,1,0,0,0,0,1,1,1,1,0,0,0,0,1,1,1,1,0,0,0,0,1,1,1,1,0,32,Unicorn_Absent,-1,-1.0,6,255,0.8,32.0,0.3333333333333333,64.0,0.6666666666666667,0.5,RIGHT,0.8875,0.0,0.6666666666666667,18,UP,3,2
3417,52284952,29,495202,Absent,32,0,0,0,0,1,1,1,1,0,0,0,0,1,1,1,1,0,0,0,0,1,1,1,1,0,0,0,0,1,1,1,1,0,0,0,0,1,1,1,1,0,0,0,0,1,1,1,1,0,0,0,0,1,1,1,1,0,0,0,0,1,1,1,1,0,32,Unicorn_Absent,-1,-1.0,6,255,0.8,32.0,1.0,64.0,0.0,0.5,RIGHT,0.8,0.3333333333333333,0.6666666666666667,32,RIGHT,3,2
3421,52284952,31,495202,Absent,64,1,1,1,1,1,1,1,1,1,1,1,1,1,1,1,1,1,1,1,1,1,1,1,1,1,1,1,1,1,1,1,1,1,1,1,1,1,1,1,1,1,1,1,1,1,1,1,1,1,1,1,1,1,1,1,1,1,1,1,1,1,1,1,1,0,32,Unicorn_Absent,-1,-1.0,1,191,0.8,64.0,0.5,64.0,0.0,0.5,ALL,0.8,1.0,0.0,32,RIGHT,3,2
3423,52284952,32,495202,Absent,0,0,0,0,0,0,0,0,0,0,0,0,0,0,0,0,0,0,0,0,0,0,0,0,0,0,0,0,0,0,0,0,0,0,0,0,0,0,0,0,0,0,0,0,0,0,0,0,0,0,0,0,0,0,0,0,0,0,0,0,0,0,0,0,0,32,0,Unicorn_Absent,-1,-1.0,2,223,1.0,0.0,0.0,32.0,1.0,0.5,NOTHING,0.8,0.5,0.0,32,ALL,3,2
3427,52284952,34,495202,Absent,0,0,0,0,0,0,0,0,0,0,0,0,0,0,0,0,0,0,0,0,0,0,0,0,0,0,0,0,0,0,0,0,0,0,0,0,0,0,0,0,0,0,0,0,0,0,0,0,0,0,0,0,0,0,0,0,0,0,0,0,0,0,0,0,0,32,0,Unicorn_Absent,-1,-1.0,2,287,1.0,0.0,1.0,32.0,1.0,0.5,NOTHING,1.0,0.0,1.0,0,NOTHING,3,2
3431,52284952,36,495202,Absent,32,1,1,1,1,1,1,1,1,1,1,1,1,1,1,1,1,1,1,1,1,1,1,1,1,1,1,1,1,1,1,1,1,0,0,0,0,0,0,0,0,0,0,0,0,0,0,0,0,0,0,0,0,0,0,0,0,0,0,0,0,0,0,0,0,16,16,Unicorn_Absent,-1,-1.0,4,335,0.9,32.0,0.0,48.0,0.30434782608695654,0.5,UP,1.0,1.0,1.0,0,NOTHING,3,2
3433,52284952,37,495202,Absent,32,1,1,1,1,0,0,0,0,1,1,1,1,0,0,0,0,1,1,1,1,0,0,0,0,1,1,1,1,0,0,0,0,1,1,1,1,0,0,0,0,1,1,1,1,0,0,0,0,1,1,1,1,0,0,0,0,1,1,1,1,0,0,0,0,14,18,Unicorn_Absent,-1,-1.0,5,349,0.8875,32.0,0.3333333333333333,50.0,0.30434782608695654,0.5,LEFT,0.9,0.0,0.30434782608695654,16,UP,3,2
3437,52284952,39,495202,Absent,0,0,0,0,0,0,0,0,0,0,0,0,0,0,0,0,0,0,0,0,0,0,0,0,0,0,0,0,0,0,0,0,0,0,0,0,0,0,0,0,0,0,0,0,0,0,0,0,0,0,0,0,0,0,0,0,0,0,0,0,0,0,0,0,0,32,0,Unicorn_Absent,-1,-1.0,2,413,1.0,0.0,0.0,32.0,0.0,0.5,NOTHING,0.8875,0.3333333333333333,0.30434782608695654,18,LEFT,3,2
3439,52284952,40,495202,Absent,0,0,0,0,0,0,0,0,0,0,0,0,0,0,0,0,0,0,0,0,0,0,0,0,0,0,0,0,0,0,0,0,0,0,0,0,0,0,0,0,0,0,0,0,0,0,0,0,0,0,0,0,0,0,0,0,0,0,0,0,0,0,0,0,0,32,0,Unicorn_Absent,-1,-1.0,2,445,1.0,0.0,1.0,32.0,0.0,0.5,NOTHING,1.0,0.0,0.0,0,NOTHING,3,2
3441,52284952,41,495202,Absent,0,0,0,0,0,0,0,0,0,0,0,0,0,0,0,0,0,0,0,0,0,0,0,0,0,0,0,0,0,0,0,0,0,0,0,0,0,0,0,0,0,0,0,0,0,0,0,0,0,0,0,0,0,0,0,0,0,0,0,0,0,0,0,0,0,32,0,Unicorn_Absent,-1,-1.0,2,477,1.0,0.0,1.0,32.0,0.0,0.5,NOTHING,1.0,1.0,0.0,0,NOTHING,3,2
3443,52284952,42,495202,Absent,28,1,1,1,1,1,1,1,1,1,0,0,0,0,0,0,1,1,0,0,0,0,0,0,1,1,0,0,0,0,0,0,1,1,0,0,0,0,0,0,1,1,0,0,0,0,0,0,1,1,0,0,0,0,0,0,1,1,1,1,1,1,1,1,1,18,14,Unicorn_Absent,-1,-1.0,8,495,0.9125,28.0,0.0,46.0,0.0,0.5,OUT,1.0,1.0,0.0,0,NOTHING,3,2
3457,52284952,49,495202,Absent,32,1,1,1,1,0,0,0,0,1,1,1,1,0,0,0,0,1,1,1,1,0,0,0,0,1,1,1,1,0,0,0,0,1,1,1,1,0,0,0,0,1,1,1,1,0,0,0,0,1,1,1,1,0,0,0,0,1,1,1,1,0,0,0,0,16,16,Unicorn_Absent,-1,-1.0,5,699,0.9,32.0,0.30434782608695654,48.0,0.3333333333333333,0.5,LEFT,0.9125,0.0,0.0,14,OUT,3,2
3461,52284952,51,495202,Absent,32,0,0,0,0,1,1,1,1,0,0,0,0,1,1,1,1,0,0,0,0,1,1,1,1,0,0,0,0,1,1,1,1,0,0,0,0,1,1,1,1,0,0,0,0,1,1,1,1,0,0,0,0,1,1,1,1,0,0,0,0,1,1,1,1,16,16,Unicorn_Absent,-1,-1.0,6,651,0.9,32.0,0.0,48.0,0.3333333333333333,0.5,RIGHT,0.9,0.30434782608695654,0.3333333333333333,16,LEFT,3,2
3463,52284952,52,495202,Absent,32,0,0,0,0,0,0,0,0,0,0,0,0,0,0,0,0,0,0,0,0,0,0,0,0,0,0,0,0,0,0,0,0,1,1,1,1,1,1,1,1,1,1,1,1,1,1,1,1,1,1,1,1,1,1,1,1,1,1,1,1,1,1,1,1,16,16,Unicorn_Absent,-1,-1.0,3,667,0.9,32.0,0.3333333333333333,48.0,1.0,0.5,DOWN,0.9,0.0,0.3333333333333333,16,RIGHT,3,2
3469,52284952,55,495202,Absent,32,1,1,1,1,1,1,1,1,1,1,1,1,1,1,1,1,1,1,1,1,1,1,1,1,1,1,1,1,1,1,1,1,0,0,0,0,0,0,0,0,0,0,0,0,0,0,0,0,0,0,0,0,0,0,0,0,0,0,0,0,0,0,0,0,32,0,Unicorn_Absent,-1,-1.0,4,763,1.0,32.0,0.0,64.0,1.0,1.0,UP,0.9,0.3333333333333333,1.0,16,DOWN,3,2
3473,52284952,57,495202,Absent,32,1,1,1,1,1,1,1,1,1,1,1,1,1,1,1,1,1,1,1,1,1,1,1,1,1,1,1,1,1,1,1,1,0,0,0,0,0,0,0,0,0,0,0,0,0,0,0,0,0,0,0,0,0,0,0,0,0,0,0,0,0,0,0,0,0,32,Unicorn_Absent,-1,-1.0,4,791,0.8,32.0,1.0,32.0,0.36,0.0,UP,1.0,0.0,1.0,0,UP,3,2
3479,52284952,60,495202,Absent,36,0,0,0,0,0,0,0,0,0,1,1,1,1,1,1,0,0,1,1,1,1,1,1,0,0,1,1,1,1,1,1,0,0,1,1,1,1,1,1,0,0,1,1,1,1,1,1,0,0,1,1,1,1,1,1,0,0,0,0,0,0,0,0,0,32,0,Unicorn_Absent,-1,-1.0,7,785,1.0,36.0,0.36,36.0,0.36,0.5625,IN,0.8,1.0,0.36,32,UP,3,2
3840,55879708,1,558736,Absent,47,1,1,0,0,0,1,0,1,1,0,1,1,0,1,1,0,0,0,0,1,1,1,1,0,1,1,0,0,0,1,0,1,0,1,1,1,1,1,1,0,0,1,1,1,1,0,1,0,1,0,1,1,0,1,0,0,1,1,0,0,1,1,0,0,9,23,Unicorn_Absent,-1,-1.0,0,9,0.85625,36.0,1.0,50.0,0.0,0.421875,RS,,,,,,3,2
3842,55879708,2,558736,Absent,32,1,1,1,1,0,0,0,0,1,1,1,1,0,0,0,0,1,1,1,1,0,0,0,0,1,1,1,1,0,0,0,0,1,1,1,1,0,0,0,0,1,1,1,1,0,0,0,0,1,1,1,1,0,0,0,0,1,1,1,1,0,0,0,0,0,32,Unicorn_Absent,-1,-1.0,5,9,0.8,32.0,0.3877551020408163,32.0,0.0,0.0,LEFT,0.85625,1.0,0.0,23,RS,3,2
3848,55879708,5,558736,Absent,36,0,0,0,0,0,0,0,0,0,1,1,1,1,1,1,0,0,1,1,1,1,1,1,0,0,1,1,1,1,1,1,0,0,1,1,1,1,1,1,0,0,1,1,1,1,1,1,0,0,1,1,1,1,1,1,0,0,0,0,0,0,0,0,0,-4,36,Unicorn_Absent,-1,-1.0,7,-45,0.775,36.0,0.36,64.0,0.060832025117739386,0.4375,IN,0.8,0.3877551020408163,0.0,32,LEFT,3,2
3852,55879708,7,558736,Absent,36,0,0,0,0,0,0,0,0,0,1,1,1,1,1,1,0,0,1,1,1,1,1,1,0,0,1,1,1,1,1,1,0,0,1,1,1,1,1,1,0,0,1,1,1,1,1,1,0,0,1,1,1,1,1,1,0,0,0,0,0,0,0,0,0,14,18,Unicorn_Absent,-1,-1.0,7,-95,0.8875,36.0,1.0,50.0,0.060832025117739386,0.5,IN,0.775,0.36,0.060832025117739386,36,IN,3,2
3856,55879708,9,558736,Absent,0,0,0,0,0,0,0,0,0,0,0,0,0,0,0,0,0,0,0,0,0,0,0,0,0,0,0,0,0,0,0,0,0,0,0,0,0,0,0,0,0,0,0,0,0,0,0,0,0,0,0,0,0,0,0,0,0,0,0,0,0,0,0,0,0,32,0,Unicorn_Absent,-1,-1.0,2,-145,1.0,0.0,0.0,32.0,0.14,0.5,NOTHING,0.8875,1.0,0.060832025117739386,18,IN,3,2
3864,55879708,13,558736,Absent,32,0,0,0,0,0,0,0,0,0,0,0,0,0,0,0,0,0,0,0,0,0,0,0,0,0,0,0,0,0,0,0,0,1,1,1,1,1,1,1,1,1,1,1,1,1,1,1,1,1,1,1,1,1,1,1,1,1,1,1,1,1,1,1,1,32,0,Unicorn_Absent,-1,-1.0,3,-17,1.0,32.0,0.0,64.0,0.14,1.0,DOWN,1.0,0.0,0.14,0,NOTHING,3,2
3866,55879708,14,558736,Absent,32,0,0,0,0,0,0,0,0,0,0,0,0,0,0,0,0,0,0,0,0,0,0,0,0,0,0,0,0,0,0,0,0,1,1,1,1,1,1,1,1,1,1,1,1,1,1,1,1,1,1,1,1,1,1,1,1,1,1,1,1,1,1,1,1,32,0,Unicorn_Absent,-1,-1.0,3,15,1.0,32.0,1.0,64.0,0.5,1.0,DOWN,1.0,0.0,0.14,0,DOWN,3,2
3874,55879708,18,558736,Absent,32,0,0,0,0,0,0,0,0,0,0,0,0,0,0,0,0,0,0,0,0,0,0,0,0,0,0,0,0,0,0,0,0,1,1,1,1,1,1,1,1,1,1,1,1,1,1,1,1,1,1,1,1,1,1,1,1,1,1,1,1,1,1,1,1,32,0,Unicorn_Absent,-1,-1.0,3,143,1.0,32.0,1.0,64.0,0.5,1.0,DOWN,1.0,1.0,0.5,0,DOWN,3,2
3876,55879708,19,558736,Absent,32,0,0,0,0,0,0,0,0,0,0,0,0,0,0,0,0,0,0,0,0,0,0,0,0,0,0,0,0,0,0,0,0,1,1,1,1,1,1,1,1,1,1,1,1,1,1,1,1,1,1,1,1,1,1,1,1,1,1,1,1,1,1,1,1,32,0,Unicorn_Absent,-1,-1.0,3,175,1.0,32.0,1.0,64.0,0.3333333333333333,1.0,DOWN,1.0,1.0,0.5,0,DOWN,3,2
3878,55879708,20,558736,Absent,36,0,0,0,0,0,0,0,0,0,1,1,1,1,1,1,0,0,1,1,1,1,1,1,0,0,1,1,1,1,1,1,0,0,1,1,1,1,1,1,0,0,1,1,1,1,1,1,0,0,1,1,1,1,1,1,0,0,0,0,0,0,0,0,0,14,18,Unicorn_Absent,-1,-1.0,7,189,0.8875,36.0,0.36,50.0,0.3333333333333333,0.5,IN,1.0,1.0,0.3333333333333333,0,DOWN,3,2
3884,55879708,23,558736,Absent,0,0,0,0,0,0,0,0,0,0,0,0,0,0,0,0,0,0,0,0,0,0,0,0,0,0,0,0,0,0,0,0,0,0,0,0,0,0,0,0,0,0,0,0,0,0,0,0,0,0,0,0,0,0,0,0,0,0,0,0,0,0,0,0,0,32,0,Unicorn_Absent,-1,-1.0,2,270,1.0,0.0,0.0,0.0,1.0,0.0,NOTHING,0.8875,0.36,0.3333333333333333,18,IN,3,2
3886,55879708,24,558736,Absent,0,0,0,0,0,0,0,0,0,0,0,0,0,0,0,0,0,0,0,0,0,0,0,0,0,0,0,0,0,0,0,0,0,0,0,0,0,0,0,0,0,0,0,0,0,0,0,0,0,0,0,0,0,0,0,0,0,0,0,0,0,0,0,0,0,32,0,Unicorn_Absent,-1,-1.0,2,302,1.0,0.0,1.0,0.0,1.0,0.0,NOTHING,1.0,0.0,1.0,0,NOTHING,3,2
3888,55879708,25,558736,Absent,0,0,0,0,0,0,0,0,0,0,0,0,0,0,0,0,0,0,0,0,0,0,0,0,0,0,0,0,0,0,0,0,0,0,0,0,0,0,0,0,0,0,0,0,0,0,0,0,0,0,0,0,0,0,0,0,0,0,0,0,0,0,0,0,0,32,0,Unicorn_Absent,-1,-1.0,2,334,1.0,0.0,1.0,0.0,0.0,0.0,NOTHING,1.0,1.0,1.0,0,NOTHING,3,2
3894,55879708,28,558736,Absent,32,1,1,1,1,0,0,0,0,1,1,1,1,0,0,0,0,1,1,1,1,0,0,0,0,1,1,1,1,0,0,0,0,1,1,1,1,0,0,0,0,1,1,1,1,0,0,0,0,1,1,1,1,0,0,0,0,1,1,1,1,0,0,0,0,32,0,Unicorn_Absent,-1,-1.0,5,220,1.0,32.0,0.0,64.0,0.0,1.0,LEFT,1.0,1.0,0.0,0,NOTHING,3,2
3900,55879708,31,558736,Absent,32,0,0,0,0,0,0,0,0,0,0,0,0,0,0,0,0,0,0,0,0,0,0,0,0,0,0,0,0,0,0,0,0,1,1,1,1,1,1,1,1,1,1,1,1,1,1,1,1,1,1,1,1,1,1,1,1,1,1,1,1,1,1,1,1,14,18,Unicorn_Absent,-1,-1.0,3,176,0.8875,32.0,0.3333333333333333,50.0,0.0,0.5,DOWN,1.0,0.0,0.0,0,LEFT,3,2
3902,55879708,32,558736,Absent,32,1,1,1,1,1,1,1,1,1,1,1,1,1,1,1,1,1,1,1,1,1,1,1,1,1,1,1,1,1,1,1,1,0,0,0,0,0,0,0,0,0,0,0,0,0,0,0,0,0,0,0,0,0,0,0,0,0,0,0,0,0,0,0,0,18,14,Unicorn_Absent,-1,-1.0,4,194,0.9125,32.0,0.0,46.0,0.0,0.5,UP,0.8875,0.3333333333333333,0.0,18,DOWN,3,2
3906,55879708,34,558736,Absent,32,0,0,0,0,0,0,0,0,0,0,0,0,0,0,0,0,0,0,0,0,0,0,0,0,0,0,0,0,0,0,0,0,1,1,1,1,1,1,1,1,1,1,1,1,1,1,1,1,1,1,1,1,1,1,1,1,1,1,1,1,1,1,1,1,0,32,Unicorn_Absent,-1,-1.0,3,218,0.8,32.0,0.0,32.0,0.0,0.0,DOWN,0.9125,0.0,0.0,14,UP,3,2
3918,55879708,40,558736,Absent,32,0,0,0,0,0,0,0,0,0,0,0,0,0,0,0,0,0,0,0,0,0,0,0,0,0,0,0,0,0,0,0,0,1,1,1,1,1,1,1,1,1,1,1,1,1,1,1,1,1,1,1,1,1,1,1,1,1,1,1,1,1,1,1,1,16,16,Unicorn_Absent,-1,-1.0,3,282,0.9,32.0,1.0,48.0,0.0,0.5,DOWN,0.8,0.0,0.0,32,DOWN,3,2
3920,55879708,41,558736,Absent,32,1,1,1,1,1,1,1,1,1,1,1,1,1,1,1,1,1,1,1,1,1,1,1,1,1,1,1,1,1,1,1,1,0,0,0,0,0,0,0,0,0,0,0,0,0,0,0,0,0,0,0,0,0,0,0,0,0,0,0,0,0,0,0,0,18,14,Unicorn_Absent,-1,-1.0,4,300,0.9125,32.0,0.0,46.0,0.64,0.5,UP,0.9,1.0,0.0,16,DOWN,3,2
3922,55879708,42,558736,Absent,32,0,0,0,0,0,0,0,0,0,0,0,0,0,0,0,0,0,0,0,0,0,0,0,0,0,0,0,0,0,0,0,0,1,1,1,1,1,1,1,1,1,1,1,1,1,1,1,1,1,1,1,1,1,1,1,1,1,1,1,1,1,1,1,1,32,0,Unicorn_Absent,-1,-1.0,3,332,1.0,32.0,0.0,32.0,0.64,0.5,DOWN,0.9125,0.0,0.64,14,UP,3,2
3924,55879708,43,558736,Absent,32,0,0,0,0,0,0,0,0,0,0,0,0,0,0,0,0,0,0,0,0,0,0,0,0,0,0,0,0,0,0,0,0,1,1,1,1,1,1,1,1,1,1,1,1,1,1,1,1,1,1,1,1,1,1,1,1,1,1,1,1,1,1,1,1,32,0,Unicorn_Absent,-1,-1.0,3,364,1.0,32.0,1.0,32.0,0.0,0.5,DOWN,1.0,0.0,0.64,0,DOWN,3,2
3930,55879708,46,558736,Absent,28,1,1,1,1,1,1,1,1,1,0,0,0,0,0,0,1,1,0,0,0,0,0,0,1,1,0,0,0,0,0,0,1,1,0,0,0,0,0,0,1,1,0,0,0,0,0,0,1,1,0,0,0,0,0,0,1,1,1,1,1,1,1,1,1,32,0,Unicorn_Absent,-1,-1.0,8,250,1.0,28.0,0.30434782608695654,28.0,0.0,0.4375,OUT,1.0,1.0,0.0,0,DOWN,3,2
3936,55879708,49,558736,Absent,32,0,0,0,0,1,1,1,1,0,0,0,0,1,1,1,1,0,0,0,0,1,1,1,1,0,0,0,0,1,1,1,1,0,0,0,0,1,1,1,1,0,0,0,0,1,1,1,1,0,0,0,0,1,1,1,1,0,0,0,0,1,1,1,1,16,16,Unicorn_Absent,-1,-1.0,6,321,0.9,32.0,0.30434782608695654,48.0,0.0,0.5,RIGHT,1.0,0.30434782608695654,0.0,0,OUT,3,2
3940,55879708,51,558736,Absent,32,0,0,0,0,0,0,0,0,0,0,0,0,0,0,0,0,0,0,0,0,0,0,0,0,0,0,0,0,0,0,0,0,1,1,1,1,1,1,1,1,1,1,1,1,1,1,1,1,1,1,1,1,1,1,1,1,1,1,1,1,1,1,1,1,16,16,Unicorn_Absent,-1,-1.0,3,341,0.9,32.0,0.3333333333333333,48.0,0.0,0.5,DOWN,0.9,0.30434782608695654,0.0,16,RIGHT,3,2
3942,55879708,52,558736,Absent,32,0,0,0,0,0,0,0,0,0,0,0,0,0,0,0,0,0,0,0,0,0,0,0,0,0,0,0,0,0,0,0,0,1,1,1,1,1,1,1,1,1,1,1,1,1,1,1,1,1,1,1,1,1,1,1,1,1,1,1,1,1,1,1,1,14,18,Unicorn_Absent,-1,-1.0,3,355,0.8875,32.0,1.0,50.0,0.0,0.5,DOWN,0.9,0.3333333333333333,0.0,16,DOWN,3,2
3946,55879708,54,558736,Absent,28,1,1,1,1,1,1,1,1,1,0,0,0,0,0,0,1,1,0,0,0,0,0,0,1,1,0,0,0,0,0,0,1,1,0,0,0,0,0,0,1,1,0,0,0,0,0,0,1,1,0,0,0,0,0,0,1,1,1,1,1,1,1,1,1,32,0,Unicorn_Absent,-1,-1.0,8,419,1.0,28.0,0.30434782608695654,64.0,0.0,1.0,OUT,0.8875,1.0,0.0,18,DOWN,3,2
3950,55879708,56,558736,Absent,28,1,1,1,1,1,1,1,1,1,0,0,0,0,0,0,1,1,0,0,0,0,0,0,1,1,0,0,0,0,0,0,1,1,0,0,0,0,0,0,1,1,0,0,0,0,0,0,1,1,0,0,0,0,0,0,1,1,1,1,1,1,1,1,1,32,0,Unicorn_Absent,-1,-1.0,8,483,1.0,28.0,1.0,64.0,0.0,1.0,OUT,1.0,0.30434782608695654,0.0,0,OUT,3,2
3956,55879708,59,558736,Absent,28,1,1,1,1,1,1,1,1,1,0,0,0,0,0,0,1,1,0,0,0,0,0,0,1,1,0,0,0,0,0,0,1,1,0,0,0,0,0,0,1,1,0,0,0,0,0,0,1,1,0,0,0,0,0,0,1,1,1,1,1,1,1,1,1,32,0,Unicorn_Absent,-1,-1.0,8,579,1.0,28.0,1.0,64.0,0.0,1.0,OUT,1.0,1.0,0.0,0,OUT,3,2
3958,55879708,60,558736,Absent,28,1,1,1,1,1,1,1,1,1,0,0,0,0,0,0,1,1,0,0,0,0,0,0,1,1,0,0,0,0,0,0,1,1,0,0,0,0,0,0,1,1,0,0,0,0,0,0,1,1,0,0,0,0,0,0,1,1,1,1,1,1,1,1,1,32,0,Unicorn_Absent,-1,-1.0,8,611,1.0,28.0,1.0,64.0,0.026666666666666672,1.0,OUT,1.0,1.0,0.0,0,OUT,3,2
3841,55879708,1,970891,Absent,55,1,0,1,0,0,1,1,1,0,1,1,1,0,1,1,1,1,0,0,1,1,0,0,1,1,1,1,0,1,0,1,1,1,1,1,1,1,1,0,1,0,0,0,0,0,0,1,1,0,0,0,1,0,1,0,1,1,1,0,0,1,0,0,1,9,23,Unicorn_Absent,-1,-1.0,9,9,0.85625,37.0,1.0,50.0,0.026666666666666672,0.421875,,,,,,,3,2
3843,55879708,2,970891,Absent,32,1,1,1,1,0,0,0,0,1,1,1,1,0,0,0,0,1,1,1,1,0,0,0,0,1,1,1,1,0,0,0,0,1,1,1,1,0,0,0,0,1,1,1,1,0,0,0,0,1,1,1,1,0,0,0,0,1,1,1,1,0,0,0,0,0,32,Unicorn_Absent,-1,-1.0,5,9,0.8,32.0,0.3269230769230769,32.0,0.0,0.0,LEFT,0.85625,1.0,0.026666666666666672,23,,3,2
3849,55879708,5,970891,Absent,64,1,1,1,1,1,1,1,1,1,1,1,1,1,1,1,1,1,1,1,1,1,1,1,1,1,1,1,1,1,1,1,1,1,1,1,1,1,1,1,1,1,1,1,1,1,1,1,1,1,1,1,1,1,1,1,1,1,1,1,1,1,1,1,1,-4,36,Unicorn_Absent,-1,-1.0,1,-45,0.775,64.0,0.5,64.0,0.0,0.4375,ALL,0.8,0.3269230769230769,0.0,32,LEFT,3,2
3853,55879708,7,970891,Absent,32,0,0,0,0,1,1,1,1,0,0,0,0,1,1,1,1,0,0,0,0,1,1,1,1,0,0,0,0,1,1,1,1,0,0,0,0,1,1,1,1,0,0,0,0,1,1,1,1,0,0,0,0,1,1,1,1,0,0,0,0,1,1,1,1,14,18,Unicorn_Absent,-1,-1.0,6,-95,0.8875,32.0,0.5,50.0,0.30434782608695654,0.5,RIGHT,0.775,0.5,0.0,36,ALL,3,2
3857,55879708,9,970891,Absent,32,1,1,1,1,1,1,1,1,1,1,1,1,1,1,1,1,1,1,1,1,1,1,1,1,1,1,1,1,1,1,1,1,0,0,0,0,0,0,0,0,0,0,0,0,0,0,0,0,0,0,0,0,0,0,0,0,0,0,0,0,0,0,0,0,32,0,Unicorn_Absent,-1,-1.0,4,-145,1.0,32.0,0.3333333333333333,32.0,0.30434782608695654,0.5,UP,0.8875,0.5,0.30434782608695654,18,RIGHT,3,2
3865,55879708,13,970891,Absent,32,1,1,1,1,1,1,1,1,1,1,1,1,1,1,1,1,1,1,1,1,1,1,1,1,1,1,1,1,1,1,1,1,0,0,0,0,0,0,0,0,0,0,0,0,0,0,0,0,0,0,0,0,0,0,0,0,0,0,0,0,0,0,0,0,32,0,Unicorn_Absent,-1,-1.0,4,-17,1.0,32.0,1.0,64.0,0.6666666666666667,1.0,UP,1.0,0.3333333333333333,0.30434782608695654,0,UP,3,2
3867,55879708,14,970891,Absent,32,1,1,1,1,1,1,1,1,1,1,1,1,1,1,1,1,1,1,1,1,1,1,1,1,1,1,1,1,1,1,1,1,0,0,0,0,0,0,0,0,0,0,0,0,0,0,0,0,0,0,0,0,0,0,0,0,0,0,0,0,0,0,0,0,32,0,Unicorn_Absent,-1,-1.0,4,15,1.0,32.0,1.0,64.0,0.6666666666666667,1.0,UP,1.0,1.0,0.6666666666666667,0,UP,3,2
3875,55879708,18,970891,Absent,32,1,1,1,1,1,1,1,1,1,1,1,1,1,1,1,1,1,1,1,1,1,1,1,1,1,1,1,1,1,1,1,1,0,0,0,0,0,0,0,0,0,0,0,0,0,0,0,0,0,0,0,0,0,0,0,0,0,0,0,0,0,0,0,0,32,0,Unicorn_Absent,-1,-1.0,4,143,1.0,32.0,1.0,64.0,0.30434782608695654,1.0,UP,1.0,1.0,0.6666666666666667,0,UP,3,2
3877,55879708,19,970891,Absent,32,1,1,1,1,1,1,1,1,1,1,1,1,1,1,1,1,1,1,1,1,1,1,1,1,1,1,1,1,1,1,1,1,0,0,0,0,0,0,0,0,0,0,0,0,0,0,0,0,0,0,0,0,0,0,0,0,0,0,0,0,0,0,0,0,32,0,Unicorn_Absent,-1,-1.0,4,175,1.0,32.0,1.0,64.0,0.30434782608695654,1.0,UP,1.0,1.0,0.30434782608695654,0,UP,3,2
3879,55879708,20,970891,Absent,32,1,1,1,1,1,1,1,1,1,1,1,1,1,1,1,1,1,1,1,1,1,1,1,1,1,1,1,1,1,1,1,1,0,0,0,0,0,0,0,0,0,0,0,0,0,0,0,0,0,0,0,0,0,0,0,0,0,0,0,0,0,0,0,0,14,18,Unicorn_Absent,-1,-1.0,4,189,0.8875,32.0,1.0,50.0,0.0,0.5,UP,1.0,1.0,0.30434782608695654,0,UP,3,2
3885,55879708,23,970891,Absent,0,0,0,0,0,0,0,0,0,0,0,0,0,0,0,0,0,0,0,0,0,0,0,0,0,0,0,0,0,0,0,0,0,0,0,0,0,0,0,0,0,0,0,0,0,0,0,0,0,0,0,0,0,0,0,0,0,0,0,0,0,0,0,0,0,32,0,Unicorn_Absent,-1,-1.0,2,270,1.0,0.0,0.0,0.0,0.0,0.0,NOTHING,0.8875,1.0,0.0,18,UP,3,2
3887,55879708,24,970891,Absent,0,0,0,0,0,0,0,0,0,0,0,0,0,0,0,0,0,0,0,0,0,0,0,0,0,0,0,0,0,0,0,0,0,0,0,0,0,0,0,0,0,0,0,0,0,0,0,0,0,0,0,0,0,0,0,0,0,0,0,0,0,0,0,0,0,32,0,Unicorn_Absent,-1,-1.0,2,302,1.0,0.0,1.0,0.0,0.0,0.0,NOTHING,1.0,0.0,0.0,0,NOTHING,3,2
3889,55879708,25,970891,Absent,0,0,0,0,0,0,0,0,0,0,0,0,0,0,0,0,0,0,0,0,0,0,0,0,0,0,0,0,0,0,0,0,0,0,0,0,0,0,0,0,0,0,0,0,0,0,0,0,0,0,0,0,0,0,0,0,0,0,0,0,0,0,0,0,0,32,0,Unicorn_Absent,-1,-1.0,2,334,1.0,0.0,1.0,0.0,0.0,0.0,NOTHING,1.0,1.0,0.0,0,NOTHING,3,2
3895,55879708,28,970891,Absent,32,0,0,0,0,1,1,1,1,0,0,0,0,1,1,1,1,0,0,0,0,1,1,1,1,0,0,0,0,1,1,1,1,0,0,0,0,1,1,1,1,0,0,0,0,1,1,1,1,0,0,0,0,1,1,1,1,0,0,0,0,1,1,1,1,32,0,Unicorn_Absent,-1,-1.0,6,220,1.0,32.0,0.0,64.0,0.6956521739130435,1.0,RIGHT,1.0,1.0,0.0,0,NOTHING,3,2
3901,55879708,31,970891,Absent,36,0,0,0,0,0,0,0,0,0,1,1,1,1,1,1,0,0,1,1,1,1,1,1,0,0,1,1,1,1,1,1,0,0,1,1,1,1,1,1,0,0,1,1,1,1,1,1,0,0,1,1,1,1,1,1,0,0,0,0,0,0,0,0,0,14,18,Unicorn_Absent,-1,-1.0,7,176,0.8875,36.0,0.36,50.0,0.6956521739130435,0.5,IN,1.0,0.0,0.6956521739130435,0,RIGHT,3,2
3903,55879708,32,970891,Absent,28,1,1,1,1,1,1,1,1,1,0,0,0,0,0,0,1,1,0,0,0,0,0,0,1,1,0,0,0,0,0,0,1,1,0,0,0,0,0,0,1,1,0,0,0,0,0,0,1,1,0,0,0,0,0,0,1,1,1,1,1,1,1,1,1,18,14,Unicorn_Absent,-1,-1.0,8,194,0.9125,28.0,0.0,46.0,0.30434782608695654,0.5,OUT,0.8875,0.36,0.6956521739130435,18,IN,3,2
3907,55879708,34,970891,Absent,32,0,0,0,0,0,0,0,0,0,0,0,0,0,0,0,0,0,0,0,0,0,0,0,0,0,0,0,0,0,0,0,0,1,1,1,1,1,1,1,1,1,1,1,1,1,1,1,1,1,1,1,1,1,1,1,1,1,1,1,1,1,1,1,1,0,32,Unicorn_Absent,-1,-1.0,3,218,0.8,32.0,0.30434782608695654,32.0,0.30434782608695654,0.0,DOWN,0.9125,0.0,0.30434782608695654,14,OUT,3,2
3919,55879708,40,970891,Absent,32,0,0,0,0,1,1,1,1,0,0,0,0,1,1,1,1,0,0,0,0,1,1,1,1,0,0,0,0,1,1,1,1,0,0,0,0,1,1,1,1,0,0,0,0,1,1,1,1,0,0,0,0,1,1,1,1,0,0,0,0,1,1,1,1,16,16,Unicorn_Absent,-1,-1.0,6,282,0.9,32.0,0.3333333333333333,48.0,0.0,0.5,RIGHT,0.8,0.30434782608695654,0.30434782608695654,32,DOWN,3,2
3921,55879708,41,970891,Absent,28,1,1,1,1,1,1,1,1,1,0,0,0,0,0,0,1,1,0,0,0,0,0,0,1,1,0,0,0,0,0,0,1,1,0,0,0,0,0,0,1,1,0,0,0,0,0,0,1,1,0,0,0,0,0,0,1,1,1,1,1,1,1,1,1,18,14,Unicorn_Absent,-1,-1.0,8,300,0.9125,28.0,0.30434782608695654,46.0,0.0,0.5,OUT,0.9,0.3333333333333333,0.0,16,RIGHT,3,2
3923,55879708,42,970891,Absent,0,0,0,0,0,0,0,0,0,0,0,0,0,0,0,0,0,0,0,0,0,0,0,0,0,0,0,0,0,0,0,0,0,0,0,0,0,0,0,0,0,0,0,0,0,0,0,0,0,0,0,0,0,0,0,0,0,0,0,0,0,0,0,0,0,32,0,Unicorn_Absent,-1,-1.0,2,332,1.0,0.0,0.0,32.0,0.64,0.5,NOTHING,0.9125,0.30434782608695654,0.0,14,OUT,3,2
3925,55879708,43,970891,Absent,0,0,0,0,0,0,0,0,0,0,0,0,0,0,0,0,0,0,0,0,0,0,0,0,0,0,0,0,0,0,0,0,0,0,0,0,0,0,0,0,0,0,0,0,0,0,0,0,0,0,0,0,0,0,0,0,0,0,0,0,0,0,0,0,0,32,0,Unicorn_Absent,-1,-1.0,2,364,1.0,0.0,1.0,32.0,0.64,0.5,NOTHING,1.0,0.0,0.64,0,NOTHING,3,2
3931,55879708,46,970891,Absent,0,0,0,0,0,0,0,0,0,0,0,0,0,0,0,0,0,0,0,0,0,0,0,0,0,0,0,0,0,0,0,0,0,0,0,0,0,0,0,0,0,0,0,0,0,0,0,0,0,0,0,0,0,0,0,0,0,0,0,0,0,0,0,0,0,32,0,Unicorn_Absent,-1,-1.0,2,250,1.0,0.0,1.0,28.0,0.6956521739130435,0.4375,NOTHING,1.0,1.0,0.64,0,NOTHING,3,2
3937,55879708,49,970891,Absent,32,1,1,1,1,1,1,1,1,1,1,1,1,1,1,1,1,1,1,1,1,1,1,1,1,1,1,1,1,1,1,1,1,0,0,0,0,0,0,0,0,0,0,0,0,0,0,0,0,0,0,0,0,0,0,0,0,0,0,0,0,0,0,0,0,16,16,Unicorn_Absent,-1,-1.0,4,321,0.9,32.0,0.0,48.0,0.6956521739130435,0.5,UP,1.0,1.0,0.6956521739130435,0,NOTHING,3,2
3941,55879708,51,970891,Absent,32,1,1,1,1,0,0,0,0,1,1,1,1,0,0,0,0,1,1,1,1,0,0,0,0,1,1,1,1,0,0,0,0,1,1,1,1,0,0,0,0,1,1,1,1,0,0,0,0,1,1,1,1,0,0,0,0,1,1,1,1,0,0,0,0,16,16,Unicorn_Absent,-1,-1.0,5,341,0.9,32.0,0.3333333333333333,48.0,0.0,0.5,LEFT,0.9,0.0,0.6956521739130435,16,UP,3,2
3943,55879708,52,970891,Absent,36,0,0,0,0,0,0,0,0,0,1,1,1,1,1,1,0,0,1,1,1,1,1,1,0,0,1,1,1,1,1,1,0,0,1,1,1,1,1,1,0,0,1,1,1,1,1,1,0,0,1,1,1,1,1,1,0,0,0,0,0,0,0,0,0,14,18,Unicorn_Absent,-1,-1.0,7,355,0.8875,36.0,0.36,50.0,0.0,0.5,IN,0.9,0.3333333333333333,0.0,16,LEFT,3,2
3947,55879708,54,970891,Absent,36,0,0,0,0,0,0,0,0,0,1,1,1,1,1,1,0,0,1,1,1,1,1,1,0,0,1,1,1,1,1,1,0,0,1,1,1,1,1,1,0,0,1,1,1,1,1,1,0,0,1,1,1,1,1,1,0,0,0,0,0,0,0,0,0,32,0,Unicorn_Absent,-1,-1.0,7,419,1.0,36.0,1.0,64.0,0.0,1.0,IN,0.8875,0.36,0.0,18,IN,3,2
3951,55879708,56,970891,Absent,36,0,0,0,0,0,0,0,0,0,1,1,1,1,1,1,0,0,1,1,1,1,1,1,0,0,1,1,1,1,1,1,0,0,1,1,1,1,1,1,0,0,1,1,1,1,1,1,0,0,1,1,1,1,1,1,0,0,0,0,0,0,0,0,0,32,0,Unicorn_Absent,-1,-1.0,7,483,1.0,36.0,1.0,64.0,0.0,1.0,IN,1.0,1.0,0.0,0,IN,3,2
3957,55879708,59,970891,Absent,36,0,0,0,0,0,0,0,0,0,1,1,1,1,1,1,0,0,1,1,1,1,1,1,0,0,1,1,1,1,1,1,0,0,1,1,1,1,1,1,0,0,1,1,1,1,1,1,0,0,1,1,1,1,1,1,0,0,0,0,0,0,0,0,0,32,0,Unicorn_Absent,-1,-1.0,7,579,1.0,36.0,1.0,64.0,0.0,1.0,IN,1.0,1.0,0.0,0,IN,3,2
3959,55879708,60,970891,Absent,36,0,0,0,0,0,0,0,0,0,1,1,1,1,1,1,0,0,1,1,1,1,1,1,0,0,1,1,1,1,1,1,0,0,1,1,1,1,1,1,0,0,1,1,1,1,1,1,0,0,1,1,1,1,1,1,0,0,0,0,0,0,0,0,0,32,0,Unicorn_Absent,-1,-1.0,7,611,1.0,36.0,1.0,64.0,0.0,1.0,IN,1.0,1.0,0.0,0,IN,3,2
3961,58292141,1,214184,Absent,14,0,0,0,0,0,0,0,0,0,0,0,0,0,0,0,0,0,0,0,1,0,0,1,0,0,0,0,1,0,1,0,0,0,0,1,0,1,1,0,1,0,0,1,0,0,1,0,1,0,0,0,0,0,0,0,0,0,0,0,1,0,0,1,0,22,10,Unicorn_Absent,-1,-1.0,9,22,0.9375,13.0,1.0,43.0,0.0,0.515625,,,,,,,3,2
3967,58292141,4,214184,Absent,32,0,0,0,0,1,1,1,1,0,0,0,0,1,1,1,1,0,0,0,0,1,1,1,1,0,0,0,0,1,1,1,1,0,0,0,0,1,1,1,1,0,0,0,0,1,1,1,1,0,0,0,0,1,1,1,1,0,0,0,0,1,1,1,1,0,32,Unicorn_Absent,-1,-1.0,6,65,0.8,32.0,0.21621621621621623,64.0,0.0,0.5,RIGHT,0.9375,1.0,0.0,10,,3,2
3969,58292141,5,214184,Absent,28,1,1,1,1,1,1,1,1,1,0,0,0,0,0,0,1,1,0,0,0,0,0,0,1,1,0,0,0,0,0,0,1,1,0,0,0,0,0,0,1,1,0,0,0,0,0,0,1,1,0,0,0,0,0,0,1,1,1,1,1,1,1,1,1,18,14,Unicorn_Absent,-1,-1.0,8,83,0.9125,28.0,0.30434782608695654,46.0,0.40878378378378377,0.5,OUT,0.8,0.21621621621621623,0.0,32,RIGHT,3,2
3973,58292141,7,214184,Absent,32,0,0,0,0,1,1,1,1,0,0,0,0,1,1,1,1,0,0,0,0,1,1,1,1,0,0,0,0,1,1,1,1,0,0,0,0,1,1,1,1,0,0,0,0,1,1,1,1,0,0,0,0,1,1,1,1,0,0,0,0,1,1,1,1,16,16,Unicorn_Absent,-1,-1.0,6,128,0.9,32.0,0.30434782608695654,52.0,0.40878378378378377,0.5625,RIGHT,0.9125,0.30434782608695654,0.40878378378378377,14,OUT,3,2
3975,58292141,8,214184,Absent,32,1,1,1,1,1,1,1,1,1,1,1,1,1,1,1,1,1,1,1,1,1,1,1,1,1,1,1,1,1,1,1,1,0,0,0,0,0,0,0,0,0,0,0,0,0,0,0,0,0,0,0,0,0,0,0,0,0,0,0,0,0,0,0,0,32,0,Unicorn_Absent,-1,-1.0,4,160,1.0,32.0,0.3333333333333333,32.0,0.19565217391304346,0.5,UP,0.9,0.30434782608695654,0.40878378378378377,16,RIGHT,3,2
3977,58292141,9,214184,Absent,32,1,1,1,1,1,1,1,1,1,1,1,1,1,1,1,1,1,1,1,1,1,1,1,1,1,1,1,1,1,1,1,1,0,0,0,0,0,0,0,0,0,0,0,0,0,0,0,0,0,0,0,0,0,0,0,0,0,0,0,0,0,0,0,0,32,0,Unicorn_Absent,-1,-1.0,4,192,1.0,32.0,1.0,32.0,0.19565217391304346,0.5,UP,1.0,0.3333333333333333,0.19565217391304346,0,UP,3,2
3979,58292141,10,214184,Absent,32,1,1,1,1,1,1,1,1,1,1,1,1,1,1,1,1,1,1,1,1,1,1,1,1,1,1,1,1,1,1,1,1,0,0,0,0,0,0,0,0,0,0,0,0,0,0,0,0,0,0,0,0,0,0,0,0,0,0,0,0,0,0,0,0,32,0,Unicorn_Absent,-1,-1.0,4,224,1.0,32.0,1.0,32.0,0.0033444816053511683,0.5,UP,1.0,1.0,0.19565217391304346,0,UP,3,2
3985,58292141,13,214184,Absent,32,0,0,0,0,0,0,0,0,0,0,0,0,0,0,0,0,0,0,0,0,0,0,0,0,0,0,0,0,0,0,0,0,1,1,1,1,1,1,1,1,1,1,1,1,1,1,1,1,1,1,1,1,1,1,1,1,1,1,1,1,1,1,1,1,16,16,Unicorn_Absent,-1,-1.0,3,208,0.9,32.0,0.0,48.0,0.0033444816053511683,0.5,DOWN,1.0,1.0,0.0033444816053511683,0,UP,3,2
3987,58292141,14,214184,Absent,28,1,1,1,1,1,1,1,1,1,0,0,0,0,0,0,1,1,0,0,0,0,0,0,1,1,0,0,0,0,0,0,1,1,0,0,0,0,0,0,1,1,0,0,0,0,0,0,1,1,0,0,0,0,0,0,1,1,1,1,1,1,1,1,1,32,0,Unicorn_Absent,-1,-1.0,8,240,1.0,28.0,0.30434782608695654,28.0,0.3333333333333333,0.4375,OUT,0.9,0.0,0.0033444816053511683,16,DOWN,3,2
3989,58292141,15,214184,Absent,28,1,1,1,1,1,1,1,1,1,0,0,0,0,0,0,1,1,0,0,0,0,0,0,1,1,0,0,0,0,0,0,1,1,0,0,0,0,0,0,1,1,0,0,0,0,0,0,1,1,0,0,0,0,0,0,1,1,1,1,1,1,1,1,1,32,0,Unicorn_Absent,-1,-1.0,8,272,1.0,28.0,1.0,28.0,0.3333333333333333,0.4375,OUT,1.0,0.30434782608695654,0.3333333333333333,0,OUT,3,2
3991,58292141,16,214184,Absent,28,1,1,1,1,1,1,1,1,1,0,0,0,0,0,0,1,1,0,0,0,0,0,0,1,1,0,0,0,0,0,0,1,1,0,0,0,0,0,0,1,1,0,0,0,0,0,0,1,1,0,0,0,0,0,0,1,1,1,1,1,1,1,1,1,18,14,Unicorn_Absent,-1,-1.0,8,290,0.9125,28.0,1.0,46.0,0.0,0.5,OUT,1.0,1.0,0.3333333333333333,0,OUT,3,2
3993,58292141,17,214184,Absent,28,1,1,1,1,1,1,1,1,1,0,0,0,0,0,0,1,1,0,0,0,0,0,0,1,1,0,0,0,0,0,0,1,1,0,0,0,0,0,0,1,1,0,0,0,0,0,0,1,1,0,0,0,0,0,0,1,1,1,1,1,1,1,1,1,18,14,Unicorn_Absent,-1,-1.0,8,308,0.9125,28.0,1.0,46.0,0.0,0.5,OUT,0.9125,1.0,0.0,14,OUT,3,2
3995,58292141,18,214184,Absent,28,1,1,1,1,1,1,1,1,1,0,0,0,0,0,0,1,1,0,0,0,0,0,0,1,1,0,0,0,0,0,0,1,1,0,0,0,0,0,0,1,1,0,0,0,0,0,0,1,1,0,0,0,0,0,0,1,1,1,1,1,1,1,1,1,18,14,Unicorn_Absent,-1,-1.0,8,326,0.9125,28.0,1.0,46.0,0.0,0.5,OUT,0.9125,1.0,0.0,14,OUT,3,2
3997,58292141,19,214184,Absent,32,1,1,1,1,0,0,0,0,1,1,1,1,0,0,0,0,1,1,1,1,0,0,0,0,1,1,1,1,0,0,0,0,1,1,1,1,0,0,0,0,1,1,1,1,0,0,0,0,1,1,1,1,0,0,0,0,1,1,1,1,0,0,0,0,16,16,Unicorn_Absent,-1,-1.0,5,342,0.9,32.0,0.30434782608695654,48.0,0.0,0.5,LEFT,0.9125,1.0,0.0,14,OUT,3,2
4005,58292141,23,214184,Absent,0,0,0,0,0,0,0,0,0,0,0,0,0,0,0,0,0,0,0,0,0,0,0,0,0,0,0,0,0,0,0,0,0,0,0,0,0,0,0,0,0,0,0,0,0,0,0,0,0,0,0,0,0,0,0,0,0,0,0,0,0,0,0,0,0,32,0,Unicorn_Absent,-1,-1.0,2,342,1.0,0.0,0.0,0.0,0.0,0.0,NOTHING,0.9,0.30434782608695654,0.0,16,LEFT,3,2
4009,58292141,25,214184,Absent,32,0,0,0,0,0,0,0,0,0,0,0,0,0,0,0,0,0,0,0,0,0,0,0,0,0,0,0,0,0,0,0,0,1,1,1,1,1,1,1,1,1,1,1,1,1,1,1,1,1,1,1,1,1,1,1,1,1,1,1,1,1,1,1,1,18,14,Unicorn_Absent,-1,-1.0,3,296,0.9125,32.0,0.0,46.0,0.0,0.5,DOWN,1.0,0.0,0.0,0,NOTHING,3,2
4023,58292141,32,214184,Absent,0,0,0,0,0,0,0,0,0,0,0,0,0,0,0,0,0,0,0,0,0,0,0,0,0,0,0,0,0,0,0,0,0,0,0,0,0,0,0,0,0,0,0,0,0,0,0,0,0,0,0,0,0,0,0,0,0,0,0,0,0,0,0,0,0,32,0,Unicorn_Absent,-1,-1.0,2,406,1.0,0.0,0.0,0.0,0.30434782608695654,0.0,NOTHING,0.9125,0.0,0.0,14,DOWN,3,2
4025,58292141,33,214184,Absent,32,0,0,0,0,0,0,0,0,0,0,0,0,0,0,0,0,0,0,0,0,0,0,0,0,0,0,0,0,0,0,0,0,1,1,1,1,1,1,1,1,1,1,1,1,1,1,1,1,1,1,1,1,1,1,1,1,1,1,1,1,1,1,1,1,32,0,Unicorn_Absent,-1,-1.0,3,438,1.0,32.0,0.0,32.0,0.30434782608695654,0.5,DOWN,1.0,0.0,0.30434782608695654,0,NOTHING,3,2
4027,58292141,34,214184,Absent,32,0,0,0,0,0,0,0,0,0,0,0,0,0,0,0,0,0,0,0,0,0,0,0,0,0,0,0,0,0,0,0,0,1,1,1,1,1,1,1,1,1,1,1,1,1,1,1,1,1,1,1,1,1,1,1,1,1,1,1,1,1,1,1,1,32,0,Unicorn_Absent,-1,-1.0,3,470,1.0,32.0,1.0,32.0,0.0,0.5,DOWN,1.0,0.0,0.30434782608695654,0,DOWN,3,2
4031,58292141,36,214184,Absent,0,0,0,0,0,0,0,0,0,0,0,0,0,0,0,0,0,0,0,0,0,0,0,0,0,0,0,0,0,0,0,0,0,0,0,0,0,0,0,0,0,0,0,0,0,0,0,0,0,0,0,0,0,0,0,0,0,0,0,0,0,0,0,0,0,32,0,Unicorn_Absent,-1,-1.0,2,438,1.0,0.0,0.0,32.0,0.0,0.5,NOTHING,1.0,1.0,0.0,0,DOWN,3,2
4035,58292141,38,214184,Absent,0,0,0,0,0,0,0,0,0,0,0,0,0,0,0,0,0,0,0,0,0,0,0,0,0,0,0,0,0,0,0,0,0,0,0,0,0,0,0,0,0,0,0,0,0,0,0,0,0,0,0,0,0,0,0,0,0,0,0,0,0,0,0,0,0,32,0,Unicorn_Absent,-1,-1.0,2,502,1.0,0.0,1.0,36.0,1.0,0.5625,NOTHING,1.0,0.0,0.0,0,NOTHING,3,2
4047,58292141,44,214184,Absent,32,0,0,0,0,0,0,0,0,0,0,0,0,0,0,0,0,0,0,0,0,0,0,0,0,0,0,0,0,0,0,0,0,1,1,1,1,1,1,1,1,1,1,1,1,1,1,1,1,1,1,1,1,1,1,1,1,1,1,1,1,1,1,1,1,32,0,Unicorn_Absent,-1,-1.0,3,598,1.0,32.0,0.0,64.0,1.0,1.0,DOWN,1.0,1.0,1.0,0,NOTHING,3,2
4053,58292141,47,214184,Absent,0,0,0,0,0,0,0,0,0,0,0,0,0,0,0,0,0,0,0,0,0,0,0,0,0,0,0,0,0,0,0,0,0,0,0,0,0,0,0,0,0,0,0,0,0,0,0,0,0,0,0,0,0,0,0,0,0,0,0,0,0,0,0,0,0,32,0,Unicorn_Absent,-1,-1.0,2,662,1.0,0.0,0.0,36.0,1.0,0.5625,NOTHING,1.0,0.0,1.0,0,DOWN,3,2
4055,58292141,48,214184,Absent,0,0,0,0,0,0,0,0,0,0,0,0,0,0,0,0,0,0,0,0,0,0,0,0,0,0,0,0,0,0,0,0,0,0,0,0,0,0,0,0,0,0,0,0,0,0,0,0,0,0,0,0,0,0,0,0,0,0,0,0,0,0,0,0,0,32,0,Unicorn_Absent,-1,-1.0,2,694,1.0,0.0,1.0,32.0,1.0,0.5,NOTHING,1.0,0.0,1.0,0,NOTHING,3,2
4059,58292141,50,214184,Absent,32,1,1,1,1,0,0,0,0,1,1,1,1,0,0,0,0,1,1,1,1,0,0,0,0,1,1,1,1,0,0,0,0,1,1,1,1,0,0,0,0,1,1,1,1,0,0,0,0,1,1,1,1,0,0,0,0,1,1,1,1,0,0,0,0,18,14,Unicorn_Absent,-1,-1.0,5,648,0.9125,32.0,0.0,46.0,0.6666666666666667,0.5,LEFT,1.0,1.0,1.0,0,NOTHING,3,2
4061,58292141,51,214184,Absent,0,0,0,0,0,0,0,0,0,0,0,0,0,0,0,0,0,0,0,0,0,0,0,0,0,0,0,0,0,0,0,0,0,0,0,0,0,0,0,0,0,0,0,0,0,0,0,0,0,0,0,0,0,0,0,0,0,0,0,0,0,0,0,0,0,32,0,Unicorn_Absent,-1,-1.0,2,680,1.0,0.0,0.0,28.0,0.6666666666666667,0.4375,NOTHING,0.9125,0.0,0.6666666666666667,14,LEFT,3,2
4067,58292141,54,214184,Absent,32,1,1,1,1,0,0,0,0,1,1,1,1,0,0,0,0,1,1,1,1,0,0,0,0,1,1,1,1,0,0,0,0,1,1,1,1,0,0,0,0,1,1,1,1,0,0,0,0,1,1,1,1,0,0,0,0,1,1,1,1,0,0,0,0,32,0,Unicorn_Absent,-1,-1.0,5,676,1.0,32.0,0.0,64.0,0.30434782608695654,1.0,LEFT,1.0,0.0,0.6666666666666667,0,NOTHING,3,2
4071,58292141,56,214184,Absent,32,1,1,1,1,0,0,0,0,1,1,1,1,0,0,0,0,1,1,1,1,0,0,0,0,1,1,1,1,0,0,0,0,1,1,1,1,0,0,0,0,1,1,1,1,0,0,0,0,1,1,1,1,0,0,0,0,1,1,1,1,0,0,0,0,16,16,Unicorn_Absent,-1,-1.0,5,724,0.9,32.0,1.0,50.0,0.30434782608695654,0.53125,LEFT,1.0,0.0,0.30434782608695654,0,LEFT,3,2
4075,58292141,58,214184,Absent,32,1,1,1,1,1,1,1,1,1,1,1,1,1,1,1,1,1,1,1,1,1,1,1,1,1,1,1,1,1,1,1,1,0,0,0,0,0,0,0,0,0,0,0,0,0,0,0,0,0,0,0,0,0,0,0,0,0,0,0,0,0,0,0,0,18,14,Unicorn_Absent,-1,-1.0,4,760,0.9125,32.0,0.3333333333333333,46.0,0.0,0.5,UP,0.9,1.0,0.30434782608695654,16,LEFT,3,2
3960,58292141,1,582909,Absent,60,1,1,1,1,1,1,1,1,1,1,0,0,1,1,0,1,1,1,0,1,0,0,1,1,0,1,1,1,1,0,1,0,1,1,1,0,0,1,0,1,0,0,1,1,1,1,1,0,1,0,1,0,0,0,1,0,1,0,0,1,0,1,1,0,22,10,Unicorn_Absent,-1,-1.0,0,22,0.9375,40.0,1.0,43.0,0.0,0.515625,RS,,,,,,3,2
3966,58292141,4,582909,Absent,64,1,1,1,1,1,1,1,1,1,1,1,1,1,1,1,1,1,1,1,1,1,1,1,1,1,1,1,1,1,1,1,1,1,1,1,1,1,1,1,1,1,1,1,1,1,1,1,1,1,1,1,1,1,1,1,1,1,1,1,1,1,1,1,1,0,32,Unicorn_Absent,-1,-1.0,1,65,0.8,64.0,0.625,64.0,0.0,0.5,ALL,0.9375,1.0,0.0,10,RS,3,2
3968,58292141,5,582909,Absent,32,0,0,0,0,1,1,1,1,0,0,0,0,1,1,1,1,0,0,0,0,1,1,1,1,0,0,0,0,1,1,1,1,0,0,0,0,1,1,1,1,0,0,0,0,1,1,1,1,0,0,0,0,1,1,1,1,0,0,0,0,1,1,1,1,18,14,Unicorn_Absent,-1,-1.0,6,83,0.9125,32.0,0.5,46.0,0.0,0.5,RIGHT,0.8,0.625,0.0,32,ALL,3,2
3972,58292141,7,582909,Absent,50,0,0,0,0,0,1,0,1,1,0,0,1,0,0,0,0,1,0,1,0,1,1,1,0,1,0,1,1,1,0,0,0,1,1,1,1,1,0,0,1,0,0,1,0,1,1,1,1,1,1,1,1,1,1,0,0,1,1,1,1,1,1,0,0,16,16,Unicorn_Absent,-1,-1.0,0,128,0.9,36.0,0.3076923076923077,52.0,0.0,0.5625,RS,0.9125,0.5,0.0,14,RIGHT,3,2
3974,58292141,8,582909,Absent,0,0,0,0,0,0,0,0,0,0,0,0,0,0,0,0,0,0,0,0,0,0,0,0,0,0,0,0,0,0,0,0,0,0,0,0,0,0,0,0,0,0,0,0,0,0,0,0,0,0,0,0,0,0,0,0,0,0,0,0,0,0,0,0,0,32,0,Unicorn_Absent,-1,-1.0,2,160,1.0,0.0,0.0,32.0,0.0,0.5,NOTHING,0.9,0.3076923076923077,0.0,16,RS,3,2
3976,58292141,9,582909,Absent,0,0,0,0,0,0,0,0,0,0,0,0,0,0,0,0,0,0,0,0,0,0,0,0,0,0,0,0,0,0,0,0,0,0,0,0,0,0,0,0,0,0,0,0,0,0,0,0,0,0,0,0,0,0,0,0,0,0,0,0,0,0,0,0,0,32,0,Unicorn_Absent,-1,-1.0,2,192,1.0,0.0,1.0,32.0,1.0,0.5,NOTHING,1.0,0.0,0.0,0,NOTHING,3,2
3978,58292141,10,582909,Absent,0,0,0,0,0,0,0,0,0,0,0,0,0,0,0,0,0,0,0,0,0,0,0,0,0,0,0,0,0,0,0,0,0,0,0,0,0,0,0,0,0,0,0,0,0,0,0,0,0,0,0,0,0,0,0,0,0,0,0,0,0,0,0,0,0,32,0,Unicorn_Absent,-1,-1.0,2,224,1.0,0.0,1.0,32.0,1.0,0.5,NOTHING,1.0,1.0,1.0,0,NOTHING,3,2
3984,58292141,13,582909,Absent,32,1,1,1,1,0,0,0,0,1,1,1,1,0,0,0,0,1,1,1,1,0,0,0,0,1,1,1,1,0,0,0,0,1,1,1,1,0,0,0,0,1,1,1,1,0,0,0,0,1,1,1,1,0,0,0,0,1,1,1,1,0,0,0,0,16,16,Unicorn_Absent,-1,-1.0,5,208,0.9,32.0,0.0,48.0,0.0,0.5,LEFT,1.0,1.0,1.0,0,NOTHING,3,2
3986,58292141,14,582909,Absent,0,0,0,0,0,0,0,0,0,0,0,0,0,0,0,0,0,0,0,0,0,0,0,0,0,0,0,0,0,0,0,0,0,0,0,0,0,0,0,0,0,0,0,0,0,0,0,0,0,0,0,0,0,0,0,0,0,0,0,0,0,0,0,0,0,32,0,Unicorn_Absent,-1,-1.0,2,240,1.0,0.0,0.0,28.0,0.0,0.4375,NOTHING,0.9,0.0,0.0,16,LEFT,3,2
3988,58292141,15,582909,Absent,0,0,0,0,0,0,0,0,0,0,0,0,0,0,0,0,0,0,0,0,0,0,0,0,0,0,0,0,0,0,0,0,0,0,0,0,0,0,0,0,0,0,0,0,0,0,0,0,0,0,0,0,0,0,0,0,0,0,0,0,0,0,0,0,0,32,0,Unicorn_Absent,-1,-1.0,2,272,1.0,0.0,1.0,28.0,0.0,0.4375,NOTHING,1.0,0.0,0.0,0,NOTHING,3,2
3990,58292141,16,582909,Absent,32,1,1,1,1,0,0,0,0,1,1,1,1,0,0,0,0,1,1,1,1,0,0,0,0,1,1,1,1,0,0,0,0,1,1,1,1,0,0,0,0,1,1,1,1,0,0,0,0,1,1,1,1,0,0,0,0,1,1,1,1,0,0,0,0,18,14,Unicorn_Absent,-1,-1.0,5,290,0.9125,32.0,0.0,46.0,0.0,0.5,LEFT,1.0,1.0,0.0,0,NOTHING,3,2
3992,58292141,17,582909,Absent,32,0,0,0,0,1,1,1,1,0,0,0,0,1,1,1,1,0,0,0,0,1,1,1,1,0,0,0,0,1,1,1,1,0,0,0,0,1,1,1,1,0,0,0,0,1,1,1,1,0,0,0,0,1,1,1,1,0,0,0,0,1,1,1,1,18,14,Unicorn_Absent,-1,-1.0,6,308,0.9125,32.0,0.0,46.0,0.64,0.5,RIGHT,0.9125,0.0,0.0,14,LEFT,3,2
3994,58292141,18,582909,Absent,32,1,1,1,1,1,1,1,1,1,1,1,1,1,1,1,1,1,1,1,1,1,1,1,1,1,1,1,1,1,1,1,1,0,0,0,0,0,0,0,0,0,0,0,0,0,0,0,0,0,0,0,0,0,0,0,0,0,0,0,0,0,0,0,0,18,14,Unicorn_Absent,-1,-1.0,4,326,0.9125,32.0,0.3333333333333333,46.0,0.64,0.5,UP,0.9125,0.0,0.64,14,RIGHT,3,2
3996,58292141,19,582909,Absent,32,0,0,0,0,0,0,0,0,0,0,0,0,0,0,0,0,0,0,0,0,0,0,0,0,0,0,0,0,0,0,0,0,1,1,1,1,1,1,1,1,1,1,1,1,1,1,1,1,1,1,1,1,1,1,1,1,1,1,1,1,1,1,1,1,16,16,Unicorn_Absent,-1,-1.0,3,342,0.9,32.0,0.0,48.0,0.36,0.5,DOWN,0.9125,0.3333333333333333,0.64,14,UP,3,2
4004,58292141,23,582909,Absent,0,0,0,0,0,0,0,0,0,0,0,0,0,0,0,0,0,0,0,0,0,0,0,0,0,0,0,0,0,0,0,0,0,0,0,0,0,0,0,0,0,0,0,0,0,0,0,0,0,0,0,0,0,0,0,0,0,0,0,0,0,0,0,0,0,32,0,Unicorn_Absent,-1,-1.0,2,342,1.0,0.0,0.0,0.0,0.36,0.0,NOTHING,0.9,0.0,0.36,16,DOWN,3,2
4008,58292141,25,582909,Absent,28,1,1,1,1,1,1,1,1,1,0,0,0,0,0,0,1,1,0,0,0,0,0,0,1,1,0,0,0,0,0,0,1,1,0,0,0,0,0,0,1,1,0,0,0,0,0,0,1,1,0,0,0,0,0,0,1,1,1,1,1,1,1,1,1,18,14,Unicorn_Absent,-1,-1.0,8,296,0.9125,28.0,0.0,46.0,0.36,0.5,OUT,1.0,0.0,0.36,0,NOTHING,3,2
4022,58292141,32,582909,Absent,0,0,0,0,0,0,0,0,0,0,0,0,0,0,0,0,0,0,0,0,0,0,0,0,0,0,0,0,0,0,0,0,0,0,0,0,0,0,0,0,0,0,0,0,0,0,0,0,0,0,0,0,0,0,0,0,0,0,0,0,0,0,0,0,0,32,0,Unicorn_Absent,-1,-1.0,2,406,1.0,0.0,0.0,0.0,0.36,0.0,NOTHING,0.9125,0.0,0.36,14,OUT,3,2
4024,58292141,33,582909,Absent,0,0,0,0,0,0,0,0,0,0,0,0,0,0,0,0,0,0,0,0,0,0,0,0,0,0,0,0,0,0,0,0,0,0,0,0,0,0,0,0,0,0,0,0,0,0,0,0,0,0,0,0,0,0,0,0,0,0,0,0,0,0,0,0,0,32,0,Unicorn_Absent,-1,-1.0,2,438,1.0,0.0,1.0,32.0,0.64,0.5,NOTHING,1.0,0.0,0.36,0,NOTHING,3,2
4026,58292141,34,582909,Absent,0,0,0,0,0,0,0,0,0,0,0,0,0,0,0,0,0,0,0,0,0,0,0,0,0,0,0,0,0,0,0,0,0,0,0,0,0,0,0,0,0,0,0,0,0,0,0,0,0,0,0,0,0,0,0,0,0,0,0,0,0,0,0,0,0,32,0,Unicorn_Absent,-1,-1.0,2,470,1.0,0.0,1.0,32.0,0.64,0.5,NOTHING,1.0,1.0,0.64,0,NOTHING,3,2
4030,58292141,36,582909,Absent,32,0,0,0,0,0,0,0,0,0,0,0,0,0,0,0,0,0,0,0,0,0,0,0,0,0,0,0,0,0,0,0,0,1,1,1,1,1,1,1,1,1,1,1,1,1,1,1,1,1,1,1,1,1,1,1,1,1,1,1,1,1,1,1,1,32,0,Unicorn_Absent,-1,-1.0,3,438,1.0,32.0,0.0,32.0,0.30434782608695654,0.5,DOWN,1.0,1.0,0.64,0,NOTHING,3,2
4034,58292141,38,582909,Absent,36,0,0,0,0,0,0,0,0,0,1,1,1,1,1,1,0,0,1,1,1,1,1,1,0,0,1,1,1,1,1,1,0,0,1,1,1,1,1,1,0,0,1,1,1,1,1,1,0,0,1,1,1,1,1,1,0,0,0,0,0,0,0,0,0,32,0,Unicorn_Absent,-1,-1.0,7,502,1.0,36.0,0.36,36.0,0.30434782608695654,0.5625,IN,1.0,0.0,0.30434782608695654,0,DOWN,3,2
4046,58292141,44,582909,Absent,32,1,1,1,1,1,1,1,1,1,1,1,1,1,1,1,1,1,1,1,1,1,1,1,1,1,1,1,1,1,1,1,1,0,0,0,0,0,0,0,0,0,0,0,0,0,0,0,0,0,0,0,0,0,0,0,0,0,0,0,0,0,0,0,0,32,0,Unicorn_Absent,-1,-1.0,4,598,1.0,32.0,0.36,64.0,1.0,1.0,UP,1.0,0.36,0.30434782608695654,0,IN,3,2
4052,58292141,47,582909,Absent,36,0,0,0,0,0,0,0,0,0,1,1,1,1,1,1,0,0,1,1,1,1,1,1,0,0,1,1,1,1,1,1,0,0,1,1,1,1,1,1,0,0,1,1,1,1,1,1,0,0,1,1,1,1,1,1,0,0,0,0,0,0,0,0,0,32,0,Unicorn_Absent,-1,-1.0,7,662,1.0,36.0,0.36,36.0,1.0,0.5625,IN,1.0,0.36,1.0,0,UP,3,2
4054,58292141,48,582909,Absent,32,0,0,0,0,1,1,1,1,0,0,0,0,1,1,1,1,0,0,0,0,1,1,1,1,0,0,0,0,1,1,1,1,0,0,0,0,1,1,1,1,0,0,0,0,1,1,1,1,0,0,0,0,1,1,1,1,0,0,0,0,1,1,1,1,32,0,Unicorn_Absent,-1,-1.0,6,694,1.0,32.0,0.36,32.0,0.30434782608695654,0.5,RIGHT,1.0,0.36,1.0,0,IN,3,2
4058,58292141,50,582909,Absent,28,1,1,1,1,1,1,1,1,1,0,0,0,0,0,0,1,1,0,0,0,0,0,0,1,1,0,0,0,0,0,0,1,1,0,0,0,0,0,0,1,1,0,0,0,0,0,0,1,1,0,0,0,0,0,0,1,1,1,1,1,1,1,1,1,18,14,Unicorn_Absent,-1,-1.0,8,648,0.9125,28.0,0.30434782608695654,46.0,0.30434782608695654,0.5,OUT,1.0,0.36,0.30434782608695654,0,RIGHT,3,2
4060,58292141,51,582909,Absent,28,1,1,1,1,1,1,1,1,1,0,0,0,0,0,0,1,1,0,0,0,0,0,0,1,1,0,0,0,0,0,0,1,1,0,0,0,0,0,0,1,1,0,0,0,0,0,0,1,1,0,0,0,0,0,0,1,1,1,1,1,1,1,1,1,32,0,Unicorn_Absent,-1,-1.0,8,680,1.0,28.0,1.0,28.0,0.625,0.4375,OUT,0.9125,0.30434782608695654,0.30434782608695654,14,OUT,3,2
4066,58292141,54,582909,Absent,32,0,0,0,0,1,1,1,1,0,0,0,0,1,1,1,1,0,0,0,0,1,1,1,1,0,0,0,0,1,1,1,1,0,0,0,0,1,1,1,1,0,0,0,0,1,1,1,1,0,0,0,0,1,1,1,1,0,0,0,0,1,1,1,1,32,0,Unicorn_Absent,-1,-1.0,6,676,1.0,32.0,0.30434782608695654,64.0,0.625,1.0,RIGHT,1.0,1.0,0.625,0,OUT,3,2
4070,58292141,56,582909,Absent,43,0,1,1,1,0,1,0,0,1,1,0,0,1,0,1,1,1,0,0,0,0,1,1,1,0,1,1,0,1,0,0,0,0,0,0,1,1,0,1,0,0,1,1,0,1,1,1,0,1,0,1,1,1,1,1,0,0,1,1,0,0,1,1,0,16,16,Unicorn_Absent,-1,-1.0,0,724,0.9,34.0,0.375,50.0,0.0680272108843537,0.53125,RS,1.0,0.30434782608695654,0.625,0,RIGHT,3,2
4074,58292141,58,582909,Absent,28,1,1,1,1,1,1,1,1,1,0,0,0,0,0,0,1,1,0,0,0,0,0,0,1,1,0,0,0,0,0,0,1,1,0,0,0,0,0,0,1,1,0,0,0,0,0,0,1,1,0,0,0,0,0,0,1,1,1,1,1,1,1,1,1,18,14,Unicorn_Absent,-1,-1.0,8,760,0.9125,28.0,0.2653061224489796,46.0,0.0680272108843537,0.5,OUT,0.9,0.375,0.0680272108843537,16,RS,3,2
3481,62187796,1,77960,Absent,61,1,0,1,1,1,1,0,1,1,0,0,0,1,0,1,1,0,1,0,1,1,0,1,1,1,0,1,1,1,0,1,0,1,1,1,0,0,0,0,1,0,1,1,0,0,1,0,0,0,1,0,0,1,0,1,0,1,1,1,1,1,1,1,1,8,24,Unicorn_Absent,-1,-1.0,9,8,0.85,38.0,1.0,58.0,0.0,0.53125,,,,,,,3,2
3485,62187796,3,77960,Absent,28,1,1,1,1,1,1,1,1,1,0,0,0,0,0,0,1,1,0,0,0,0,0,0,1,1,0,0,0,0,0,0,1,1,0,0,0,0,0,0,1,1,0,0,0,0,0,0,1,1,0,0,0,0,0,0,1,1,1,1,1,1,1,1,1,32,0,Unicorn_Absent,-1,-1.0,8,72,1.0,28.0,0.43478260869565216,64.0,0.0,1.0,OUT,0.85,1.0,0.0,24,,3,2
3487,62187796,4,77960,Absent,28,1,1,1,1,1,1,1,1,1,0,0,0,0,0,0,1,1,0,0,0,0,0,0,1,1,0,0,0,0,0,0,1,1,0,0,0,0,0,0,1,1,0,0,0,0,0,0,1,1,0,0,0,0,0,0,1,1,1,1,1,1,1,1,1,32,0,Unicorn_Absent,-1,-1.0,8,104,1.0,28.0,1.0,28.0,0.04669887278582929,0.4375,OUT,1.0,0.43478260869565216,0.0,0,OUT,3,2
3503,62187796,12,77960,Absent,32,0,0,0,0,1,1,1,1,0,0,0,0,1,1,1,1,0,0,0,0,1,1,1,1,0,0,0,0,1,1,1,1,0,0,0,0,1,1,1,1,0,0,0,0,1,1,1,1,0,0,0,0,1,1,1,1,0,0,0,0,1,1,1,1,32,0,Unicorn_Absent,-1,-1.0,6,58,1.0,32.0,0.30434782608695654,32.0,0.04669887278582929,0.5,RIGHT,1.0,1.0,0.04669887278582929,0,OUT,3,2
3505,62187796,13,77960,Absent,32,0,0,0,0,1,1,1,1,0,0,0,0,1,1,1,1,0,0,0,0,1,1,1,1,0,0,0,0,1,1,1,1,0,0,0,0,1,1,1,1,0,0,0,0,1,1,1,1,0,0,0,0,1,1,1,1,0,0,0,0,1,1,1,1,32,0,Unicorn_Absent,-1,-1.0,6,90,1.0,32.0,1.0,32.0,1.0,0.5,RIGHT,1.0,0.30434782608695654,0.04669887278582929,0,RIGHT,3,2
3513,62187796,17,77960,Absent,36,0,0,0,0,0,0,0,0,0,1,1,1,1,1,1,0,0,1,1,1,1,1,1,0,0,1,1,1,1,1,1,0,0,1,1,1,1,1,1,0,0,1,1,1,1,1,1,0,0,1,1,1,1,1,1,0,0,0,0,0,0,0,0,0,32,0,Unicorn_Absent,-1,-1.0,7,86,1.0,36.0,0.36,36.0,1.0,0.5625,IN,1.0,1.0,1.0,0,RIGHT,3,2
3515,62187796,18,77960,Absent,36,0,0,0,0,0,0,0,0,0,1,1,1,1,1,1,0,0,1,1,1,1,1,1,0,0,1,1,1,1,1,1,0,0,1,1,1,1,1,1,0,0,1,1,1,1,1,1,0,0,1,1,1,1,1,1,0,0,0,0,0,0,0,0,0,32,0,Unicorn_Absent,-1,-1.0,7,118,1.0,36.0,1.0,36.0,0.6956521739130435,0.5625,IN,1.0,0.36,1.0,0,IN,3,2
3519,62187796,20,77960,Absent,36,0,0,0,0,0,0,0,0,0,1,1,1,1,1,1,0,0,1,1,1,1,1,1,0,0,1,1,1,1,1,1,0,0,1,1,1,1,1,1,0,0,1,1,1,1,1,1,0,0,1,1,1,1,1,1,0,0,0,0,0,0,0,0,0,32,0,Unicorn_Absent,-1,-1.0,7,182,1.0,36.0,1.0,36.0,0.6956521739130435,0.5625,IN,1.0,1.0,0.6956521739130435,0,IN,3,2
3521,62187796,21,77960,Absent,36,0,0,0,0,0,0,0,0,0,1,1,1,1,1,1,0,0,1,1,1,1,1,1,0,0,1,1,1,1,1,1,0,0,1,1,1,1,1,1,0,0,1,1,1,1,1,1,0,0,1,1,1,1,1,1,0,0,0,0,0,0,0,0,0,32,0,Unicorn_Absent,-1,-1.0,7,214,1.0,36.0,1.0,36.0,0.0,0.5625,IN,1.0,1.0,0.6956521739130435,0,IN,3,2
3523,62187796,22,77960,Absent,13,0,0,0,0,0,1,0,0,1,1,0,1,0,0,0,0,0,0,0,0,0,0,0,0,0,0,0,0,1,1,1,1,0,0,0,0,1,0,0,0,1,0,0,0,0,0,0,0,0,0,1,0,0,0,0,0,0,0,0,0,1,1,0,0,32,0,Unicorn_Absent,-1,-1.0,9,246,1.0,13.0,0.16666666666666666,13.0,0.0,0.203125,,1.0,1.0,0.0,0,IN,3,2
3527,62187796,24,77960,Absent,0,0,0,0,0,0,0,0,0,0,0,0,0,0,0,0,0,0,0,0,0,0,0,0,0,0,0,0,0,0,0,0,0,0,0,0,0,0,0,0,0,0,0,0,0,0,0,0,0,0,0,0,0,0,0,0,0,0,0,0,0,0,0,0,0,32,0,Unicorn_Absent,-1,-1.0,2,214,1.0,0.0,0.0,36.0,0.64,0.5625,NOTHING,1.0,0.16666666666666666,0.0,0,,3,2
3535,62187796,28,77960,Absent,32,0,0,0,0,1,1,1,1,0,0,0,0,1,1,1,1,0,0,0,0,1,1,1,1,0,0,0,0,1,1,1,1,0,0,0,0,1,1,1,1,0,0,0,0,1,1,1,1,0,0,0,0,1,1,1,1,0,0,0,0,1,1,1,1,32,0,Unicorn_Absent,-1,-1.0,6,238,1.0,32.0,0.0,64.0,0.64,1.0,RIGHT,1.0,0.0,0.64,0,NOTHING,3,2
3537,62187796,29,77960,Absent,32,0,0,0,0,1,1,1,1,0,0,0,0,1,1,1,1,0,0,0,0,1,1,1,1,0,0,0,0,1,1,1,1,0,0,0,0,1,1,1,1,0,0,0,0,1,1,1,1,0,0,0,0,1,1,1,1,0,0,0,0,1,1,1,1,32,0,Unicorn_Absent,-1,-1.0,6,270,1.0,32.0,1.0,64.0,0.0,1.0,RIGHT,1.0,0.0,0.64,0,RIGHT,3,2
3543,62187796,32,77960,Absent,32,0,0,0,0,1,1,1,1,0,0,0,0,1,1,1,1,0,0,0,0,1,1,1,1,0,0,0,0,1,1,1,1,0,0,0,0,1,1,1,1,0,0,0,0,1,1,1,1,0,0,0,0,1,1,1,1,0,0,0,0,1,1,1,1,14,18,Unicorn_Absent,-1,-1.0,6,236,0.8875,32.0,1.0,50.0,0.0,0.5,RIGHT,1.0,1.0,0.0,0,RIGHT,3,2
3545,62187796,33,77960,Absent,32,0,0,0,0,0,0,0,0,0,0,0,0,0,0,0,0,0,0,0,0,0,0,0,0,0,0,0,0,0,0,0,0,1,1,1,1,1,1,1,1,1,1,1,1,1,1,1,1,1,1,1,1,1,1,1,1,1,1,1,1,1,1,1,1,18,14,Unicorn_Absent,-1,-1.0,3,254,0.9125,32.0,0.3333333333333333,46.0,0.0,0.5,DOWN,0.8875,1.0,0.0,18,RIGHT,3,2
3551,62187796,36,77960,Absent,32,0,0,0,0,0,0,0,0,0,0,0,0,0,0,0,0,0,0,0,0,0,0,0,0,0,0,0,0,0,0,0,0,1,1,1,1,1,1,1,1,1,1,1,1,1,1,1,1,1,1,1,1,1,1,1,1,1,1,1,1,1,1,1,1,32,0,Unicorn_Absent,-1,-1.0,3,158,1.0,32.0,1.0,64.0,0.0,1.0,DOWN,0.9125,0.3333333333333333,0.0,14,DOWN,3,2
3563,62187796,42,77960,Absent,36,0,0,0,0,0,0,0,0,0,1,1,1,1,1,1,0,0,1,1,1,1,1,1,0,0,1,1,1,1,1,1,0,0,1,1,1,1,1,1,0,0,1,1,1,1,1,1,0,0,1,1,1,1,1,1,0,0,0,0,0,0,0,0,0,32,0,Unicorn_Absent,-1,-1.0,7,121,1.0,36.0,0.36,64.0,0.0,1.0,IN,1.0,1.0,0.0,0,DOWN,3,2
3565,62187796,43,77960,Absent,36,0,0,0,0,0,0,0,0,0,1,1,1,1,1,1,0,0,1,1,1,1,1,1,0,0,1,1,1,1,1,1,0,0,1,1,1,1,1,1,0,0,1,1,1,1,1,1,0,0,1,1,1,1,1,1,0,0,0,0,0,0,0,0,0,32,0,Unicorn_Absent,-1,-1.0,7,153,1.0,36.0,1.0,64.0,0.0,1.0,IN,1.0,0.36,0.0,0,IN,3,2
3579,62187796,50,77960,Absent,32,0,0,0,0,0,0,0,0,0,0,0,0,0,0,0,0,0,0,0,0,0,0,0,0,0,0,0,0,0,0,0,0,1,1,1,1,1,1,1,1,1,1,1,1,1,1,1,1,1,1,1,1,1,1,1,1,1,1,1,1,1,1,1,1,32,0,Unicorn_Absent,-1,-1.0,3,139,1.0,32.0,0.36,64.0,0.8333333333333334,1.0,DOWN,1.0,1.0,0.0,0,IN,3,2
3583,62187796,52,77960,Absent,0,0,0,0,0,0,0,0,0,0,0,0,0,0,0,0,0,0,0,0,0,0,0,0,0,0,0,0,0,0,0,0,0,0,0,0,0,0,0,0,0,0,0,0,0,0,0,0,0,0,0,0,0,0,0,0,0,0,0,0,0,0,0,0,0,32,0,Unicorn_Absent,-1,-1.0,2,203,1.0,0.0,0.0,32.0,0.8333333333333334,0.5,NOTHING,1.0,0.36,0.8333333333333334,0,DOWN,3,2
3591,62187796,56,77960,Absent,0,0,0,0,0,0,0,0,0,0,0,0,0,0,0,0,0,0,0,0,0,0,0,0,0,0,0,0,0,0,0,0,0,0,0,0,0,0,0,0,0,0,0,0,0,0,0,0,0,0,0,0,0,0,0,0,0,0,0,0,0,0,0,0,0,32,0,Unicorn_Absent,-1,-1.0,2,227,1.0,0.0,1.0,32.0,0.0,0.5,NOTHING,1.0,0.0,0.8333333333333334,0,NOTHING,3,2
3593,62187796,57,77960,Absent,0,0,0,0,0,0,0,0,0,0,0,0,0,0,0,0,0,0,0,0,0,0,0,0,0,0,0,0,0,0,0,0,0,0,0,0,0,0,0,0,0,0,0,0,0,0,0,0,0,0,0,0,0,0,0,0,0,0,0,0,0,0,0,0,0,32,0,Unicorn_Absent,-1,-1.0,2,259,1.0,0.0,1.0,32.0,0.0,0.5,NOTHING,1.0,1.0,0.0,0,NOTHING,3,2
3595,62187796,58,77960,Absent,0,0,0,0,0,0,0,0,0,0,0,0,0,0,0,0,0,0,0,0,0,0,0,0,0,0,0,0,0,0,0,0,0,0,0,0,0,0,0,0,0,0,0,0,0,0,0,0,0,0,0,0,0,0,0,0,0,0,0,0,0,0,0,0,0,32,0,Unicorn_Absent,-1,-1.0,2,291,1.0,0.0,1.0,32.0,0.36,0.5,NOTHING,1.0,1.0,0.0,0,NOTHING,3,2
3480,62187796,1,621853,Absent,61,0,1,1,1,0,1,1,1,1,1,1,1,0,1,0,1,0,1,1,1,1,1,1,1,0,1,1,0,1,0,1,1,0,0,1,1,1,0,1,0,1,1,1,0,0,0,1,1,0,1,1,1,1,1,0,1,1,1,1,0,1,0,0,1,8,24,Unicorn_Absent,-1,-1.0,0,8,0.85,44.0,1.0,58.0,0.36,0.53125,RS,,,,,,3,2
3484,62187796,3,621853,Absent,36,0,0,0,0,0,0,0,0,0,1,1,1,1,1,1,0,0,1,1,1,1,1,1,0,0,1,1,1,1,1,1,0,0,1,1,1,1,1,1,0,0,1,1,1,1,1,1,0,0,1,1,1,1,1,1,0,0,0,0,0,0,0,0,0,32,0,Unicorn_Absent,-1,-1.0,7,72,1.0,36.0,0.48148148148148145,64.0,0.0,1.0,IN,0.85,1.0,0.36,24,RS,3,2
3486,62187796,4,621853,Absent,0,0,0,0,0,0,0,0,0,0,0,0,0,0,0,0,0,0,0,0,0,0,0,0,0,0,0,0,0,0,0,0,0,0,0,0,0,0,0,0,0,0,0,0,0,0,0,0,0,0,0,0,0,0,0,0,0,0,0,0,0,0,0,0,0,32,0,Unicorn_Absent,-1,-1.0,2,104,1.0,0.0,0.0,28.0,0.0,0.4375,NOTHING,1.0,0.48148148148148145,0.0,0,IN,3,2
3502,62187796,12,621853,Absent,0,0,0,0,0,0,0,0,0,0,0,0,0,0,0,0,0,0,0,0,0,0,0,0,0,0,0,0,0,0,0,0,0,0,0,0,0,0,0,0,0,0,0,0,0,0,0,0,0,0,0,0,0,0,0,0,0,0,0,0,0,0,0,0,0,32,0,Unicorn_Absent,-1,-1.0,2,58,1.0,0.0,1.0,32.0,0.64,0.5,NOTHING,1.0,0.0,0.0,0,NOTHING,3,2
3504,62187796,13,621853,Absent,0,0,0,0,0,0,0,0,0,0,0,0,0,0,0,0,0,0,0,0,0,0,0,0,0,0,0,0,0,0,0,0,0,0,0,0,0,0,0,0,0,0,0,0,0,0,0,0,0,0,0,0,0,0,0,0,0,0,0,0,0,0,0,0,0,32,0,Unicorn_Absent,-1,-1.0,2,90,1.0,0.0,1.0,32.0,0.64,0.5,NOTHING,1.0,1.0,0.64,0,NOTHING,3,2
3512,62187796,17,621853,Absent,0,0,0,0,0,0,0,0,0,0,0,0,0,0,0,0,0,0,0,0,0,0,0,0,0,0,0,0,0,0,0,0,0,0,0,0,0,0,0,0,0,0,0,0,0,0,0,0,0,0,0,0,0,0,0,0,0,0,0,0,0,0,0,0,0,32,0,Unicorn_Absent,-1,-1.0,2,86,1.0,0.0,1.0,36.0,0.3333333333333333,0.5625,NOTHING,1.0,1.0,0.64,0,NOTHING,3,2
3514,62187796,18,621853,Absent,0,0,0,0,0,0,0,0,0,0,0,0,0,0,0,0,0,0,0,0,0,0,0,0,0,0,0,0,0,0,0,0,0,0,0,0,0,0,0,0,0,0,0,0,0,0,0,0,0,0,0,0,0,0,0,0,0,0,0,0,0,0,0,0,0,32,0,Unicorn_Absent,-1,-1.0,2,118,1.0,0.0,1.0,36.0,0.3333333333333333,0.5625,NOTHING,1.0,1.0,0.3333333333333333,0,NOTHING,3,2
3518,62187796,20,621853,Absent,0,0,0,0,0,0,0,0,0,0,0,0,0,0,0,0,0,0,0,0,0,0,0,0,0,0,0,0,0,0,0,0,0,0,0,0,0,0,0,0,0,0,0,0,0,0,0,0,0,0,0,0,0,0,0,0,0,0,0,0,0,0,0,0,0,32,0,Unicorn_Absent,-1,-1.0,2,182,1.0,0.0,1.0,36.0,0.6956521739130435,0.5625,NOTHING,1.0,1.0,0.3333333333333333,0,NOTHING,3,2
3520,62187796,21,621853,Absent,0,0,0,0,0,0,0,0,0,0,0,0,0,0,0,0,0,0,0,0,0,0,0,0,0,0,0,0,0,0,0,0,0,0,0,0,0,0,0,0,0,0,0,0,0,0,0,0,0,0,0,0,0,0,0,0,0,0,0,0,0,0,0,0,0,32,0,Unicorn_Absent,-1,-1.0,2,214,1.0,0.0,1.0,36.0,0.6956521739130435,0.5625,NOTHING,1.0,1.0,0.6956521739130435,0,NOTHING,3,2
3522,62187796,22,621853,Absent,0,0,0,0,0,0,0,0,0,0,0,0,0,0,0,0,0,0,0,0,0,0,0,0,0,0,0,0,0,0,0,0,0,0,0,0,0,0,0,0,0,0,0,0,0,0,0,0,0,0,0,0,0,0,0,0,0,0,0,0,0,0,0,0,0,32,0,Unicorn_Absent,-1,-1.0,2,246,1.0,0.0,1.0,13.0,0.055652173913043446,0.203125,NOTHING,1.0,1.0,0.6956521739130435,0,NOTHING,3,2
3526,62187796,24,621853,Absent,36,0,0,0,0,0,0,0,0,0,1,1,1,1,1,1,0,0,1,1,1,1,1,1,0,0,1,1,1,1,1,1,0,0,1,1,1,1,1,1,0,0,1,1,1,1,1,1,0,0,1,1,1,1,1,1,0,0,0,0,0,0,0,0,0,32,0,Unicorn_Absent,-1,-1.0,7,214,1.0,36.0,0.0,36.0,0.055652173913043446,0.5625,IN,1.0,1.0,0.055652173913043446,0,NOTHING,3,2
3534,62187796,28,621853,Absent,32,1,1,1,1,0,0,0,0,1,1,1,1,0,0,0,0,1,1,1,1,0,0,0,0,1,1,1,1,0,0,0,0,1,1,1,1,0,0,0,0,1,1,1,1,0,0,0,0,1,1,1,1,0,0,0,0,1,1,1,1,0,0,0,0,32,0,Unicorn_Absent,-1,-1.0,5,238,1.0,32.0,0.36,64.0,0.0,1.0,LEFT,1.0,0.0,0.055652173913043446,0,IN,3,2
3536,62187796,29,621853,Absent,32,1,1,1,1,0,0,0,0,1,1,1,1,0,0,0,0,1,1,1,1,0,0,0,0,1,1,1,1,0,0,0,0,1,1,1,1,0,0,0,0,1,1,1,1,0,0,0,0,1,1,1,1,0,0,0,0,1,1,1,1,0,0,0,0,32,0,Unicorn_Absent,-1,-1.0,5,270,1.0,32.0,1.0,64.0,0.0,1.0,LEFT,1.0,0.36,0.0,0,LEFT,3,2
3542,62187796,32,621853,Absent,36,0,0,0,0,0,0,0,0,0,1,1,1,1,1,1,0,0,1,1,1,1,1,1,0,0,1,1,1,1,1,1,0,0,1,1,1,1,1,1,0,0,1,1,1,1,1,1,0,0,1,1,1,1,1,1,0,0,0,0,0,0,0,0,0,14,18,Unicorn_Absent,-1,-1.0,7,236,0.8875,36.0,0.36,50.0,0.055652173913043446,0.5,IN,1.0,1.0,0.0,0,LEFT,3,2
3544,62187796,33,621853,Absent,28,1,1,1,1,1,1,1,1,1,0,0,0,0,0,0,1,1,0,0,0,0,0,0,1,1,0,0,0,0,0,0,1,1,0,0,0,0,0,0,1,1,0,0,0,0,0,0,1,1,0,0,0,0,0,0,1,1,1,1,1,1,1,1,1,18,14,Unicorn_Absent,-1,-1.0,8,254,0.9125,28.0,0.0,46.0,0.055652173913043446,0.5,OUT,0.8875,0.36,0.055652173913043446,18,IN,3,2
3550,62187796,36,621853,Absent,32,1,1,1,1,1,1,1,1,1,1,1,1,1,1,1,1,1,1,1,1,1,1,1,1,1,1,1,1,1,1,1,1,0,0,0,0,0,0,0,0,0,0,0,0,0,0,0,0,0,0,0,0,0,0,0,0,0,0,0,0,0,0,0,0,32,0,Unicorn_Absent,-1,-1.0,4,158,1.0,32.0,0.30434782608695654,64.0,1.0,1.0,UP,0.9125,0.0,0.055652173913043446,14,OUT,3,2
3562,62187796,42,621853,Absent,28,1,1,1,1,1,1,1,1,1,0,0,0,0,0,0,1,1,0,0,0,0,0,0,1,1,0,0,0,0,0,0,1,1,0,0,0,0,0,0,1,1,0,0,0,0,0,0,1,1,0,0,0,0,0,0,1,1,1,1,1,1,1,1,1,32,0,Unicorn_Absent,-1,-1.0,8,121,1.0,28.0,0.30434782608695654,64.0,1.0,1.0,OUT,1.0,0.30434782608695654,1.0,0,UP,3,2
3564,62187796,43,621853,Absent,28,1,1,1,1,1,1,1,1,1,0,0,0,0,0,0,1,1,0,0,0,0,0,0,1,1,0,0,0,0,0,0,1,1,0,0,0,0,0,0,1,1,0,0,0,0,0,0,1,1,0,0,0,0,0,0,1,1,1,1,1,1,1,1,1,32,0,Unicorn_Absent,-1,-1.0,8,153,1.0,28.0,1.0,64.0,0.6666666666666667,1.0,OUT,1.0,0.30434782608695654,1.0,0,OUT,3,2
3578,62187796,50,621853,Absent,32,1,1,1,1,1,1,1,1,1,1,1,1,1,1,1,1,1,1,1,1,1,1,1,1,1,1,1,1,1,1,1,1,0,0,0,0,0,0,0,0,0,0,0,0,0,0,0,0,0,0,0,0,0,0,0,0,0,0,0,0,0,0,0,0,32,0,Unicorn_Absent,-1,-1.0,4,139,1.0,32.0,0.30434782608695654,64.0,0.6666666666666667,1.0,UP,1.0,1.0,0.6666666666666667,0,OUT,3,2
3582,62187796,52,621853,Absent,32,1,1,1,1,1,1,1,1,1,1,1,1,1,1,1,1,1,1,1,1,1,1,1,1,1,1,1,1,1,1,1,1,0,0,0,0,0,0,0,0,0,0,0,0,0,0,0,0,0,0,0,0,0,0,0,0,0,0,0,0,0,0,0,0,32,0,Unicorn_Absent,-1,-1.0,4,203,1.0,32.0,1.0,32.0,0.0,0.5,UP,1.0,0.30434782608695654,0.6666666666666667,0,UP,3,2
3590,62187796,56,621853,Absent,32,0,0,0,0,1,1,1,1,0,0,0,0,1,1,1,1,0,0,0,0,1,1,1,1,0,0,0,0,1,1,1,1,0,0,0,0,1,1,1,1,0,0,0,0,1,1,1,1,0,0,0,0,1,1,1,1,0,0,0,0,1,1,1,1,32,0,Unicorn_Absent,-1,-1.0,6,227,1.0,32.0,0.3333333333333333,32.0,0.0,0.5,RIGHT,1.0,1.0,0.0,0,UP,3,2
3592,62187796,57,621853,Absent,32,0,0,0,0,1,1,1,1,0,0,0,0,1,1,1,1,0,0,0,0,1,1,1,1,0,0,0,0,1,1,1,1,0,0,0,0,1,1,1,1,0,0,0,0,1,1,1,1,0,0,0,0,1,1,1,1,0,0,0,0,1,1,1,1,32,0,Unicorn_Absent,-1,-1.0,6,259,1.0,32.0,1.0,32.0,1.0,0.5,RIGHT,1.0,0.3333333333333333,0.0,0,RIGHT,3,2
3594,62187796,58,621853,Absent,32,1,1,1,1,0,0,0,0,1,1,1,1,0,0,0,0,1,1,1,1,0,0,0,0,1,1,1,1,0,0,0,0,1,1,1,1,0,0,0,0,1,1,1,1,0,0,0,0,1,1,1,1,0,0,0,0,1,1,1,1,0,0,0,0,32,0,Unicorn_Absent,-1,-1.0,5,291,1.0,32.0,0.0,32.0,1.0,0.5,LEFT,1.0,1.0,1.0,0,RIGHT,3,2
364,62377781,3,623756,Absent,0,0,0,0,0,0,0,0,0,0,0,0,0,0,0,0,0,0,0,0,0,0,0,0,0,0,0,0,0,0,0,0,0,0,0,0,0,0,0,0,0,0,0,0,0,0,0,0,0,0,0,0,0,0,0,0,0,0,0,0,0,0,0,0,0,32,0,Unicorn_Absent,-1,-1.0,2,79,1.0,0.0,1.0,28.0,0.0,0.4375,NOTHING,,,,,,3,2
372,62377781,7,623756,Absent,32,1,1,1,1,1,1,1,1,1,1,1,1,1,1,1,1,1,1,1,1,1,1,1,1,1,1,1,1,1,1,1,1,0,0,0,0,0,0,0,0,0,0,0,0,0,0,0,0,0,0,0,0,0,0,0,0,0,0,0,0,0,0,0,0,0,32,Unicorn_Absent,-1,-1.0,4,-35,0.8,32.0,0.0,32.0,0.0,0.0,UP,1.0,1.0,0.0,0,NOTHING,3,2
374,62377781,8,623756,Absent,32,1,1,1,1,0,0,0,0,1,1,1,1,0,0,0,0,1,1,1,1,0,0,0,0,1,1,1,1,0,0,0,0,1,1,1,1,0,0,0,0,1,1,1,1,0,0,0,0,1,1,1,1,0,0,0,0,1,1,1,1,0,0,0,0,16,16,Unicorn_Absent,-1,-1.0,5,-19,0.9,32.0,0.3333333333333333,48.0,0.30434782608695654,0.5,LEFT,0.8,0.0,0.0,32,UP,3,2
380,62377781,11,623756,Absent,32,1,1,1,1,0,0,0,0,1,1,1,1,0,0,0,0,1,1,1,1,0,0,0,0,1,1,1,1,0,0,0,0,1,1,1,1,0,0,0,0,1,1,1,1,0,0,0,0,1,1,1,1,0,0,0,0,1,1,1,1,0,0,0,0,18,14,Unicorn_Absent,-1,-1.0,5,-82,0.9125,32.0,1.0,46.0,0.30434782608695654,0.5,LEFT,0.9,0.3333333333333333,0.30434782608695654,16,LEFT,3,2
382,62377781,12,623756,Absent,32,0,0,0,0,0,0,0,0,0,0,0,0,0,0,0,0,0,0,0,0,0,0,0,0,0,0,0,0,0,0,0,0,1,1,1,1,1,1,1,1,1,1,1,1,1,1,1,1,1,1,1,1,1,1,1,1,1,1,1,1,1,1,1,1,16,16,Unicorn_Absent,-1,-1.0,3,-66,0.9,32.0,0.3333333333333333,48.0,0.3333333333333333,0.5,DOWN,0.9125,1.0,0.30434782608695654,14,LEFT,3,2
384,62377781,13,623756,Absent,32,1,1,1,1,0,0,0,0,1,1,1,1,0,0,0,0,1,1,1,1,0,0,0,0,1,1,1,1,0,0,0,0,1,1,1,1,0,0,0,0,1,1,1,1,0,0,0,0,1,1,1,1,0,0,0,0,1,1,1,1,0,0,0,0,0,32,Unicorn_Absent,-1,-1.0,5,-66,0.8,32.0,0.3333333333333333,32.0,0.3333333333333333,0.0,LEFT,0.9,0.3333333333333333,0.3333333333333333,16,DOWN,3,2
394,62377781,18,623756,Absent,36,0,0,0,0,0,0,0,0,0,1,1,1,1,1,1,0,0,1,1,1,1,1,1,0,0,1,1,1,1,1,1,0,0,1,1,1,1,1,1,0,0,1,1,1,1,1,1,0,0,1,1,1,1,1,1,0,0,0,0,0,0,0,0,0,32,0,Unicorn_Absent,-1,-1.0,7,94,1.0,36.0,0.36,64.0,0.6956521739130435,1.0,IN,0.8,0.3333333333333333,0.3333333333333333,32,LEFT,3,2
396,62377781,19,623756,Absent,36,0,0,0,0,0,0,0,0,0,1,1,1,1,1,1,0,0,1,1,1,1,1,1,0,0,1,1,1,1,1,1,0,0,1,1,1,1,1,1,0,0,1,1,1,1,1,1,0,0,1,1,1,1,1,1,0,0,0,0,0,0,0,0,0,32,0,Unicorn_Absent,-1,-1.0,7,126,1.0,36.0,1.0,64.0,0.6956521739130435,1.0,IN,1.0,0.36,0.6956521739130435,0,IN,3,2
398,62377781,20,623756,Absent,36,0,0,0,0,0,0,0,0,0,1,1,1,1,1,1,0,0,1,1,1,1,1,1,0,0,1,1,1,1,1,1,0,0,1,1,1,1,1,1,0,0,1,1,1,1,1,1,0,0,1,1,1,1,1,1,0,0,0,0,0,0,0,0,0,32,0,Unicorn_Absent,-1,-1.0,7,158,1.0,36.0,1.0,64.0,0.028985507246376774,1.0,IN,1.0,1.0,0.6956521739130435,0,IN,3,2
400,62377781,21,623756,Absent,36,0,0,0,0,0,0,0,0,0,1,1,1,1,1,1,0,0,1,1,1,1,1,1,0,0,1,1,1,1,1,1,0,0,1,1,1,1,1,1,0,0,1,1,1,1,1,1,0,0,1,1,1,1,1,1,0,0,0,0,0,0,0,0,0,32,0,Unicorn_Absent,-1,-1.0,7,190,1.0,36.0,1.0,64.0,0.028985507246376774,1.0,IN,1.0,1.0,0.028985507246376774,0,IN,3,2
404,62377781,23,623756,Absent,36,0,0,0,0,0,0,0,0,0,1,1,1,1,1,1,0,0,1,1,1,1,1,1,0,0,1,1,1,1,1,1,0,0,1,1,1,1,1,1,0,0,1,1,1,1,1,1,0,0,1,1,1,1,1,1,0,0,0,0,0,0,0,0,0,32,0,Unicorn_Absent,-1,-1.0,7,254,1.0,36.0,1.0,64.0,0.6666666666666667,1.0,IN,1.0,1.0,0.028985507246376774,0,IN,3,2
406,62377781,24,623756,Absent,36,0,0,0,0,0,0,0,0,0,1,1,1,1,1,1,0,0,1,1,1,1,1,1,0,0,1,1,1,1,1,1,0,0,1,1,1,1,1,1,0,0,1,1,1,1,1,1,0,0,1,1,1,1,1,1,0,0,0,0,0,0,0,0,0,32,0,Unicorn_Absent,-1,-1.0,7,286,1.0,36.0,1.0,64.0,0.6666666666666667,1.0,IN,1.0,1.0,0.6666666666666667,0,IN,3,2
410,62377781,26,623756,Absent,36,0,0,0,0,0,0,0,0,0,1,1,1,1,1,1,0,0,1,1,1,1,1,1,0,0,1,1,1,1,1,1,0,0,1,1,1,1,1,1,0,0,1,1,1,1,1,1,0,0,1,1,1,1,1,1,0,0,0,0,0,0,0,0,0,32,0,Unicorn_Absent,-1,-1.0,7,350,1.0,36.0,1.0,64.0,0.055652173913043446,1.0,IN,1.0,1.0,0.6666666666666667,0,IN,3,2
412,62377781,27,623756,Absent,36,0,0,0,0,0,0,0,0,0,1,1,1,1,1,1,0,0,1,1,1,1,1,1,0,0,1,1,1,1,1,1,0,0,1,1,1,1,1,1,0,0,1,1,1,1,1,1,0,0,1,1,1,1,1,1,0,0,0,0,0,0,0,0,0,14,18,Unicorn_Absent,-1,-1.0,7,364,0.8875,36.0,1.0,50.0,0.055652173913043446,0.5,IN,1.0,1.0,0.055652173913043446,0,IN,3,2
416,62377781,29,623756,Absent,32,0,0,0,0,0,0,0,0,0,0,0,0,0,0,0,0,0,0,0,0,0,0,0,0,0,0,0,0,0,0,0,0,1,1,1,1,1,1,1,1,1,1,1,1,1,1,1,1,1,1,1,1,1,1,1,1,1,1,1,1,1,1,1,1,0,32,Unicorn_Absent,-1,-1.0,3,390,0.8,32.0,0.36,64.0,0.0,0.5,DOWN,0.8875,1.0,0.055652173913043446,18,IN,3,2
422,62377781,32,623756,Absent,32,0,0,0,0,0,0,0,0,0,0,0,0,0,0,0,0,0,0,0,0,0,0,0,0,0,0,0,0,0,0,0,0,1,1,1,1,1,1,1,1,1,1,1,1,1,1,1,1,1,1,1,1,1,1,1,1,1,1,1,1,1,1,1,1,0,32,Unicorn_Absent,-1,-1.0,3,344,0.8,32.0,1.0,32.0,0.0,0.0,DOWN,0.8,0.36,0.0,32,DOWN,3,2
428,62377781,35,623756,Absent,32,0,0,0,0,1,1,1,1,0,0,0,0,1,1,1,1,0,0,0,0,1,1,1,1,0,0,0,0,1,1,1,1,0,0,0,0,1,1,1,1,0,0,0,0,1,1,1,1,0,0,0,0,1,1,1,1,0,0,0,0,1,1,1,1,32,0,Unicorn_Absent,-1,-1.0,6,434,1.0,32.0,0.3333333333333333,64.0,0.0,1.0,RIGHT,0.8,1.0,0.0,32,DOWN,3,2
432,62377781,37,623756,Absent,36,0,0,0,0,0,0,0,0,0,1,1,1,1,1,1,0,0,1,1,1,1,1,1,0,0,1,1,1,1,1,1,0,0,1,1,1,1,1,1,0,0,1,1,1,1,1,1,0,0,1,1,1,1,1,1,0,0,0,0,0,0,0,0,0,14,18,Unicorn_Absent,-1,-1.0,7,472,0.8875,36.0,0.36,50.0,0.0,0.5,IN,1.0,0.3333333333333333,0.0,0,RIGHT,3,2
434,62377781,38,623756,Absent,36,0,0,0,0,0,0,0,0,0,1,1,1,1,1,1,0,0,1,1,1,1,1,1,0,0,1,1,1,1,1,1,0,0,1,1,1,1,1,1,0,0,1,1,1,1,1,1,0,0,1,1,1,1,1,1,0,0,0,0,0,0,0,0,0,14,18,Unicorn_Absent,-1,-1.0,7,486,0.8875,36.0,1.0,50.0,0.0,0.5,IN,0.8875,0.36,0.0,18,IN,3,2
450,62377781,46,623756,Absent,32,1,1,1,1,0,0,0,0,1,1,1,1,0,0,0,0,1,1,1,1,0,0,0,0,1,1,1,1,0,0,0,0,1,1,1,1,0,0,0,0,1,1,1,1,0,0,0,0,1,1,1,1,0,0,0,0,1,1,1,1,0,0,0,0,14,18,Unicorn_Absent,-1,-1.0,5,284,0.8875,32.0,0.36,50.0,0.0,0.5,LEFT,0.8875,1.0,0.0,18,IN,3,2
456,62377781,49,623756,Absent,0,0,0,0,0,0,0,0,0,0,0,0,0,0,0,0,0,0,0,0,0,0,0,0,0,0,0,0,0,0,0,0,0,0,0,0,0,0,0,0,0,0,0,0,0,0,0,0,0,0,0,0,0,0,0,0,0,0,0,0,0,0,0,0,0,32,0,Unicorn_Absent,-1,-1.0,2,380,1.0,0.0,0.0,32.0,0.0,0.5,NOTHING,0.8875,0.36,0.0,18,LEFT,3,2
458,62377781,50,623756,Absent,0,0,0,0,0,0,0,0,0,0,0,0,0,0,0,0,0,0,0,0,0,0,0,0,0,0,0,0,0,0,0,0,0,0,0,0,0,0,0,0,0,0,0,0,0,0,0,0,0,0,0,0,0,0,0,0,0,0,0,0,0,0,0,0,0,32,0,Unicorn_Absent,-1,-1.0,2,412,1.0,0.0,1.0,32.0,0.0,0.5,NOTHING,1.0,0.0,0.0,0,NOTHING,3,2
460,62377781,51,623756,Absent,0,0,0,0,0,0,0,0,0,0,0,0,0,0,0,0,0,0,0,0,0,0,0,0,0,0,0,0,0,0,0,0,0,0,0,0,0,0,0,0,0,0,0,0,0,0,0,0,0,0,0,0,0,0,0,0,0,0,0,0,0,0,0,0,0,32,0,Unicorn_Absent,-1,-1.0,2,444,1.0,0.0,1.0,32.0,0.0,0.5,NOTHING,1.0,1.0,0.0,0,NOTHING,3,2
466,62377781,54,623756,Absent,32,0,0,0,0,1,1,1,1,0,0,0,0,1,1,1,1,0,0,0,0,1,1,1,1,0,0,0,0,1,1,1,1,0,0,0,0,1,1,1,1,0,0,0,0,1,1,1,1,0,0,0,0,1,1,1,1,0,0,0,0,1,1,1,1,16,16,Unicorn_Absent,-1,-1.0,6,428,0.9,32.0,0.0,48.0,0.0,0.5,RIGHT,1.0,1.0,0.0,0,NOTHING,3,2
468,62377781,55,623756,Absent,36,0,0,0,0,0,0,0,0,0,1,1,1,1,1,1,0,0,1,1,1,1,1,1,0,0,1,1,1,1,1,1,0,0,1,1,1,1,1,1,0,0,1,1,1,1,1,1,0,0,1,1,1,1,1,1,0,0,0,0,0,0,0,0,0,14,18,Unicorn_Absent,-1,-1.0,7,442,0.8875,36.0,0.36,50.0,0.0,0.5,IN,0.9,0.0,0.0,16,RIGHT,3,2
470,62377781,56,623756,Absent,32,1,1,1,1,1,1,1,1,1,1,1,1,1,1,1,1,1,1,1,1,1,1,1,1,1,1,1,1,1,1,1,1,0,0,0,0,0,0,0,0,0,0,0,0,0,0,0,0,0,0,0,0,0,0,0,0,0,0,0,0,0,0,0,0,16,16,Unicorn_Absent,-1,-1.0,4,458,0.9,32.0,0.36,48.0,0.0,0.5,UP,0.8875,0.36,0.0,18,IN,3,2
472,62377781,57,623756,Absent,32,1,1,1,1,1,1,1,1,1,1,1,1,1,1,1,1,1,1,1,1,1,1,1,1,1,1,1,1,1,1,1,1,0,0,0,0,0,0,0,0,0,0,0,0,0,0,0,0,0,0,0,0,0,0,0,0,0,0,0,0,0,0,0,0,0,32,Unicorn_Absent,-1,-1.0,4,458,0.8,32.0,1.0,32.0,0.6956521739130435,0.0,UP,0.9,0.36,0.0,16,UP,3,2
474,62377781,58,623756,Absent,36,0,0,0,0,0,0,0,0,0,1,1,1,1,1,1,0,0,1,1,1,1,1,1,0,0,1,1,1,1,1,1,0,0,1,1,1,1,1,1,0,0,1,1,1,1,1,1,0,0,1,1,1,1,1,1,0,0,0,0,0,0,0,0,0,14,18,Unicorn_Absent,-1,-1.0,7,472,0.8875,36.0,0.36,50.0,0.6956521739130435,0.5,IN,0.8,1.0,0.6956521739130435,32,UP,3,2
478,62377781,60,623756,Absent,32,0,0,0,0,1,1,1,1,0,0,0,0,1,1,1,1,0,0,0,0,1,1,1,1,0,0,0,0,1,1,1,1,0,0,0,0,1,1,1,1,0,0,0,0,1,1,1,1,0,0,0,0,1,1,1,1,0,0,0,0,1,1,1,1,32,0,Unicorn_Absent,-1,-1.0,6,536,1.0,32.0,0.36,64.0,0.14,1.0,RIGHT,0.8875,0.36,0.6956521739130435,18,IN,3,2
365,62377781,3,778159,Absent,28,1,1,1,1,1,1,1,1,1,0,0,0,0,0,0,1,1,0,0,0,0,0,0,1,1,0,0,0,0,0,0,1,1,0,0,0,0,0,0,1,1,0,0,0,0,0,0,1,1,0,0,0,0,0,0,1,1,1,1,1,1,1,1,1,32,0,Unicorn_Absent,-1,-1.0,8,79,1.0,28.0,1.0,28.0,0.14,0.4375,OUT,,,,,,3,2
373,62377781,7,778159,Absent,32,1,1,1,1,1,1,1,1,1,1,1,1,1,1,1,1,1,1,1,1,1,1,1,1,1,1,1,1,1,1,1,1,0,0,0,0,0,0,0,0,0,0,0,0,0,0,0,0,0,0,0,0,0,0,0,0,0,0,0,0,0,0,0,0,0,32,Unicorn_Absent,-1,-1.0,4,-35,0.8,32.0,0.30434782608695654,32.0,0.5,0.0,UP,1.0,1.0,0.14,0,OUT,3,2
375,62377781,8,778159,Absent,32,0,0,0,0,0,0,0,0,0,0,0,0,0,0,0,0,0,0,0,0,0,0,0,0,0,0,0,0,0,0,0,0,1,1,1,1,1,1,1,1,1,1,1,1,1,1,1,1,1,1,1,1,1,1,1,1,1,1,1,1,1,1,1,1,16,16,Unicorn_Absent,-1,-1.0,3,-19,0.9,32.0,0.0,48.0,0.5,0.5,DOWN,0.8,0.30434782608695654,0.5,32,UP,3,2
381,62377781,11,778159,Absent,28,1,1,1,1,1,1,1,1,1,0,0,0,0,0,0,1,1,0,0,0,0,0,0,1,1,0,0,0,0,0,0,1,1,0,0,0,0,0,0,1,1,0,0,0,0,0,0,1,1,0,0,0,0,0,0,1,1,1,1,1,1,1,1,1,18,14,Unicorn_Absent,-1,-1.0,8,-82,0.9125,28.0,0.30434782608695654,46.0,0.0,0.5,OUT,0.9,0.0,0.5,16,DOWN,3,2
383,62377781,12,778159,Absent,32,1,1,1,1,0,0,0,0,1,1,1,1,0,0,0,0,1,1,1,1,0,0,0,0,1,1,1,1,0,0,0,0,1,1,1,1,0,0,0,0,1,1,1,1,0,0,0,0,1,1,1,1,0,0,0,0,1,1,1,1,0,0,0,0,16,16,Unicorn_Absent,-1,-1.0,5,-66,0.9,32.0,0.30434782608695654,48.0,0.0,0.5,LEFT,0.9125,0.30434782608695654,0.0,14,OUT,3,2
385,62377781,13,778159,Absent,32,1,1,1,1,0,0,0,0,1,1,1,1,0,0,0,0,1,1,1,1,0,0,0,0,1,1,1,1,0,0,0,0,1,1,1,1,0,0,0,0,1,1,1,1,0,0,0,0,1,1,1,1,0,0,0,0,1,1,1,1,0,0,0,0,0,32,Unicorn_Absent,-1,-1.0,5,-66,0.8,32.0,1.0,32.0,0.36,0.0,LEFT,0.9,0.30434782608695654,0.0,16,LEFT,3,2
395,62377781,18,778159,Absent,28,1,1,1,1,1,1,1,1,1,0,0,0,0,0,0,1,1,0,0,0,0,0,0,1,1,0,0,0,0,0,0,1,1,0,0,0,0,0,0,1,1,0,0,0,0,0,0,1,1,0,0,0,0,0,0,1,1,1,1,1,1,1,1,1,32,0,Unicorn_Absent,-1,-1.0,8,94,1.0,28.0,0.30434782608695654,64.0,0.36,1.0,OUT,0.8,1.0,0.36,32,LEFT,3,2
397,62377781,19,778159,Absent,28,1,1,1,1,1,1,1,1,1,0,0,0,0,0,0,1,1,0,0,0,0,0,0,1,1,0,0,0,0,0,0,1,1,0,0,0,0,0,0,1,1,0,0,0,0,0,0,1,1,0,0,0,0,0,0,1,1,1,1,1,1,1,1,1,32,0,Unicorn_Absent,-1,-1.0,8,126,1.0,28.0,1.0,64.0,0.0,1.0,OUT,1.0,0.30434782608695654,0.36,0,OUT,3,2
399,62377781,20,778159,Absent,28,1,1,1,1,1,1,1,1,1,0,0,0,0,0,0,1,1,0,0,0,0,0,0,1,1,0,0,0,0,0,0,1,1,0,0,0,0,0,0,1,1,0,0,0,0,0,0,1,1,0,0,0,0,0,0,1,1,1,1,1,1,1,1,1,32,0,Unicorn_Absent,-1,-1.0,8,158,1.0,28.0,1.0,64.0,0.0,1.0,OUT,1.0,1.0,0.0,0,OUT,3,2
401,62377781,21,778159,Absent,28,1,1,1,1,1,1,1,1,1,0,0,0,0,0,0,1,1,0,0,0,0,0,0,1,1,0,0,0,0,0,0,1,1,0,0,0,0,0,0,1,1,0,0,0,0,0,0,1,1,0,0,0,0,0,0,1,1,1,1,1,1,1,1,1,32,0,Unicorn_Absent,-1,-1.0,8,190,1.0,28.0,1.0,64.0,0.0,1.0,OUT,1.0,1.0,0.0,0,OUT,3,2
405,62377781,23,778159,Absent,28,1,1,1,1,1,1,1,1,1,0,0,0,0,0,0,1,1,0,0,0,0,0,0,1,1,0,0,0,0,0,0,1,1,0,0,0,0,0,0,1,1,0,0,0,0,0,0,1,1,0,0,0,0,0,0,1,1,1,1,1,1,1,1,1,32,0,Unicorn_Absent,-1,-1.0,8,254,1.0,28.0,1.0,64.0,0.0,1.0,OUT,1.0,1.0,0.0,0,OUT,3,2
407,62377781,24,778159,Absent,28,1,1,1,1,1,1,1,1,1,0,0,0,0,0,0,1,1,0,0,0,0,0,0,1,1,0,0,0,0,0,0,1,1,0,0,0,0,0,0,1,1,0,0,0,0,0,0,1,1,0,0,0,0,0,0,1,1,1,1,1,1,1,1,1,32,0,Unicorn_Absent,-1,-1.0,8,286,1.0,28.0,1.0,64.0,0.36,1.0,OUT,1.0,1.0,0.0,0,OUT,3,2
411,62377781,26,778159,Absent,28,1,1,1,1,1,1,1,1,1,0,0,0,0,0,0,1,1,0,0,0,0,0,0,1,1,0,0,0,0,0,0,1,1,0,0,0,0,0,0,1,1,0,0,0,0,0,0,1,1,0,0,0,0,0,0,1,1,1,1,1,1,1,1,1,32,0,Unicorn_Absent,-1,-1.0,8,350,1.0,28.0,1.0,64.0,0.36,1.0,OUT,1.0,1.0,0.36,0,OUT,3,2
413,62377781,27,778159,Absent,32,1,1,1,1,0,0,0,0,1,1,1,1,0,0,0,0,1,1,1,1,0,0,0,0,1,1,1,1,0,0,0,0,1,1,1,1,0,0,0,0,1,1,1,1,0,0,0,0,1,1,1,1,0,0,0,0,1,1,1,1,0,0,0,0,14,18,Unicorn_Absent,-1,-1.0,5,364,0.8875,32.0,0.30434782608695654,50.0,0.6666666666666667,0.5,LEFT,1.0,1.0,0.36,0,OUT,3,2
417,62377781,29,778159,Absent,64,1,1,1,1,1,1,1,1,1,1,1,1,1,1,1,1,1,1,1,1,1,1,1,1,1,1,1,1,1,1,1,1,1,1,1,1,1,1,1,1,1,1,1,1,1,1,1,1,1,1,1,1,1,1,1,1,1,1,1,1,1,1,1,1,0,32,Unicorn_Absent,-1,-1.0,1,390,0.8,64.0,0.5,64.0,0.6666666666666667,0.5,ALL,0.8875,0.30434782608695654,0.6666666666666667,18,LEFT,3,2
423,62377781,32,778159,Absent,32,0,0,0,0,0,0,0,0,0,0,0,0,0,0,0,0,0,0,0,0,0,0,0,0,0,0,0,0,0,0,0,0,1,1,1,1,1,1,1,1,1,1,1,1,1,1,1,1,1,1,1,1,1,1,1,1,1,1,1,1,1,1,1,1,0,32,Unicorn_Absent,-1,-1.0,3,344,0.8,32.0,0.5,32.0,0.0,0.0,DOWN,0.8,0.5,0.6666666666666667,32,ALL,3,2
429,62377781,35,778159,Absent,32,1,1,1,1,0,0,0,0,1,1,1,1,0,0,0,0,1,1,1,1,0,0,0,0,1,1,1,1,0,0,0,0,1,1,1,1,0,0,0,0,1,1,1,1,0,0,0,0,1,1,1,1,0,0,0,0,1,1,1,1,0,0,0,0,32,0,Unicorn_Absent,-1,-1.0,5,434,1.0,32.0,0.3333333333333333,64.0,0.0,1.0,LEFT,0.8,0.5,0.0,32,DOWN,3,2
433,62377781,37,778159,Absent,32,0,0,0,0,1,1,1,1,0,0,0,0,1,1,1,1,0,0,0,0,1,1,1,1,0,0,0,0,1,1,1,1,0,0,0,0,1,1,1,1,0,0,0,0,1,1,1,1,0,0,0,0,1,1,1,1,0,0,0,0,1,1,1,1,14,18,Unicorn_Absent,-1,-1.0,6,472,0.8875,32.0,0.0,50.0,0.3333333333333333,0.5,RIGHT,1.0,0.3333333333333333,0.0,0,LEFT,3,2
435,62377781,38,778159,Absent,32,0,0,0,0,1,1,1,1,0,0,0,0,1,1,1,1,0,0,0,0,1,1,1,1,0,0,0,0,1,1,1,1,0,0,0,0,1,1,1,1,0,0,0,0,1,1,1,1,0,0,0,0,1,1,1,1,0,0,0,0,1,1,1,1,14,18,Unicorn_Absent,-1,-1.0,6,486,0.8875,32.0,1.0,50.0,0.3333333333333333,0.5,RIGHT,0.8875,0.0,0.3333333333333333,18,RIGHT,3,2
451,62377781,46,778159,Absent,36,0,0,0,0,0,0,0,0,0,1,1,1,1,1,1,0,0,1,1,1,1,1,1,0,0,1,1,1,1,1,1,0,0,1,1,1,1,1,1,0,0,1,1,1,1,1,1,0,0,1,1,1,1,1,1,0,0,0,0,0,0,0,0,0,14,18,Unicorn_Absent,-1,-1.0,7,284,0.8875,36.0,0.36,50.0,0.026666666666666672,0.5,IN,0.8875,1.0,0.3333333333333333,18,RIGHT,3,2
457,62377781,49,778159,Absent,32,0,0,0,0,0,0,0,0,0,0,0,0,0,0,0,0,0,0,0,0,0,0,0,0,0,0,0,0,0,0,0,0,1,1,1,1,1,1,1,1,1,1,1,1,1,1,1,1,1,1,1,1,1,1,1,1,1,1,1,1,1,1,1,1,32,0,Unicorn_Absent,-1,-1.0,3,380,1.0,32.0,0.36,32.0,0.026666666666666672,0.5,DOWN,0.8875,0.36,0.026666666666666672,18,IN,3,2
459,62377781,50,778159,Absent,32,1,1,1,1,0,0,0,0,1,1,1,1,0,0,0,0,1,1,1,1,0,0,0,0,1,1,1,1,0,0,0,0,1,1,1,1,0,0,0,0,1,1,1,1,0,0,0,0,1,1,1,1,0,0,0,0,1,1,1,1,0,0,0,0,32,0,Unicorn_Absent,-1,-1.0,5,412,1.0,32.0,0.3333333333333333,32.0,0.36,0.5,LEFT,1.0,0.36,0.026666666666666672,0,DOWN,3,2
461,62377781,51,778159,Absent,32,1,1,1,1,0,0,0,0,1,1,1,1,0,0,0,0,1,1,1,1,0,0,0,0,1,1,1,1,0,0,0,0,1,1,1,1,0,0,0,0,1,1,1,1,0,0,0,0,1,1,1,1,0,0,0,0,1,1,1,1,0,0,0,0,32,0,Unicorn_Absent,-1,-1.0,5,444,1.0,32.0,1.0,32.0,0.36,0.5,LEFT,1.0,0.3333333333333333,0.36,0,LEFT,3,2
467,62377781,54,778159,Absent,32,0,0,0,0,0,0,0,0,0,0,0,0,0,0,0,0,0,0,0,0,0,0,0,0,0,0,0,0,0,0,0,0,1,1,1,1,1,1,1,1,1,1,1,1,1,1,1,1,1,1,1,1,1,1,1,1,1,1,1,1,1,1,1,1,16,16,Unicorn_Absent,-1,-1.0,3,428,0.9,32.0,0.3333333333333333,48.0,0.6666666666666667,0.5,DOWN,1.0,1.0,0.36,0,LEFT,3,2
469,62377781,55,778159,Absent,32,1,1,1,1,0,0,0,0,1,1,1,1,0,0,0,0,1,1,1,1,0,0,0,0,1,1,1,1,0,0,0,0,1,1,1,1,0,0,0,0,1,1,1,1,0,0,0,0,1,1,1,1,0,0,0,0,1,1,1,1,0,0,0,0,14,18,Unicorn_Absent,-1,-1.0,5,442,0.8875,32.0,0.3333333333333333,50.0,0.6666666666666667,0.5,LEFT,0.9,0.3333333333333333,0.6666666666666667,16,DOWN,3,2
471,62377781,56,778159,Absent,32,0,0,0,0,1,1,1,1,0,0,0,0,1,1,1,1,0,0,0,0,1,1,1,1,0,0,0,0,1,1,1,1,0,0,0,0,1,1,1,1,0,0,0,0,1,1,1,1,0,0,0,0,1,1,1,1,0,0,0,0,1,1,1,1,16,16,Unicorn_Absent,-1,-1.0,6,458,0.9,32.0,0.0,48.0,0.36,0.5,RIGHT,0.8875,0.3333333333333333,0.6666666666666667,18,LEFT,3,2
473,62377781,57,778159,Absent,32,1,1,1,1,1,1,1,1,1,1,1,1,1,1,1,1,1,1,1,1,1,1,1,1,1,1,1,1,1,1,1,1,0,0,0,0,0,0,0,0,0,0,0,0,0,0,0,0,0,0,0,0,0,0,0,0,0,0,0,0,0,0,0,0,0,32,Unicorn_Absent,-1,-1.0,4,458,0.8,32.0,0.3333333333333333,32.0,0.36,0.0,UP,0.9,0.0,0.36,16,RIGHT,3,2
475,62377781,58,778159,Absent,32,0,0,0,0,0,0,0,0,0,0,0,0,0,0,0,0,0,0,0,0,0,0,0,0,0,0,0,0,0,0,0,0,1,1,1,1,1,1,1,1,1,1,1,1,1,1,1,1,1,1,1,1,1,1,1,1,1,1,1,1,1,1,1,1,14,18,Unicorn_Absent,-1,-1.0,3,472,0.8875,32.0,0.0,50.0,0.026666666666666672,0.5,DOWN,0.8,0.3333333333333333,0.36,32,UP,3,2
479,62377781,60,778159,Absent,32,1,1,1,1,0,0,0,0,1,1,1,1,0,0,0,0,1,1,1,1,0,0,0,0,1,1,1,1,0,0,0,0,1,1,1,1,0,0,0,0,1,1,1,1,0,0,0,0,1,1,1,1,0,0,0,0,1,1,1,1,0,0,0,0,32,0,Unicorn_Absent,-1,-1.0,5,536,1.0,32.0,0.3333333333333333,64.0,0.026666666666666672,1.0,LEFT,0.8875,0.0,0.026666666666666672,18,DOWN,3,2
5288,65089357,5,650811,Absent,36,0,0,0,0,0,0,0,0,0,1,1,1,1,1,1,0,0,1,1,1,1,1,1,0,0,1,1,1,1,1,1,0,0,1,1,1,1,1,1,0,0,1,1,1,1,1,1,0,0,1,1,1,1,1,1,0,0,0,0,0,0,0,0,0,32,0,Unicorn_Absent,-1,-1.0,7,-50,1.0,36.0,1.0,64.0,0.0,1.0,IN,,,,,,3,2
5290,65089357,6,650811,Absent,36,0,0,0,0,0,0,0,0,0,1,1,1,1,1,1,0,0,1,1,1,1,1,1,0,0,1,1,1,1,1,1,0,0,1,1,1,1,1,1,0,0,1,1,1,1,1,1,0,0,1,1,1,1,1,1,0,0,0,0,0,0,0,0,0,32,0,Unicorn_Absent,-1,-1.0,7,-18,1.0,36.0,1.0,64.0,0.0,1.0,IN,1.0,1.0,0.0,0,IN,3,2
5294,65089357,8,650811,Absent,36,0,0,0,0,0,0,0,0,0,1,1,1,1,1,1,0,0,1,1,1,1,1,1,0,0,1,1,1,1,1,1,0,0,1,1,1,1,1,1,0,0,1,1,1,1,1,1,0,0,1,1,1,1,1,1,0,0,0,0,0,0,0,0,0,32,0,Unicorn_Absent,-1,-1.0,7,46,1.0,36.0,1.0,64.0,0.0,1.0,IN,1.0,1.0,0.0,0,IN,3,2
5298,65089357,10,650811,Absent,36,0,0,0,0,0,0,0,0,0,1,1,1,1,1,1,0,0,1,1,1,1,1,1,0,0,1,1,1,1,1,1,0,0,1,1,1,1,1,1,0,0,1,1,1,1,1,1,0,0,1,1,1,1,1,1,0,0,0,0,0,0,0,0,0,32,0,Unicorn_Absent,-1,-1.0,7,110,1.0,36.0,1.0,64.0,0.0,1.0,IN,1.0,1.0,0.0,0,IN,3,2
5300,65089357,11,650811,Absent,32,0,0,0,0,1,1,1,1,0,0,0,0,1,1,1,1,0,0,0,0,1,1,1,1,0,0,0,0,1,1,1,1,0,0,0,0,1,1,1,1,0,0,0,0,1,1,1,1,0,0,0,0,1,1,1,1,0,0,0,0,1,1,1,1,18,14,Unicorn_Absent,-1,-1.0,6,128,0.9125,32.0,0.36,46.0,0.0,0.5,RIGHT,1.0,1.0,0.0,0,IN,3,2
5302,65089357,12,650811,Absent,32,1,1,1,1,0,0,0,0,1,1,1,1,0,0,0,0,1,1,1,1,0,0,0,0,1,1,1,1,0,0,0,0,1,1,1,1,0,0,0,0,1,1,1,1,0,0,0,0,1,1,1,1,0,0,0,0,1,1,1,1,0,0,0,0,16,16,Unicorn_Absent,-1,-1.0,5,144,0.9,32.0,0.0,48.0,0.0,0.5,LEFT,0.9125,0.36,0.0,14,RIGHT,3,2
5304,65089357,13,650811,Absent,32,0,0,0,0,1,1,1,1,0,0,0,0,1,1,1,1,0,0,0,0,1,1,1,1,0,0,0,0,1,1,1,1,0,0,0,0,1,1,1,1,0,0,0,0,1,1,1,1,0,0,0,0,1,1,1,1,0,0,0,0,1,1,1,1,32,0,Unicorn_Absent,-1,-1.0,6,176,1.0,32.0,0.0,64.0,0.0,1.0,RIGHT,0.9,0.0,0.0,16,LEFT,3,2
5306,65089357,14,650811,Absent,32,0,0,0,0,1,1,1,1,0,0,0,0,1,1,1,1,0,0,0,0,1,1,1,1,0,0,0,0,1,1,1,1,0,0,0,0,1,1,1,1,0,0,0,0,1,1,1,1,0,0,0,0,1,1,1,1,0,0,0,0,1,1,1,1,32,0,Unicorn_Absent,-1,-1.0,6,208,1.0,32.0,1.0,64.0,0.0,1.0,RIGHT,1.0,0.0,0.0,0,RIGHT,3,2
5310,65089357,16,650811,Absent,28,1,1,1,1,1,1,1,1,1,0,0,0,0,0,0,1,1,0,0,0,0,0,0,1,1,0,0,0,0,0,0,1,1,0,0,0,0,0,0,1,1,0,0,0,0,0,0,1,1,0,0,0,0,0,0,1,1,1,1,1,1,1,1,1,18,14,Unicorn_Absent,-1,-1.0,8,258,0.9125,28.0,0.30434782608695654,46.0,0.64,0.5,OUT,1.0,1.0,0.0,0,RIGHT,3,2
5312,65089357,17,650811,Absent,0,0,0,0,0,0,0,0,0,0,0,0,0,0,0,0,0,0,0,0,0,0,0,0,0,0,0,0,0,0,0,0,0,0,0,0,0,0,0,0,0,0,0,0,0,0,0,0,0,0,0,0,0,0,0,0,0,0,0,0,0,0,0,0,0,32,0,Unicorn_Absent,-1,-1.0,2,290,1.0,0.0,0.0,32.0,0.64,0.5,NOTHING,0.9125,0.30434782608695654,0.64,14,OUT,3,2
5314,65089357,18,650811,Absent,0,0,0,0,0,0,0,0,0,0,0,0,0,0,0,0,0,0,0,0,0,0,0,0,0,0,0,0,0,0,0,0,0,0,0,0,0,0,0,0,0,0,0,0,0,0,0,0,0,0,0,0,0,0,0,0,0,0,0,0,0,0,0,0,0,32,0,Unicorn_Absent,-1,-1.0,2,322,1.0,0.0,1.0,32.0,0.30434782608695654,0.5,NOTHING,1.0,0.0,0.64,0,NOTHING,3,2
5316,65089357,19,650811,Absent,0,0,0,0,0,0,0,0,0,0,0,0,0,0,0,0,0,0,0,0,0,0,0,0,0,0,0,0,0,0,0,0,0,0,0,0,0,0,0,0,0,0,0,0,0,0,0,0,0,0,0,0,0,0,0,0,0,0,0,0,0,0,0,0,0,32,0,Unicorn_Absent,-1,-1.0,2,354,1.0,0.0,1.0,32.0,0.30434782608695654,0.5,NOTHING,1.0,1.0,0.30434782608695654,0,NOTHING,3,2
5326,65089357,24,650811,Absent,32,1,1,1,1,1,1,1,1,1,1,1,1,1,1,1,1,1,1,1,1,1,1,1,1,1,1,1,1,1,1,1,1,0,0,0,0,0,0,0,0,0,0,0,0,0,0,0,0,0,0,0,0,0,0,0,0,0,0,0,0,0,0,0,0,32,0,Unicorn_Absent,-1,-1.0,4,418,1.0,32.0,0.0,64.0,0.3333333333333333,1.0,UP,1.0,1.0,0.30434782608695654,0,NOTHING,3,2
5338,65089357,30,650811,Absent,36,0,0,0,0,0,0,0,0,0,1,1,1,1,1,1,0,0,1,1,1,1,1,1,0,0,1,1,1,1,1,1,0,0,1,1,1,1,1,1,0,0,1,1,1,1,1,1,0,0,1,1,1,1,1,1,0,0,0,0,0,0,0,0,0,32,0,Unicorn_Absent,-1,-1.0,7,592,1.0,36.0,0.36,36.0,0.3333333333333333,0.5625,IN,1.0,0.0,0.3333333333333333,0,UP,3,2
5342,65089357,32,650811,Absent,36,0,0,0,0,0,0,0,0,0,1,1,1,1,1,1,0,0,1,1,1,1,1,1,0,0,1,1,1,1,1,1,0,0,1,1,1,1,1,1,0,0,1,1,1,1,1,1,0,0,1,1,1,1,1,1,0,0,0,0,0,0,0,0,0,32,0,Unicorn_Absent,-1,-1.0,7,656,1.0,36.0,1.0,36.0,0.0,0.5625,IN,1.0,0.36,0.3333333333333333,0,IN,3,2
5344,65089357,33,650811,Absent,36,0,0,0,0,0,0,0,0,0,1,1,1,1,1,1,0,0,1,1,1,1,1,1,0,0,1,1,1,1,1,1,0,0,1,1,1,1,1,1,0,0,1,1,1,1,1,1,0,0,1,1,1,1,1,1,0,0,0,0,0,0,0,0,0,32,0,Unicorn_Absent,-1,-1.0,7,688,1.0,36.0,1.0,36.0,0.0,0.5625,IN,1.0,1.0,0.0,0,IN,3,2
5356,65089357,39,650811,Absent,0,0,0,0,0,0,0,0,0,0,0,0,0,0,0,0,0,0,0,0,0,0,0,0,0,0,0,0,0,0,0,0,0,0,0,0,0,0,0,0,0,0,0,0,0,0,0,0,0,0,0,0,0,0,0,0,0,0,0,0,0,0,0,0,0,32,0,Unicorn_Absent,-1,-1.0,2,737,1.0,0.0,0.0,32.0,0.6956521739130435,0.5,NOTHING,1.0,1.0,0.0,0,IN,3,2
5358,65089357,40,650811,Absent,0,0,0,0,0,0,0,0,0,0,0,0,0,0,0,0,0,0,0,0,0,0,0,0,0,0,0,0,0,0,0,0,0,0,0,0,0,0,0,0,0,0,0,0,0,0,0,0,0,0,0,0,0,0,0,0,0,0,0,0,0,0,0,0,0,32,0,Unicorn_Absent,-1,-1.0,2,769,1.0,0.0,1.0,32.0,0.6956521739130435,0.5,NOTHING,1.0,0.0,0.6956521739130435,0,NOTHING,3,2
5360,65089357,41,650811,Absent,0,0,0,0,0,0,0,0,0,0,0,0,0,0,0,0,0,0,0,0,0,0,0,0,0,0,0,0,0,0,0,0,0,0,0,0,0,0,0,0,0,0,0,0,0,0,0,0,0,0,0,0,0,0,0,0,0,0,0,0,0,0,0,0,0,32,0,Unicorn_Absent,-1,-1.0,2,801,1.0,0.0,1.0,32.0,0.3333333333333333,0.5,NOTHING,1.0,1.0,0.6956521739130435,0,NOTHING,3,2
5364,65089357,43,650811,Absent,28,1,1,1,1,1,1,1,1,1,0,0,0,0,0,0,1,1,0,0,0,0,0,0,1,1,0,0,0,0,0,0,1,1,0,0,0,0,0,0,1,1,0,0,0,0,0,0,1,1,0,0,0,0,0,0,1,1,1,1,1,1,1,1,1,4,28,Unicorn_Absent,-1,-1.0,8,725,0.825,28.0,0.0,28.0,0.3333333333333333,0.0,OUT,1.0,1.0,0.3333333333333333,0,NOTHING,3,2
5366,65089357,44,650811,Absent,32,1,1,1,1,1,1,1,1,1,1,1,1,1,1,1,1,1,1,1,1,1,1,1,1,1,1,1,1,1,1,1,1,0,0,0,0,0,0,0,0,0,0,0,0,0,0,0,0,0,0,0,0,0,0,0,0,0,0,0,0,0,0,0,0,16,16,Unicorn_Absent,-1,-1.0,4,741,0.9,32.0,0.30434782608695654,48.0,0.0,0.5,UP,0.825,0.0,0.3333333333333333,28,OUT,3,2
5370,65089357,46,650811,Absent,28,1,1,1,1,1,1,1,1,1,0,0,0,0,0,0,1,1,0,0,0,0,0,0,1,1,0,0,0,0,0,0,1,1,0,0,0,0,0,0,1,1,0,0,0,0,0,0,1,1,0,0,0,0,0,0,1,1,1,1,1,1,1,1,1,32,0,Unicorn_Absent,-1,-1.0,8,805,1.0,28.0,0.30434782608695654,64.0,0.0,1.0,OUT,0.9,0.30434782608695654,0.0,16,UP,3,2
5372,65089357,47,650811,Absent,28,1,1,1,1,1,1,1,1,1,0,0,0,0,0,0,1,1,0,0,0,0,0,0,1,1,0,0,0,0,0,0,1,1,0,0,0,0,0,0,1,1,0,0,0,0,0,0,1,1,0,0,0,0,0,0,1,1,1,1,1,1,1,1,1,32,0,Unicorn_Absent,-1,-1.0,8,837,1.0,28.0,1.0,28.0,0.0,0.4375,OUT,1.0,0.30434782608695654,0.0,0,OUT,3,2
5374,65089357,48,650811,Absent,28,1,1,1,1,1,1,1,1,1,0,0,0,0,0,0,1,1,0,0,0,0,0,0,1,1,0,0,0,0,0,0,1,1,0,0,0,0,0,0,1,1,0,0,0,0,0,0,1,1,0,0,0,0,0,0,1,1,1,1,1,1,1,1,1,32,0,Unicorn_Absent,-1,-1.0,8,869,1.0,28.0,1.0,28.0,0.0,0.4375,OUT,1.0,1.0,0.0,0,OUT,3,2
5378,65089357,50,650811,Absent,32,0,0,0,0,1,1,1,1,0,0,0,0,1,1,1,1,0,0,0,0,1,1,1,1,0,0,0,0,1,1,1,1,0,0,0,0,1,1,1,1,0,0,0,0,1,1,1,1,0,0,0,0,1,1,1,1,0,0,0,0,1,1,1,1,16,16,Unicorn_Absent,-1,-1.0,6,821,0.9,32.0,0.30434782608695654,48.0,1.0,0.5,RIGHT,1.0,1.0,0.0,0,OUT,3,2
5380,65089357,51,650811,Absent,32,0,0,0,0,0,0,0,0,0,0,0,0,0,0,0,0,0,0,0,0,0,0,0,0,0,0,0,0,0,0,0,0,1,1,1,1,1,1,1,1,1,1,1,1,1,1,1,1,1,1,1,1,1,1,1,1,1,1,1,1,1,1,1,1,18,14,Unicorn_Absent,-1,-1.0,3,839,0.9125,32.0,0.3333333333333333,46.0,1.0,0.5,DOWN,0.9,0.30434782608695654,1.0,16,RIGHT,3,2
5382,65089357,52,650811,Absent,32,1,1,1,1,1,1,1,1,1,1,1,1,1,1,1,1,1,1,1,1,1,1,1,1,1,1,1,1,1,1,1,1,0,0,0,0,0,0,0,0,0,0,0,0,0,0,0,0,0,0,0,0,0,0,0,0,0,0,0,0,0,0,0,0,32,0,Unicorn_Absent,-1,-1.0,4,871,1.0,32.0,0.0,64.0,0.36,1.0,UP,0.9125,0.3333333333333333,1.0,14,DOWN,3,2
5384,65089357,53,650811,Absent,32,1,1,1,1,1,1,1,1,1,1,1,1,1,1,1,1,1,1,1,1,1,1,1,1,1,1,1,1,1,1,1,1,0,0,0,0,0,0,0,0,0,0,0,0,0,0,0,0,0,0,0,0,0,0,0,0,0,0,0,0,0,0,0,0,0,32,Unicorn_Absent,-1,-1.0,4,871,0.8,32.0,1.0,64.0,0.36,0.5,UP,1.0,0.0,0.36,0,UP,3,2
5392,65089357,57,650811,Absent,32,0,0,0,0,1,1,1,1,0,0,0,0,1,1,1,1,0,0,0,0,1,1,1,1,0,0,0,0,1,1,1,1,0,0,0,0,1,1,1,1,0,0,0,0,1,1,1,1,0,0,0,0,1,1,1,1,0,0,0,0,1,1,1,1,32,0,Unicorn_Absent,-1,-1.0,6,988,1.0,32.0,0.3333333333333333,32.0,0.0,0.5,RIGHT,0.8,1.0,0.36,32,UP,3,2
5394,65089357,58,650811,Absent,32,1,1,1,1,1,1,1,1,1,1,1,1,1,1,1,1,1,1,1,1,1,1,1,1,1,1,1,1,1,1,1,1,0,0,0,0,0,0,0,0,0,0,0,0,0,0,0,0,0,0,0,0,0,0,0,0,0,0,0,0,0,0,0,0,32,0,Unicorn_Absent,-1,-1.0,4,1020,1.0,32.0,0.3333333333333333,32.0,0.0,0.5,UP,1.0,0.3333333333333333,0.0,0,RIGHT,3,2
5398,65089357,60,650811,Absent,32,0,0,0,0,0,0,0,0,0,0,0,0,0,0,0,0,0,0,0,0,0,0,0,0,0,0,0,0,0,0,0,0,1,1,1,1,1,1,1,1,1,1,1,1,1,1,1,1,1,1,1,1,1,1,1,1,1,1,1,1,1,1,1,1,18,14,Unicorn_Absent,-1,-1.0,3,1070,0.9125,32.0,0.0,46.0,0.0,0.5,DOWN,1.0,0.3333333333333333,0.0,0,UP,3,2
5289,65089357,5,935700,Absent,28,1,1,1,1,1,1,1,1,1,0,0,0,0,0,0,1,1,0,0,0,0,0,0,1,1,0,0,0,0,0,0,1,1,0,0,0,0,0,0,1,1,0,0,0,0,0,0,1,1,0,0,0,0,0,0,1,1,1,1,1,1,1,1,1,32,0,Unicorn_Absent,-1,-1.0,8,-50,1.0,28.0,1.0,64.0,0.0,1.0,OUT,,,,,,3,2
5291,65089357,6,935700,Absent,28,1,1,1,1,1,1,1,1,1,0,0,0,0,0,0,1,1,0,0,0,0,0,0,1,1,0,0,0,0,0,0,1,1,0,0,0,0,0,0,1,1,0,0,0,0,0,0,1,1,0,0,0,0,0,0,1,1,1,1,1,1,1,1,1,32,0,Unicorn_Absent,-1,-1.0,8,-18,1.0,28.0,1.0,64.0,0.0,1.0,OUT,1.0,1.0,0.0,0,OUT,3,2
5295,65089357,8,935700,Absent,28,1,1,1,1,1,1,1,1,1,0,0,0,0,0,0,1,1,0,0,0,0,0,0,1,1,0,0,0,0,0,0,1,1,0,0,0,0,0,0,1,1,0,0,0,0,0,0,1,1,0,0,0,0,0,0,1,1,1,1,1,1,1,1,1,32,0,Unicorn_Absent,-1,-1.0,8,46,1.0,28.0,1.0,64.0,0.0,1.0,OUT,1.0,1.0,0.0,0,OUT,3,2
5299,65089357,10,935700,Absent,28,1,1,1,1,1,1,1,1,1,0,0,0,0,0,0,1,1,0,0,0,0,0,0,1,1,0,0,0,0,0,0,1,1,0,0,0,0,0,0,1,1,0,0,0,0,0,0,1,1,0,0,0,0,0,0,1,1,1,1,1,1,1,1,1,32,0,Unicorn_Absent,-1,-1.0,8,110,1.0,28.0,1.0,64.0,0.0,1.0,OUT,1.0,1.0,0.0,0,OUT,3,2
5301,65089357,11,935700,Absent,28,1,1,1,1,1,1,1,1,1,0,0,0,0,0,0,1,1,0,0,0,0,0,0,1,1,0,0,0,0,0,0,1,1,0,0,0,0,0,0,1,1,0,0,0,0,0,0,1,1,0,0,0,0,0,0,1,1,1,1,1,1,1,1,1,18,14,Unicorn_Absent,-1,-1.0,8,128,0.9125,28.0,1.0,46.0,0.0,0.5,OUT,1.0,1.0,0.0,0,OUT,3,2
5303,65089357,12,935700,Absent,32,1,1,1,1,1,1,1,1,1,1,1,1,1,1,1,1,1,1,1,1,1,1,1,1,1,1,1,1,1,1,1,1,0,0,0,0,0,0,0,0,0,0,0,0,0,0,0,0,0,0,0,0,0,0,0,0,0,0,0,0,0,0,0,0,16,16,Unicorn_Absent,-1,-1.0,4,144,0.9,32.0,0.30434782608695654,48.0,0.0,0.5,UP,0.9125,1.0,0.0,14,OUT,3,2
5305,65089357,13,935700,Absent,32,1,1,1,1,0,0,0,0,1,1,1,1,0,0,0,0,1,1,1,1,0,0,0,0,1,1,1,1,0,0,0,0,1,1,1,1,0,0,0,0,1,1,1,1,0,0,0,0,1,1,1,1,0,0,0,0,1,1,1,1,0,0,0,0,32,0,Unicorn_Absent,-1,-1.0,5,176,1.0,32.0,0.3333333333333333,64.0,0.0,1.0,LEFT,0.9,0.30434782608695654,0.0,16,UP,3,2
5307,65089357,14,935700,Absent,32,1,1,1,1,0,0,0,0,1,1,1,1,0,0,0,0,1,1,1,1,0,0,0,0,1,1,1,1,0,0,0,0,1,1,1,1,0,0,0,0,1,1,1,1,0,0,0,0,1,1,1,1,0,0,0,0,1,1,1,1,0,0,0,0,32,0,Unicorn_Absent,-1,-1.0,5,208,1.0,32.0,1.0,64.0,0.30434782608695654,1.0,LEFT,1.0,0.3333333333333333,0.0,0,LEFT,3,2
5311,65089357,16,935700,Absent,32,1,1,1,1,0,0,0,0,1,1,1,1,0,0,0,0,1,1,1,1,0,0,0,0,1,1,1,1,0,0,0,0,1,1,1,1,0,0,0,0,1,1,1,1,0,0,0,0,1,1,1,1,0,0,0,0,1,1,1,1,0,0,0,0,18,14,Unicorn_Absent,-1,-1.0,5,258,0.9125,32.0,1.0,46.0,0.30434782608695654,0.5,LEFT,1.0,1.0,0.30434782608695654,0,LEFT,3,2
5313,65089357,17,935700,Absent,32,0,0,0,0,0,0,0,0,0,0,0,0,0,0,0,0,0,0,0,0,0,0,0,0,0,0,0,0,0,0,0,0,1,1,1,1,1,1,1,1,1,1,1,1,1,1,1,1,1,1,1,1,1,1,1,1,1,1,1,1,1,1,1,1,32,0,Unicorn_Absent,-1,-1.0,3,290,1.0,32.0,0.3333333333333333,32.0,0.0,0.5,DOWN,0.9125,1.0,0.30434782608695654,14,LEFT,3,2
5315,65089357,18,935700,Absent,32,0,0,0,0,0,0,0,0,0,0,0,0,0,0,0,0,0,0,0,0,0,0,0,0,0,0,0,0,0,0,0,0,1,1,1,1,1,1,1,1,1,1,1,1,1,1,1,1,1,1,1,1,1,1,1,1,1,1,1,1,1,1,1,1,32,0,Unicorn_Absent,-1,-1.0,3,322,1.0,32.0,1.0,32.0,0.0,0.5,DOWN,1.0,0.3333333333333333,0.0,0,DOWN,3,2
5317,65089357,19,935700,Absent,32,0,0,0,0,0,0,0,0,0,0,0,0,0,0,0,0,0,0,0,0,0,0,0,0,0,0,0,0,0,0,0,0,1,1,1,1,1,1,1,1,1,1,1,1,1,1,1,1,1,1,1,1,1,1,1,1,1,1,1,1,1,1,1,1,32,0,Unicorn_Absent,-1,-1.0,3,354,1.0,32.0,1.0,32.0,0.055652173913043446,0.5,DOWN,1.0,1.0,0.0,0,DOWN,3,2
5327,65089357,24,935700,Absent,32,0,0,0,0,0,0,0,0,0,0,0,0,0,0,0,0,0,0,0,0,0,0,0,0,0,0,0,0,0,0,0,0,1,1,1,1,1,1,1,1,1,1,1,1,1,1,1,1,1,1,1,1,1,1,1,1,1,1,1,1,1,1,1,1,32,0,Unicorn_Absent,-1,-1.0,3,418,1.0,32.0,1.0,64.0,0.055652173913043446,1.0,DOWN,1.0,1.0,0.055652173913043446,0,DOWN,3,2
5339,65089357,30,935700,Absent,0,0,0,0,0,0,0,0,0,0,0,0,0,0,0,0,0,0,0,0,0,0,0,0,0,0,0,0,0,0,0,0,0,0,0,0,0,0,0,0,0,0,0,0,0,0,0,0,0,0,0,0,0,0,0,0,0,0,0,0,0,0,0,0,0,32,0,Unicorn_Absent,-1,-1.0,2,592,1.0,0.0,0.0,36.0,1.0,0.5625,NOTHING,1.0,1.0,0.055652173913043446,0,DOWN,3,2
5343,65089357,32,935700,Absent,0,0,0,0,0,0,0,0,0,0,0,0,0,0,0,0,0,0,0,0,0,0,0,0,0,0,0,0,0,0,0,0,0,0,0,0,0,0,0,0,0,0,0,0,0,0,0,0,0,0,0,0,0,0,0,0,0,0,0,0,0,0,0,0,0,32,0,Unicorn_Absent,-1,-1.0,2,656,1.0,0.0,1.0,36.0,1.0,0.5625,NOTHING,1.0,0.0,1.0,0,NOTHING,3,2
5345,65089357,33,935700,Absent,0,0,0,0,0,0,0,0,0,0,0,0,0,0,0,0,0,0,0,0,0,0,0,0,0,0,0,0,0,0,0,0,0,0,0,0,0,0,0,0,0,0,0,0,0,0,0,0,0,0,0,0,0,0,0,0,0,0,0,0,0,0,0,0,0,32,0,Unicorn_Absent,-1,-1.0,2,688,1.0,0.0,1.0,36.0,0.0,0.5625,NOTHING,1.0,1.0,1.0,0,NOTHING,3,2
5357,65089357,39,935700,Absent,32,0,0,0,0,1,1,1,1,0,0,0,0,1,1,1,1,0,0,0,0,1,1,1,1,0,0,0,0,1,1,1,1,0,0,0,0,1,1,1,1,0,0,0,0,1,1,1,1,0,0,0,0,1,1,1,1,0,0,0,0,1,1,1,1,32,0,Unicorn_Absent,-1,-1.0,6,737,1.0,32.0,0.0,32.0,0.0,0.5,RIGHT,1.0,1.0,0.0,0,NOTHING,3,2
5359,65089357,40,935700,Absent,32,0,0,0,0,1,1,1,1,0,0,0,0,1,1,1,1,0,0,0,0,1,1,1,1,0,0,0,0,1,1,1,1,0,0,0,0,1,1,1,1,0,0,0,0,1,1,1,1,0,0,0,0,1,1,1,1,0,0,0,0,1,1,1,1,32,0,Unicorn_Absent,-1,-1.0,6,769,1.0,32.0,1.0,32.0,0.30434782608695654,0.5,RIGHT,1.0,0.0,0.0,0,RIGHT,3,2
5361,65089357,41,935700,Absent,32,0,0,0,0,1,1,1,1,0,0,0,0,1,1,1,1,0,0,0,0,1,1,1,1,0,0,0,0,1,1,1,1,0,0,0,0,1,1,1,1,0,0,0,0,1,1,1,1,0,0,0,0,1,1,1,1,0,0,0,0,1,1,1,1,32,0,Unicorn_Absent,-1,-1.0,6,801,1.0,32.0,1.0,32.0,0.30434782608695654,0.5,RIGHT,1.0,1.0,0.30434782608695654,0,RIGHT,3,2
5365,65089357,43,935700,Absent,28,1,1,1,1,1,1,1,1,1,0,0,0,0,0,0,1,1,0,0,0,0,0,0,1,1,0,0,0,0,0,0,1,1,0,0,0,0,0,0,1,1,0,0,0,0,0,0,1,1,0,0,0,0,0,0,1,1,1,1,1,1,1,1,1,4,28,Unicorn_Absent,-1,-1.0,8,725,0.825,28.0,0.30434782608695654,28.0,0.028985507246376774,0.0,OUT,1.0,1.0,0.30434782608695654,0,RIGHT,3,2
5367,65089357,44,935700,Absent,32,1,1,1,1,0,0,0,0,1,1,1,1,0,0,0,0,1,1,1,1,0,0,0,0,1,1,1,1,0,0,0,0,1,1,1,1,0,0,0,0,1,1,1,1,0,0,0,0,1,1,1,1,0,0,0,0,1,1,1,1,0,0,0,0,16,16,Unicorn_Absent,-1,-1.0,5,741,0.9,32.0,0.30434782608695654,48.0,0.028985507246376774,0.5,LEFT,0.825,0.30434782608695654,0.028985507246376774,28,OUT,3,2
5371,65089357,46,935700,Absent,36,0,0,0,0,0,0,0,0,0,1,1,1,1,1,1,0,0,1,1,1,1,1,1,0,0,1,1,1,1,1,1,0,0,1,1,1,1,1,1,0,0,1,1,1,1,1,1,0,0,1,1,1,1,1,1,0,0,0,0,0,0,0,0,0,32,0,Unicorn_Absent,-1,-1.0,7,805,1.0,36.0,0.36,64.0,0.30434782608695654,1.0,IN,0.9,0.30434782608695654,0.028985507246376774,16,LEFT,3,2
5373,65089357,47,935700,Absent,0,0,0,0,0,0,0,0,0,0,0,0,0,0,0,0,0,0,0,0,0,0,0,0,0,0,0,0,0,0,0,0,0,0,0,0,0,0,0,0,0,0,0,0,0,0,0,0,0,0,0,0,0,0,0,0,0,0,0,0,0,0,0,0,0,32,0,Unicorn_Absent,-1,-1.0,2,837,1.0,0.0,0.0,28.0,0.30434782608695654,0.4375,NOTHING,1.0,0.36,0.30434782608695654,0,IN,3,2
5375,65089357,48,935700,Absent,0,0,0,0,0,0,0,0,0,0,0,0,0,0,0,0,0,0,0,0,0,0,0,0,0,0,0,0,0,0,0,0,0,0,0,0,0,0,0,0,0,0,0,0,0,0,0,0,0,0,0,0,0,0,0,0,0,0,0,0,0,0,0,0,0,32,0,Unicorn_Absent,-1,-1.0,2,869,1.0,0.0,1.0,28.0,0.5,0.4375,NOTHING,1.0,0.0,0.30434782608695654,0,NOTHING,3,2
5379,65089357,50,935700,Absent,32,1,1,1,1,1,1,1,1,1,1,1,1,1,1,1,1,1,1,1,1,1,1,1,1,1,1,1,1,1,1,1,1,0,0,0,0,0,0,0,0,0,0,0,0,0,0,0,0,0,0,0,0,0,0,0,0,0,0,0,0,0,0,0,0,16,16,Unicorn_Absent,-1,-1.0,4,821,0.9,32.0,0.0,48.0,0.5,0.5,UP,1.0,1.0,0.5,0,NOTHING,3,2
5381,65089357,51,935700,Absent,28,1,1,1,1,1,1,1,1,1,0,0,0,0,0,0,1,1,0,0,0,0,0,0,1,1,0,0,0,0,0,0,1,1,0,0,0,0,0,0,1,1,0,0,0,0,0,0,1,1,0,0,0,0,0,0,1,1,1,1,1,1,1,1,1,18,14,Unicorn_Absent,-1,-1.0,8,839,0.9125,28.0,0.30434782608695654,46.0,0.3333333333333333,0.5,OUT,0.9,0.0,0.5,16,UP,3,2
5383,65089357,52,935700,Absent,32,0,0,0,0,0,0,0,0,0,0,0,0,0,0,0,0,0,0,0,0,0,0,0,0,0,0,0,0,0,0,0,0,1,1,1,1,1,1,1,1,1,1,1,1,1,1,1,1,1,1,1,1,1,1,1,1,1,1,1,1,1,1,1,1,32,0,Unicorn_Absent,-1,-1.0,3,871,1.0,32.0,0.30434782608695654,64.0,0.3333333333333333,1.0,DOWN,0.9125,0.30434782608695654,0.3333333333333333,14,OUT,3,2
5385,65089357,53,935700,Absent,64,1,1,1,1,1,1,1,1,1,1,1,1,1,1,1,1,1,1,1,1,1,1,1,1,1,1,1,1,1,1,1,1,1,1,1,1,1,1,1,1,1,1,1,1,1,1,1,1,1,1,1,1,1,1,1,1,1,1,1,1,1,1,1,1,0,32,Unicorn_Absent,-1,-1.0,1,871,0.8,64.0,0.5,64.0,0.6666666666666667,0.5,ALL,1.0,0.30434782608695654,0.3333333333333333,0,DOWN,3,2
5393,65089357,57,935700,Absent,0,0,0,0,0,0,0,0,0,0,0,0,0,0,0,0,0,0,0,0,0,0,0,0,0,0,0,0,0,0,0,0,0,0,0,0,0,0,0,0,0,0,0,0,0,0,0,0,0,0,0,0,0,0,0,0,0,0,0,0,0,0,0,0,0,32,0,Unicorn_Absent,-1,-1.0,2,988,1.0,0.0,0.0,32.0,0.6666666666666667,0.5,NOTHING,0.8,0.5,0.6666666666666667,32,ALL,3,2
5395,65089357,58,935700,Absent,0,0,0,0,0,0,0,0,0,0,0,0,0,0,0,0,0,0,0,0,0,0,0,0,0,0,0,0,0,0,0,0,0,0,0,0,0,0,0,0,0,0,0,0,0,0,0,0,0,0,0,0,0,0,0,0,0,0,0,0,0,0,0,0,0,32,0,Unicorn_Absent,-1,-1.0,2,1020,1.0,0.0,1.0,32.0,0.0,0.5,NOTHING,1.0,0.0,0.6666666666666667,0,NOTHING,3,2
5399,65089357,60,935700,Absent,28,1,1,1,1,1,1,1,1,1,0,0,0,0,0,0,1,1,0,0,0,0,0,0,1,1,0,0,0,0,0,0,1,1,0,0,0,0,0,0,1,1,0,0,0,0,0,0,1,1,0,0,0,0,0,0,1,1,1,1,1,1,1,1,1,18,14,Unicorn_Absent,-1,-1.0,8,1070,0.9125,28.0,0.0,46.0,0.0,0.5,OUT,1.0,1.0,0.0,0,NOTHING,3,2
721,66434361,1,436114,Absent,16,1,0,0,0,0,0,0,1,0,0,0,0,1,0,0,1,0,0,1,0,0,1,0,0,0,0,0,0,0,0,1,0,0,1,1,1,0,0,1,0,0,0,0,1,0,1,0,0,0,0,0,0,0,0,0,0,0,1,0,0,0,0,1,1,25,7,Unicorn_Absent,-1,-1.0,9,25,0.95625,16.0,1.0,38.0,0.0,0.484375,,,,,,,3,2
723,66434361,2,436114,Absent,36,0,0,0,0,0,0,0,0,0,1,1,1,1,1,1,0,0,1,1,1,1,1,1,0,0,1,1,1,1,1,1,0,0,1,1,1,1,1,1,0,0,1,1,1,1,1,1,0,0,1,1,1,1,1,1,0,0,0,0,0,0,0,0,0,14,18,Unicorn_Absent,-1,-1.0,7,39,0.8875,36.0,0.23809523809523808,50.0,0.0,0.5,IN,0.95625,1.0,0.0,7,,3,2
725,66434361,3,436114,Absent,32,0,0,0,0,0,0,0,0,0,0,0,0,0,0,0,0,0,0,0,0,0,0,0,0,0,0,0,0,0,0,0,0,1,1,1,1,1,1,1,1,1,1,1,1,1,1,1,1,1,1,1,1,1,1,1,1,1,1,1,1,1,1,1,1,16,16,Unicorn_Absent,-1,-1.0,3,55,0.9,32.0,0.36,48.0,0.08799171842650105,0.5,DOWN,0.8875,0.23809523809523808,0.0,18,IN,3,2
739,66434361,10,436114,Absent,32,0,0,0,0,1,1,1,1,0,0,0,0,1,1,1,1,0,0,0,0,1,1,1,1,0,0,0,0,1,1,1,1,0,0,0,0,1,1,1,1,0,0,0,0,1,1,1,1,0,0,0,0,1,1,1,1,0,0,0,0,1,1,1,1,16,16,Unicorn_Absent,-1,-1.0,6,71,0.9,32.0,0.3333333333333333,48.0,0.08799171842650105,0.5,RIGHT,0.9,0.36,0.08799171842650105,16,DOWN,3,2
743,66434361,12,436114,Absent,28,1,1,1,1,1,1,1,1,1,0,0,0,0,0,0,1,1,0,0,0,0,0,0,1,1,0,0,0,0,0,0,1,1,0,0,0,0,0,0,1,1,0,0,0,0,0,0,1,1,0,0,0,0,0,0,1,1,1,1,1,1,1,1,1,32,0,Unicorn_Absent,-1,-1.0,8,39,1.0,28.0,0.30434782608695654,64.0,0.026666666666666672,1.0,OUT,0.9,0.3333333333333333,0.08799171842650105,16,RIGHT,3,2
745,66434361,13,436114,Absent,28,1,1,1,1,1,1,1,1,1,0,0,0,0,0,0,1,1,0,0,0,0,0,0,1,1,0,0,0,0,0,0,1,1,0,0,0,0,0,0,1,1,0,0,0,0,0,0,1,1,0,0,0,0,0,0,1,1,1,1,1,1,1,1,1,32,0,Unicorn_Absent,-1,-1.0,8,71,1.0,28.0,1.0,64.0,0.026666666666666672,1.0,OUT,1.0,0.30434782608695654,0.026666666666666672,0,OUT,3,2
749,66434361,15,436114,Absent,32,0,0,0,0,1,1,1,1,0,0,0,0,1,1,1,1,0,0,0,0,1,1,1,1,0,0,0,0,1,1,1,1,0,0,0,0,1,1,1,1,0,0,0,0,1,1,1,1,0,0,0,0,1,1,1,1,0,0,0,0,1,1,1,1,14,18,Unicorn_Absent,-1,-1.0,6,117,0.8875,32.0,0.30434782608695654,50.0,0.0,0.5,RIGHT,1.0,1.0,0.026666666666666672,0,OUT,3,2
751,66434361,16,436114,Absent,32,0,0,0,0,1,1,1,1,0,0,0,0,1,1,1,1,0,0,0,0,1,1,1,1,0,0,0,0,1,1,1,1,0,0,0,0,1,1,1,1,0,0,0,0,1,1,1,1,0,0,0,0,1,1,1,1,0,0,0,0,1,1,1,1,16,16,Unicorn_Absent,-1,-1.0,6,133,0.9,32.0,1.0,48.0,0.0,0.5,RIGHT,0.8875,0.30434782608695654,0.0,18,RIGHT,3,2
761,66434361,21,436114,Absent,28,1,1,1,1,1,1,1,1,1,0,0,0,0,0,0,1,1,0,0,0,0,0,0,1,1,0,0,0,0,0,0,1,1,0,0,0,0,0,0,1,1,0,0,0,0,0,0,1,1,0,0,0,0,0,0,1,1,1,1,1,1,1,1,1,32,0,Unicorn_Absent,-1,-1.0,8,293,1.0,28.0,0.30434782608695654,28.0,0.055652173913043446,0.4375,OUT,0.9,1.0,0.0,16,RIGHT,3,2
763,66434361,22,436114,Absent,28,1,1,1,1,1,1,1,1,1,0,0,0,0,0,0,1,1,0,0,0,0,0,0,1,1,0,0,0,0,0,0,1,1,0,0,0,0,0,0,1,1,0,0,0,0,0,0,1,1,0,0,0,0,0,0,1,1,1,1,1,1,1,1,1,4,28,Unicorn_Absent,-1,-1.0,8,297,0.825,28.0,1.0,28.0,0.055652173913043446,0.0,OUT,1.0,0.30434782608695654,0.055652173913043446,0,OUT,3,2
767,66434361,24,436114,Absent,36,0,0,0,0,0,0,0,0,0,1,1,1,1,1,1,0,0,1,1,1,1,1,1,0,0,1,1,1,1,1,1,0,0,1,1,1,1,1,1,0,0,1,1,1,1,1,1,0,0,1,1,1,1,1,1,0,0,0,0,0,0,0,0,0,32,0,Unicorn_Absent,-1,-1.0,7,251,1.0,36.0,0.0,36.0,0.0,0.5625,IN,0.825,1.0,0.055652173913043446,28,OUT,3,2
771,66434361,26,436114,Absent,32,0,0,0,0,1,1,1,1,0,0,0,0,1,1,1,1,0,0,0,0,1,1,1,1,0,0,0,0,1,1,1,1,0,0,0,0,1,1,1,1,0,0,0,0,1,1,1,1,0,0,0,0,1,1,1,1,0,0,0,0,1,1,1,1,32,0,Unicorn_Absent,-1,-1.0,6,219,1.0,32.0,0.36,32.0,0.0,0.5,RIGHT,1.0,0.0,0.0,0,IN,3,2
773,66434361,27,436114,Absent,32,1,1,1,1,1,1,1,1,1,1,1,1,1,1,1,1,1,1,1,1,1,1,1,1,1,1,1,1,1,1,1,1,0,0,0,0,0,0,0,0,0,0,0,0,0,0,0,0,0,0,0,0,0,0,0,0,0,0,0,0,0,0,0,0,32,0,Unicorn_Absent,-1,-1.0,4,251,1.0,32.0,0.3333333333333333,32.0,0.6956521739130435,0.5,UP,1.0,0.36,0.0,0,RIGHT,3,2
777,66434361,29,436114,Absent,32,0,0,0,0,1,1,1,1,0,0,0,0,1,1,1,1,0,0,0,0,1,1,1,1,0,0,0,0,1,1,1,1,0,0,0,0,1,1,1,1,0,0,0,0,1,1,1,1,0,0,0,0,1,1,1,1,0,0,0,0,1,1,1,1,32,0,Unicorn_Absent,-1,-1.0,6,315,1.0,32.0,0.3333333333333333,64.0,0.6956521739130435,1.0,RIGHT,1.0,0.3333333333333333,0.6956521739130435,0,UP,3,2
785,66434361,33,436114,Absent,64,1,1,1,1,1,1,1,1,1,1,1,1,1,1,1,1,1,1,1,1,1,1,1,1,1,1,1,1,1,1,1,1,1,1,1,1,1,1,1,1,1,1,1,1,1,1,1,1,1,1,1,1,1,1,1,1,1,1,1,1,1,1,1,1,-32,64,Unicorn_Absent,-1,-1.0,1,267,0.6,64.0,0.5,64.0,0.64,0.0,ALL,1.0,0.3333333333333333,0.6956521739130435,0,RIGHT,3,2
799,66434361,40,436114,Absent,28,1,1,1,1,1,1,1,1,1,0,0,0,0,0,0,1,1,0,0,0,0,0,0,1,1,0,0,0,0,0,0,1,1,0,0,0,0,0,0,1,1,0,0,0,0,0,0,1,1,0,0,0,0,0,0,1,1,1,1,1,1,1,1,1,32,0,Unicorn_Absent,-1,-1.0,8,368,1.0,28.0,0.4375,64.0,0.64,1.0,OUT,0.6,0.5,0.64,64,ALL,3,2
805,66434361,43,436114,Absent,32,1,1,1,1,1,1,1,1,1,1,1,1,1,1,1,1,1,1,1,1,1,1,1,1,1,1,1,1,1,1,1,1,0,0,0,0,0,0,0,0,0,0,0,0,0,0,0,0,0,0,0,0,0,0,0,0,0,0,0,0,0,0,0,0,14,18,Unicorn_Absent,-1,-1.0,4,437,0.8875,32.0,0.30434782608695654,50.0,0.30434782608695654,0.5,UP,1.0,0.4375,0.64,0,OUT,3,2
807,66434361,44,436114,Absent,32,1,1,1,1,1,1,1,1,1,1,1,1,1,1,1,1,1,1,1,1,1,1,1,1,1,1,1,1,1,1,1,1,0,0,0,0,0,0,0,0,0,0,0,0,0,0,0,0,0,0,0,0,0,0,0,0,0,0,0,0,0,0,0,0,16,16,Unicorn_Absent,-1,-1.0,4,453,0.9,32.0,1.0,48.0,0.30434782608695654,0.5,UP,0.8875,0.30434782608695654,0.30434782608695654,18,UP,3,2
809,66434361,45,436114,Absent,32,1,1,1,1,0,0,0,0,1,1,1,1,0,0,0,0,1,1,1,1,0,0,0,0,1,1,1,1,0,0,0,0,1,1,1,1,0,0,0,0,1,1,1,1,0,0,0,0,1,1,1,1,0,0,0,0,1,1,1,1,0,0,0,0,16,16,Unicorn_Absent,-1,-1.0,5,469,0.9,32.0,0.3333333333333333,48.0,1.0,0.5,LEFT,0.9,1.0,0.30434782608695654,16,UP,3,2
811,66434361,46,436114,Absent,32,0,0,0,0,1,1,1,1,0,0,0,0,1,1,1,1,0,0,0,0,1,1,1,1,0,0,0,0,1,1,1,1,0,0,0,0,1,1,1,1,0,0,0,0,1,1,1,1,0,0,0,0,1,1,1,1,0,0,0,0,1,1,1,1,16,16,Unicorn_Absent,-1,-1.0,6,485,0.9,32.0,0.0,48.0,1.0,0.5,RIGHT,0.9,0.3333333333333333,1.0,16,LEFT,3,2
815,66434361,48,436114,Absent,36,0,0,0,0,0,0,0,0,0,1,1,1,1,1,1,0,0,1,1,1,1,1,1,0,0,1,1,1,1,1,1,0,0,1,1,1,1,1,1,0,0,1,1,1,1,1,1,0,0,1,1,1,1,1,1,0,0,0,0,0,0,0,0,0,14,18,Unicorn_Absent,-1,-1.0,7,518,0.8875,36.0,0.36,50.0,0.0,0.5,IN,0.9,0.0,1.0,16,RIGHT,3,2
817,66434361,49,436114,Absent,28,1,1,1,1,1,1,1,1,1,0,0,0,0,0,0,1,1,0,0,0,0,0,0,1,1,0,0,0,0,0,0,1,1,0,0,0,0,0,0,1,1,0,0,0,0,0,0,1,1,0,0,0,0,0,0,1,1,1,1,1,1,1,1,1,18,14,Unicorn_Absent,-1,-1.0,8,536,0.9125,28.0,0.0,46.0,0.0,0.5,OUT,0.8875,0.36,0.0,18,IN,3,2
821,66434361,51,436114,Absent,36,0,0,0,0,0,0,0,0,0,1,1,1,1,1,1,0,0,1,1,1,1,1,1,0,0,1,1,1,1,1,1,0,0,1,1,1,1,1,1,0,0,1,1,1,1,1,1,0,0,1,1,1,1,1,1,0,0,0,0,0,0,0,0,0,32,0,Unicorn_Absent,-1,-1.0,7,594,1.0,36.0,0.0,36.0,0.64,0.5625,IN,0.9125,0.0,0.0,14,OUT,3,2
825,66434361,53,436114,Absent,32,0,0,0,0,0,0,0,0,0,0,0,0,0,0,0,0,0,0,0,0,0,0,0,0,0,0,0,0,0,0,0,0,1,1,1,1,1,1,1,1,1,1,1,1,1,1,1,1,1,1,1,1,1,1,1,1,1,1,1,1,1,1,1,1,14,18,Unicorn_Absent,-1,-1.0,3,640,0.8875,32.0,0.36,50.0,0.64,0.5,DOWN,1.0,0.0,0.64,0,IN,3,2
827,66434361,54,436114,Absent,32,0,0,0,0,1,1,1,1,0,0,0,0,1,1,1,1,0,0,0,0,1,1,1,1,0,0,0,0,1,1,1,1,0,0,0,0,1,1,1,1,0,0,0,0,1,1,1,1,0,0,0,0,1,1,1,1,0,0,0,0,1,1,1,1,14,18,Unicorn_Absent,-1,-1.0,6,654,0.8875,32.0,0.3333333333333333,52.0,0.6666666666666667,0.53125,RIGHT,0.8875,0.36,0.64,18,DOWN,3,2
829,66434361,55,436114,Absent,36,0,0,0,0,0,0,0,0,0,1,1,1,1,1,1,0,0,1,1,1,1,1,1,0,0,1,1,1,1,1,1,0,0,1,1,1,1,1,1,0,0,1,1,1,1,1,1,0,0,1,1,1,1,1,1,0,0,0,0,0,0,0,0,0,14,18,Unicorn_Absent,-1,-1.0,7,668,0.8875,36.0,0.36,50.0,0.6666666666666667,0.5,IN,0.8875,0.3333333333333333,0.6666666666666667,18,RIGHT,3,2
837,66434361,59,436114,Absent,32,1,1,1,1,1,1,1,1,1,1,1,1,1,1,1,1,1,1,1,1,1,1,1,1,1,1,1,1,1,1,1,1,0,0,0,0,0,0,0,0,0,0,0,0,0,0,0,0,0,0,0,0,0,0,0,0,0,0,0,0,0,0,0,0,16,16,Unicorn_Absent,-1,-1.0,4,780,0.9,32.0,0.36,48.0,0.3333333333333333,0.5,UP,0.8875,0.36,0.6666666666666667,18,IN,3,2
720,66434361,1,664367,Absent,37,1,1,1,1,1,0,1,0,0,0,1,0,0,1,0,0,1,0,0,0,0,1,0,1,0,1,0,0,1,1,0,1,0,1,0,0,1,1,0,1,0,0,0,1,0,1,0,0,1,1,1,0,1,0,0,0,0,0,1,0,1,0,1,1,25,7,Unicorn_Absent,-1,-1.0,0,25,0.95625,29.0,1.0,38.0,0.3333333333333333,0.484375,RS,,,,,,3,2
722,66434361,2,664367,Absent,32,1,1,1,1,1,1,1,1,1,1,1,1,1,1,1,1,1,1,1,1,1,1,1,1,1,1,1,1,1,1,1,1,0,0,0,0,0,0,0,0,0,0,0,0,0,0,0,0,0,0,0,0,0,0,0,0,0,0,0,0,0,0,0,0,14,18,Unicorn_Absent,-1,-1.0,4,39,0.8875,32.0,0.32608695652173914,50.0,0.0,0.5,UP,0.95625,1.0,0.3333333333333333,7,RS,3,2
724,66434361,3,664367,Absent,32,1,1,1,1,0,0,0,0,1,1,1,1,0,0,0,0,1,1,1,1,0,0,0,0,1,1,1,1,0,0,0,0,1,1,1,1,0,0,0,0,1,1,1,1,0,0,0,0,1,1,1,1,0,0,0,0,1,1,1,1,0,0,0,0,16,16,Unicorn_Absent,-1,-1.0,5,55,0.9,32.0,0.3333333333333333,48.0,0.0,0.5,LEFT,0.8875,0.32608695652173914,0.0,18,UP,3,2
738,66434361,10,664367,Absent,32,0,0,0,0,0,0,0,0,0,0,0,0,0,0,0,0,0,0,0,0,0,0,0,0,0,0,0,0,0,0,0,0,1,1,1,1,1,1,1,1,1,1,1,1,1,1,1,1,1,1,1,1,1,1,1,1,1,1,1,1,1,1,1,1,16,16,Unicorn_Absent,-1,-1.0,3,71,0.9,32.0,0.3333333333333333,48.0,0.125,0.5,DOWN,0.9,0.3333333333333333,0.0,16,LEFT,3,2
742,66434361,12,664367,Absent,36,0,0,0,0,0,0,0,0,0,1,1,1,1,1,1,0,0,1,1,1,1,1,1,0,0,1,1,1,1,1,1,0,0,1,1,1,1,1,1,0,0,1,1,1,1,1,1,0,0,1,1,1,1,1,1,0,0,0,0,0,0,0,0,0,32,0,Unicorn_Absent,-1,-1.0,7,39,1.0,36.0,0.36,64.0,0.125,1.0,IN,0.9,0.3333333333333333,0.125,16,DOWN,3,2
744,66434361,13,664367,Absent,36,0,0,0,0,0,0,0,0,0,1,1,1,1,1,1,0,0,1,1,1,1,1,1,0,0,1,1,1,1,1,1,0,0,1,1,1,1,1,1,0,0,1,1,1,1,1,1,0,0,1,1,1,1,1,1,0,0,0,0,0,0,0,0,0,32,0,Unicorn_Absent,-1,-1.0,7,71,1.0,36.0,1.0,64.0,0.6956521739130435,1.0,IN,1.0,0.36,0.125,0,IN,3,2
748,66434361,15,664367,Absent,36,0,0,0,0,0,0,0,0,0,1,1,1,1,1,1,0,0,1,1,1,1,1,1,0,0,1,1,1,1,1,1,0,0,1,1,1,1,1,1,0,0,1,1,1,1,1,1,0,0,1,1,1,1,1,1,0,0,0,0,0,0,0,0,0,14,18,Unicorn_Absent,-1,-1.0,7,117,0.8875,36.0,1.0,50.0,0.6956521739130435,0.5,IN,1.0,1.0,0.6956521739130435,0,IN,3,2
750,66434361,16,664367,Absent,32,0,0,0,0,0,0,0,0,0,0,0,0,0,0,0,0,0,0,0,0,0,0,0,0,0,0,0,0,0,0,0,0,1,1,1,1,1,1,1,1,1,1,1,1,1,1,1,1,1,1,1,1,1,1,1,1,1,1,1,1,1,1,1,1,16,16,Unicorn_Absent,-1,-1.0,3,133,0.9,32.0,0.36,48.0,0.64,0.5,DOWN,0.8875,1.0,0.6956521739130435,18,IN,3,2
760,66434361,21,664367,Absent,0,0,0,0,0,0,0,0,0,0,0,0,0,0,0,0,0,0,0,0,0,0,0,0,0,0,0,0,0,0,0,0,0,0,0,0,0,0,0,0,0,0,0,0,0,0,0,0,0,0,0,0,0,0,0,0,0,0,0,0,0,0,0,0,0,32,0,Unicorn_Absent,-1,-1.0,2,293,1.0,0.0,0.0,28.0,0.64,0.4375,NOTHING,0.9,0.36,0.64,16,DOWN,3,2
762,66434361,22,664367,Absent,28,1,1,1,1,1,1,1,1,1,0,0,0,0,0,0,1,1,0,0,0,0,0,0,1,1,0,0,0,0,0,0,1,1,0,0,0,0,0,0,1,1,0,0,0,0,0,0,1,1,0,0,0,0,0,0,1,1,1,1,1,1,1,1,1,4,28,Unicorn_Absent,-1,-1.0,8,297,0.825,28.0,0.0,28.0,0.0,0.0,OUT,1.0,0.0,0.64,0,NOTHING,3,2
766,66434361,24,664367,Absent,0,0,0,0,0,0,0,0,0,0,0,0,0,0,0,0,0,0,0,0,0,0,0,0,0,0,0,0,0,0,0,0,0,0,0,0,0,0,0,0,0,0,0,0,0,0,0,0,0,0,0,0,0,0,0,0,0,0,0,0,0,0,0,0,0,32,0,Unicorn_Absent,-1,-1.0,2,251,1.0,0.0,0.0,36.0,0.0,0.5625,NOTHING,0.825,0.0,0.0,28,OUT,3,2
770,66434361,26,664367,Absent,0,0,0,0,0,0,0,0,0,0,0,0,0,0,0,0,0,0,0,0,0,0,0,0,0,0,0,0,0,0,0,0,0,0,0,0,0,0,0,0,0,0,0,0,0,0,0,0,0,0,0,0,0,0,0,0,0,0,0,0,0,0,0,0,0,32,0,Unicorn_Absent,-1,-1.0,2,219,1.0,0.0,1.0,32.0,1.0,0.5,NOTHING,1.0,0.0,0.0,0,NOTHING,3,2
772,66434361,27,664367,Absent,0,0,0,0,0,0,0,0,0,0,0,0,0,0,0,0,0,0,0,0,0,0,0,0,0,0,0,0,0,0,0,0,0,0,0,0,0,0,0,0,0,0,0,0,0,0,0,0,0,0,0,0,0,0,0,0,0,0,0,0,0,0,0,0,0,32,0,Unicorn_Absent,-1,-1.0,2,251,1.0,0.0,1.0,32.0,1.0,0.5,NOTHING,1.0,1.0,1.0,0,NOTHING,3,2
776,66434361,29,664367,Absent,32,1,1,1,1,0,0,0,0,1,1,1,1,0,0,0,0,1,1,1,1,0,0,0,0,1,1,1,1,0,0,0,0,1,1,1,1,0,0,0,0,1,1,1,1,0,0,0,0,1,1,1,1,0,0,0,0,1,1,1,1,0,0,0,0,32,0,Unicorn_Absent,-1,-1.0,5,315,1.0,32.0,0.0,64.0,0.36,1.0,LEFT,1.0,1.0,1.0,0,NOTHING,3,2
784,66434361,33,664367,Absent,64,1,1,1,1,1,1,1,1,1,1,1,1,1,1,1,1,1,1,1,1,1,1,1,1,1,1,1,1,1,1,1,1,1,1,1,1,1,1,1,1,1,1,1,1,1,1,1,1,1,1,1,1,1,1,1,1,1,1,1,1,1,1,1,1,-32,64,Unicorn_Absent,-1,-1.0,1,267,0.6,64.0,0.5,64.0,0.36,0.0,ALL,1.0,0.0,0.36,0,LEFT,3,2
798,66434361,40,664367,Absent,36,0,0,0,0,0,0,0,0,0,1,1,1,1,1,1,0,0,1,1,1,1,1,1,0,0,1,1,1,1,1,1,0,0,1,1,1,1,1,1,0,0,1,1,1,1,1,1,0,0,1,1,1,1,1,1,0,0,0,0,0,0,0,0,0,32,0,Unicorn_Absent,-1,-1.0,7,368,1.0,36.0,0.5625,64.0,0.3333333333333333,1.0,IN,0.6,0.5,0.36,64,ALL,3,2
804,66434361,43,664367,Absent,36,0,0,0,0,0,0,0,0,0,1,1,1,1,1,1,0,0,1,1,1,1,1,1,0,0,1,1,1,1,1,1,0,0,1,1,1,1,1,1,0,0,1,1,1,1,1,1,0,0,1,1,1,1,1,1,0,0,0,0,0,0,0,0,0,14,18,Unicorn_Absent,-1,-1.0,7,437,0.8875,36.0,1.0,50.0,0.3333333333333333,0.5,IN,1.0,0.5625,0.3333333333333333,0,IN,3,2
806,66434361,44,664367,Absent,32,0,0,0,0,1,1,1,1,0,0,0,0,1,1,1,1,0,0,0,0,1,1,1,1,0,0,0,0,1,1,1,1,0,0,0,0,1,1,1,1,0,0,0,0,1,1,1,1,0,0,0,0,1,1,1,1,0,0,0,0,1,1,1,1,16,16,Unicorn_Absent,-1,-1.0,6,453,0.9,32.0,0.36,48.0,0.0,0.5,RIGHT,0.8875,1.0,0.3333333333333333,18,IN,3,2
808,66434361,45,664367,Absent,32,1,1,1,1,1,1,1,1,1,1,1,1,1,1,1,1,1,1,1,1,1,1,1,1,1,1,1,1,1,1,1,1,0,0,0,0,0,0,0,0,0,0,0,0,0,0,0,0,0,0,0,0,0,0,0,0,0,0,0,0,0,0,0,0,16,16,Unicorn_Absent,-1,-1.0,4,469,0.9,32.0,0.3333333333333333,48.0,0.0,0.5,UP,0.9,0.36,0.0,16,RIGHT,3,2
810,66434361,46,664367,Absent,32,1,1,1,1,1,1,1,1,1,1,1,1,1,1,1,1,1,1,1,1,1,1,1,1,1,1,1,1,1,1,1,1,0,0,0,0,0,0,0,0,0,0,0,0,0,0,0,0,0,0,0,0,0,0,0,0,0,0,0,0,0,0,0,0,16,16,Unicorn_Absent,-1,-1.0,4,485,0.9,32.0,1.0,48.0,0.36,0.5,UP,0.9,0.3333333333333333,0.0,16,UP,3,2
814,66434361,48,664367,Absent,32,0,0,0,0,0,0,0,0,0,0,0,0,0,0,0,0,0,0,0,0,0,0,0,0,0,0,0,0,0,0,0,0,1,1,1,1,1,1,1,1,1,1,1,1,1,1,1,1,1,1,1,1,1,1,1,1,1,1,1,1,1,1,1,1,14,18,Unicorn_Absent,-1,-1.0,3,518,0.8875,32.0,0.0,50.0,0.36,0.5,DOWN,0.9,1.0,0.36,16,UP,3,2
816,66434361,49,664367,Absent,32,1,1,1,1,0,0,0,0,1,1,1,1,0,0,0,0,1,1,1,1,0,0,0,0,1,1,1,1,0,0,0,0,1,1,1,1,0,0,0,0,1,1,1,1,0,0,0,0,1,1,1,1,0,0,0,0,1,1,1,1,0,0,0,0,18,14,Unicorn_Absent,-1,-1.0,5,536,0.9125,32.0,0.3333333333333333,46.0,0.06289308176100633,0.5,LEFT,0.8875,0.0,0.36,18,DOWN,3,2
820,66434361,51,664367,Absent,0,0,0,0,0,0,0,0,0,0,0,0,0,0,0,0,0,0,0,0,0,0,0,0,0,0,0,0,0,0,0,0,0,0,0,0,0,0,0,0,0,0,0,0,0,0,0,0,0,0,0,0,0,0,0,0,0,0,0,0,0,0,0,0,0,32,0,Unicorn_Absent,-1,-1.0,2,594,1.0,0.0,0.0,36.0,0.06289308176100633,0.5625,NOTHING,0.9125,0.3333333333333333,0.06289308176100633,14,LEFT,3,2
824,66434361,53,664367,Absent,36,0,0,0,0,0,0,0,0,0,1,1,1,1,1,1,0,0,1,1,1,1,1,1,0,0,1,1,1,1,1,1,0,0,1,1,1,1,1,1,0,0,1,1,1,1,1,1,0,0,1,1,1,1,1,1,0,0,0,0,0,0,0,0,0,14,18,Unicorn_Absent,-1,-1.0,7,640,0.8875,36.0,0.0,50.0,0.06857142857142856,0.5,IN,1.0,0.0,0.06289308176100633,0,NOTHING,3,2
826,66434361,54,664367,Absent,62,0,0,1,0,1,1,1,1,0,1,1,1,0,1,0,1,0,0,1,1,1,1,0,1,1,1,1,1,0,1,1,0,1,0,1,0,0,1,0,1,0,0,0,1,0,0,1,0,1,0,1,1,1,0,1,1,1,1,1,1,0,0,0,1,14,18,Unicorn_Absent,-1,-1.0,0,654,0.8875,38.0,0.39622641509433965,52.0,0.06857142857142856,0.53125,RS,0.8875,0.0,0.06857142857142856,18,IN,3,2
828,66434361,55,664367,Absent,32,1,1,1,1,1,1,1,1,1,1,1,1,1,1,1,1,1,1,1,1,1,1,1,1,1,1,1,1,1,1,1,1,0,0,0,0,0,0,0,0,0,0,0,0,0,0,0,0,0,0,0,0,0,0,0,0,0,0,0,0,0,0,0,0,14,18,Unicorn_Absent,-1,-1.0,4,668,0.8875,32.0,0.42857142857142855,50.0,0.026666666666666672,0.5,UP,0.8875,0.39622641509433965,0.06857142857142856,18,RS,3,2
836,66434361,59,664367,Absent,32,1,1,1,1,0,0,0,0,1,1,1,1,0,0,0,0,1,1,1,1,0,0,0,0,1,1,1,1,0,0,0,0,1,1,1,1,0,0,0,0,1,1,1,1,0,0,0,0,1,1,1,1,0,0,0,0,1,1,1,1,0,0,0,0,16,16,Unicorn_Absent,-1,-1.0,5,780,0.9,32.0,0.3333333333333333,48.0,0.026666666666666672,0.5,LEFT,0.8875,0.42857142857142855,0.026666666666666672,18,UP,3,2
5165,66481143,3,114304,Absent,32,0,0,0,0,1,1,1,1,0,0,0,0,1,1,1,1,0,0,0,0,1,1,1,1,0,0,0,0,1,1,1,1,0,0,0,0,1,1,1,1,0,0,0,0,1,1,1,1,0,0,0,0,1,1,1,1,0,0,0,0,1,1,1,1,16,16,Unicorn_Absent,-1,-1.0,6,-31,0.9,32.0,1.0,48.0,0.0,0.5,RIGHT,,,,,,3,2
5171,66481143,6,114304,Absent,64,1,1,1,1,1,1,1,1,1,1,1,1,1,1,1,1,1,1,1,1,1,1,1,1,1,1,1,1,1,1,1,1,1,1,1,1,1,1,1,1,1,1,1,1,1,1,1,1,1,1,1,1,1,1,1,1,1,1,1,1,1,1,1,1,0,32,Unicorn_Absent,-1,-1.0,1,-131,0.8,64.0,0.5,64.0,0.0,0.5,ALL,0.9,1.0,0.0,16,RIGHT,3,2
5173,66481143,7,114304,Absent,33,1,1,1,1,1,1,1,0,0,0,1,0,0,1,1,0,0,0,0,1,0,1,0,0,0,1,0,1,0,0,1,1,1,0,1,1,0,0,0,0,0,0,0,0,1,0,0,0,1,1,0,1,1,0,1,1,0,1,0,0,0,1,0,0,20,12,Unicorn_Absent,-1,-1.0,9,-111,0.925,28.0,0.4375,48.0,0.5,0.5625,,0.8,0.5,0.0,32,ALL,3,2
5175,66481143,8,114304,Absent,32,0,0,0,0,1,1,1,1,0,0,0,0,1,1,1,1,0,0,0,0,1,1,1,1,0,0,0,0,1,1,1,1,0,0,0,0,1,1,1,1,0,0,0,0,1,1,1,1,0,0,0,0,1,1,1,1,0,0,0,0,1,1,1,1,0,32,Unicorn_Absent,-1,-1.0,6,-111,0.8,32.0,0.2765957446808511,32.0,0.5,0.0,RIGHT,0.925,0.4375,0.5,12,,3,2
5185,66481143,13,114304,Absent,36,0,0,0,0,0,0,0,0,0,1,1,1,1,1,1,0,0,1,1,1,1,1,1,0,0,1,1,1,1,1,1,0,0,1,1,1,1,1,1,0,0,1,1,1,1,1,1,0,0,1,1,1,1,1,1,0,0,0,0,0,0,0,0,0,14,18,Unicorn_Absent,-1,-1.0,7,-395,0.8875,36.0,0.36,50.0,0.4375,0.5,IN,0.8,0.2765957446808511,0.5,32,RIGHT,3,2
5187,66481143,14,114304,Absent,0,0,0,0,0,0,0,0,0,0,0,0,0,0,0,0,0,0,0,0,0,0,0,0,0,0,0,0,0,0,0,0,0,0,0,0,0,0,0,0,0,0,0,0,0,0,0,0,0,0,0,0,0,0,0,0,0,0,0,0,0,0,0,0,0,32,0,Unicorn_Absent,-1,-1.0,2,-363,1.0,0.0,0.0,32.0,0.4375,0.5,NOTHING,0.8875,0.36,0.4375,18,IN,3,2
5189,66481143,15,114304,Absent,0,0,0,0,0,0,0,0,0,0,0,0,0,0,0,0,0,0,0,0,0,0,0,0,0,0,0,0,0,0,0,0,0,0,0,0,0,0,0,0,0,0,0,0,0,0,0,0,0,0,0,0,0,0,0,0,0,0,0,0,0,0,0,0,0,32,0,Unicorn_Absent,-1,-1.0,2,-331,1.0,0.0,1.0,32.0,0.05673758865248224,0.5,NOTHING,1.0,0.0,0.4375,0,NOTHING,3,2
5191,66481143,16,114304,Absent,0,0,0,0,0,0,0,0,0,0,0,0,0,0,0,0,0,0,0,0,0,0,0,0,0,0,0,0,0,0,0,0,0,0,0,0,0,0,0,0,0,0,0,0,0,0,0,0,0,0,0,0,0,0,0,0,0,0,0,0,0,0,0,0,0,32,0,Unicorn_Absent,-1,-1.0,2,-299,1.0,0.0,1.0,32.0,0.05673758865248224,0.5,NOTHING,1.0,1.0,0.05673758865248224,0,NOTHING,3,2
5195,66481143,18,114304,Absent,0,0,0,0,0,0,0,0,0,0,0,0,0,0,0,0,0,0,0,0,0,0,0,0,0,0,0,0,0,0,0,0,0,0,0,0,0,0,0,0,0,0,0,0,0,0,0,0,0,0,0,0,0,0,0,0,0,0,0,0,0,0,0,0,0,32,0,Unicorn_Absent,-1,-1.0,2,-235,1.0,0.0,1.0,64.0,0.64,1.0,NOTHING,1.0,1.0,0.05673758865248224,0,NOTHING,3,2
5201,66481143,21,114304,Absent,0,0,0,0,0,0,0,0,0,0,0,0,0,0,0,0,0,0,0,0,0,0,0,0,0,0,0,0,0,0,0,0,0,0,0,0,0,0,0,0,0,0,0,0,0,0,0,0,0,0,0,0,0,0,0,0,0,0,0,0,0,0,0,0,0,32,0,Unicorn_Absent,-1,-1.0,2,-139,1.0,0.0,1.0,64.0,0.64,1.0,NOTHING,1.0,1.0,0.64,0,NOTHING,3,2
5215,66481143,28,114304,Absent,28,1,1,1,1,1,1,1,1,1,0,0,0,0,0,0,1,1,0,0,0,0,0,0,1,1,0,0,0,0,0,0,1,1,0,0,0,0,0,0,1,1,0,0,0,0,0,0,1,1,0,0,0,0,0,0,1,1,1,1,1,1,1,1,1,32,0,Unicorn_Absent,-1,-1.0,8,-178,1.0,28.0,0.0,64.0,0.3333333333333333,1.0,OUT,1.0,1.0,0.64,0,NOTHING,3,2
5219,66481143,30,114304,Absent,28,1,1,1,1,1,1,1,1,1,0,0,0,0,0,0,1,1,0,0,0,0,0,0,1,1,0,0,0,0,0,0,1,1,0,0,0,0,0,0,1,1,0,0,0,0,0,0,1,1,0,0,0,0,0,0,1,1,1,1,1,1,1,1,1,18,14,Unicorn_Absent,-1,-1.0,8,-128,0.9125,28.0,1.0,46.0,0.3333333333333333,0.5,OUT,1.0,0.0,0.3333333333333333,0,OUT,3,2
5221,66481143,31,114304,Absent,28,1,1,1,1,1,1,1,1,1,0,0,0,0,0,0,1,1,0,0,0,0,0,0,1,1,0,0,0,0,0,0,1,1,0,0,0,0,0,0,1,1,0,0,0,0,0,0,1,1,0,0,0,0,0,0,1,1,1,1,1,1,1,1,1,18,14,Unicorn_Absent,-1,-1.0,8,-110,0.9125,28.0,1.0,46.0,1.0,0.5,OUT,0.9125,1.0,0.3333333333333333,14,OUT,3,2
5223,66481143,32,114304,Absent,36,0,0,0,0,0,0,0,0,0,1,1,1,1,1,1,0,0,1,1,1,1,1,1,0,0,1,1,1,1,1,1,0,0,1,1,1,1,1,1,0,0,1,1,1,1,1,1,0,0,1,1,1,1,1,1,0,0,0,0,0,0,0,0,0,14,18,Unicorn_Absent,-1,-1.0,7,-96,0.8875,36.0,0.0,50.0,1.0,0.5,IN,0.9125,1.0,1.0,14,OUT,3,2
5229,66481143,35,114304,Absent,0,0,0,0,0,0,0,0,0,0,0,0,0,0,0,0,0,0,0,0,0,0,0,0,0,0,0,0,0,0,0,0,0,0,0,0,0,0,0,0,0,0,0,0,0,0,0,0,0,0,0,0,0,0,0,0,0,0,0,0,0,0,0,0,0,32,0,Unicorn_Absent,-1,-1.0,2,-9,1.0,0.0,0.0,32.0,0.0,0.5,NOTHING,0.8875,0.0,1.0,18,IN,3,2
5233,66481143,37,114304,Absent,32,1,1,1,1,0,0,0,0,1,1,1,1,0,0,0,0,1,1,1,1,0,0,0,0,1,1,1,1,0,0,0,0,1,1,1,1,0,0,0,0,1,1,1,1,0,0,0,0,1,1,1,1,0,0,0,0,1,1,1,1,0,0,0,0,18,14,Unicorn_Absent,-1,-1.0,5,-71,0.9125,32.0,0.0,46.0,0.0,0.5,LEFT,1.0,0.0,0.0,0,NOTHING,3,2
5239,66481143,40,114304,Absent,32,0,0,0,0,0,0,0,0,0,0,0,0,0,0,0,0,0,0,0,0,0,0,0,0,0,0,0,0,0,0,0,0,1,1,1,1,1,1,1,1,1,1,1,1,1,1,1,1,1,1,1,1,1,1,1,1,1,1,1,1,1,1,1,1,0,32,Unicorn_Absent,-1,-1.0,3,-7,0.8,32.0,0.3333333333333333,64.0,0.5,0.5,DOWN,0.9125,0.0,0.0,14,LEFT,3,2
5243,66481143,42,114304,Absent,28,1,1,1,1,1,1,1,1,1,0,0,0,0,0,0,1,1,0,0,0,0,0,0,1,1,0,0,0,0,0,0,1,1,0,0,0,0,0,0,1,1,0,0,0,0,0,0,1,1,0,0,0,0,0,0,1,1,1,1,1,1,1,1,1,32,0,Unicorn_Absent,-1,-1.0,8,-39,1.0,28.0,0.30434782608695654,28.0,0.5,0.4375,OUT,0.8,0.3333333333333333,0.5,32,DOWN,3,2
5245,66481143,43,114304,Absent,28,1,1,1,1,1,1,1,1,1,0,0,0,0,0,0,1,1,0,0,0,0,0,0,1,1,0,0,0,0,0,0,1,1,0,0,0,0,0,0,1,1,0,0,0,0,0,0,1,1,0,0,0,0,0,0,1,1,1,1,1,1,1,1,1,32,0,Unicorn_Absent,-1,-1.0,8,-7,1.0,28.0,1.0,28.0,0.0,0.4375,OUT,1.0,0.30434782608695654,0.5,0,OUT,3,2
5247,66481143,44,114304,Absent,28,1,1,1,1,1,1,1,1,1,0,0,0,0,0,0,1,1,0,0,0,0,0,0,1,1,0,0,0,0,0,0,1,1,0,0,0,0,0,0,1,1,0,0,0,0,0,0,1,1,0,0,0,0,0,0,1,1,1,1,1,1,1,1,1,18,14,Unicorn_Absent,-1,-1.0,8,11,0.9125,28.0,1.0,46.0,0.0,0.5,OUT,1.0,1.0,0.0,0,OUT,3,2
5249,66481143,45,114304,Absent,32,1,1,1,1,1,1,1,1,1,1,1,1,1,1,1,1,1,1,1,1,1,1,1,1,1,1,1,1,1,1,1,1,0,0,0,0,0,0,0,0,0,0,0,0,0,0,0,0,0,0,0,0,0,0,0,0,0,0,0,0,0,0,0,0,14,18,Unicorn_Absent,-1,-1.0,4,25,0.8875,32.0,0.30434782608695654,50.0,0.5625,0.5,UP,0.9125,1.0,0.0,14,OUT,3,2
5251,66481143,46,114304,Absent,32,0,0,0,0,0,0,0,0,0,0,0,0,0,0,0,0,0,0,0,0,0,0,0,0,0,0,0,0,0,0,0,0,1,1,1,1,1,1,1,1,1,1,1,1,1,1,1,1,1,1,1,1,1,1,1,1,1,1,1,1,1,1,1,1,18,14,Unicorn_Absent,-1,-1.0,3,43,0.9125,32.0,0.0,46.0,0.5625,0.5,DOWN,0.8875,0.30434782608695654,0.5625,18,UP,3,2
5253,66481143,47,114304,Absent,32,1,1,1,1,1,1,1,1,1,1,1,1,1,1,1,1,1,1,1,1,1,1,1,1,1,1,1,1,1,1,1,1,0,0,0,0,0,0,0,0,0,0,0,0,0,0,0,0,0,0,0,0,0,0,0,0,0,0,0,0,0,0,0,0,14,18,Unicorn_Absent,-1,-1.0,4,57,0.8875,32.0,0.0,50.0,0.64,0.5,UP,0.9125,0.0,0.5625,14,DOWN,3,2
5257,66481143,49,114304,Absent,28,1,1,1,1,1,1,1,1,1,0,0,0,0,0,0,1,1,0,0,0,0,0,0,1,1,0,0,0,0,0,0,1,1,0,0,0,0,0,0,1,1,0,0,0,0,0,0,1,1,0,0,0,0,0,0,1,1,1,1,1,1,1,1,1,17,15,Unicorn_Absent,-1,-1.0,8,-8,0.90625,28.0,0.30434782608695654,48.0,0.64,0.515625,OUT,0.8875,0.0,0.64,18,UP,3,2
5259,66481143,50,114304,Absent,32,0,0,0,0,1,1,1,1,0,0,0,0,1,1,1,1,0,0,0,0,1,1,1,1,0,0,0,0,1,1,1,1,0,0,0,0,1,1,1,1,0,0,0,0,1,1,1,1,0,0,0,0,1,1,1,1,0,0,0,0,1,1,1,1,0,32,Unicorn_Absent,-1,-1.0,6,-8,0.8,32.0,0.30434782608695654,64.0,1.0,0.5,RIGHT,0.90625,0.30434782608695654,0.64,15,OUT,3,2
5261,66481143,51,114304,Absent,32,1,1,1,1,0,0,0,0,1,1,1,1,0,0,0,0,1,1,1,1,0,0,0,0,1,1,1,1,0,0,0,0,1,1,1,1,0,0,0,0,1,1,1,1,0,0,0,0,1,1,1,1,0,0,0,0,1,1,1,1,0,0,0,0,32,0,Unicorn_Absent,-1,-1.0,5,24,1.0,32.0,0.0,32.0,1.0,0.5,LEFT,0.8,0.30434782608695654,1.0,32,RIGHT,3,2
5267,66481143,54,114304,Absent,28,1,1,1,1,1,1,1,1,1,0,0,0,0,0,0,1,1,0,0,0,0,0,0,1,1,0,0,0,0,0,0,1,1,0,0,0,0,0,0,1,1,0,0,0,0,0,0,1,1,0,0,0,0,0,0,1,1,1,1,1,1,1,1,1,32,0,Unicorn_Absent,-1,-1.0,8,24,1.0,28.0,0.30434782608695654,64.0,0.0,1.0,OUT,1.0,0.0,1.0,0,LEFT,3,2
5269,66481143,55,114304,Absent,28,1,1,1,1,1,1,1,1,1,0,0,0,0,0,0,1,1,0,0,0,0,0,0,1,1,0,0,0,0,0,0,1,1,0,0,0,0,0,0,1,1,0,0,0,0,0,0,1,1,0,0,0,0,0,0,1,1,1,1,1,1,1,1,1,32,0,Unicorn_Absent,-1,-1.0,8,56,1.0,28.0,1.0,64.0,0.0,1.0,OUT,1.0,0.30434782608695654,0.0,0,OUT,3,2
5271,66481143,56,114304,Absent,28,1,1,1,1,1,1,1,1,1,0,0,0,0,0,0,1,1,0,0,0,0,0,0,1,1,0,0,0,0,0,0,1,1,0,0,0,0,0,0,1,1,0,0,0,0,0,0,1,1,0,0,0,0,0,0,1,1,1,1,1,1,1,1,1,32,0,Unicorn_Absent,-1,-1.0,8,88,1.0,28.0,1.0,64.0,0.3333333333333333,1.0,OUT,1.0,1.0,0.0,0,OUT,3,2
5273,66481143,57,114304,Absent,28,1,1,1,1,1,1,1,1,1,0,0,0,0,0,0,1,1,0,0,0,0,0,0,1,1,0,0,0,0,0,0,1,1,0,0,0,0,0,0,1,1,0,0,0,0,0,0,1,1,0,0,0,0,0,0,1,1,1,1,1,1,1,1,1,32,0,Unicorn_Absent,-1,-1.0,8,120,1.0,28.0,1.0,64.0,0.3333333333333333,1.0,OUT,1.0,1.0,0.3333333333333333,0,OUT,3,2
5275,66481143,58,114304,Absent,28,1,1,1,1,1,1,1,1,1,0,0,0,0,0,0,1,1,0,0,0,0,0,0,1,1,0,0,0,0,0,0,1,1,0,0,0,0,0,0,1,1,0,0,0,0,0,0,1,1,0,0,0,0,0,0,1,1,1,1,1,1,1,1,1,4,28,Unicorn_Absent,-1,-1.0,8,124,0.825,28.0,1.0,28.0,0.30434782608695654,0.0,OUT,1.0,1.0,0.3333333333333333,0,OUT,3,2
5277,66481143,59,114304,Absent,28,1,1,1,1,1,1,1,1,1,0,0,0,0,0,0,1,1,0,0,0,0,0,0,1,1,0,0,0,0,0,0,1,1,0,0,0,0,0,0,1,1,0,0,0,0,0,0,1,1,0,0,0,0,0,0,1,1,1,1,1,1,1,1,1,32,0,Unicorn_Absent,-1,-1.0,8,156,1.0,28.0,1.0,64.0,0.30434782608695654,1.0,OUT,0.825,1.0,0.30434782608695654,28,OUT,3,2
5164,66481143,3,664815,Absent,32,0,0,0,0,0,0,0,0,0,0,0,0,0,0,0,0,0,0,0,0,0,0,0,0,0,0,0,0,0,0,0,0,1,1,1,1,1,1,1,1,1,1,1,1,1,1,1,1,1,1,1,1,1,1,1,1,1,1,1,1,1,1,1,1,16,16,Unicorn_Absent,-1,-1.0,3,-31,0.9,32.0,1.0,48.0,0.10416666666666669,0.5,DOWN,,,,,,3,2
5170,66481143,6,664815,Absent,32,1,1,1,1,1,1,1,1,1,1,1,1,1,1,1,1,1,1,1,1,1,1,1,1,1,1,1,1,1,1,1,1,0,0,0,0,0,0,0,0,0,0,0,0,0,0,0,0,0,0,0,0,0,0,0,0,0,0,0,0,0,0,0,0,0,32,Unicorn_Absent,-1,-1.0,4,-131,0.8,32.0,0.0,64.0,0.10416666666666669,0.5,UP,0.9,1.0,0.10416666666666669,16,DOWN,3,2
5172,66481143,7,664815,Absent,32,0,0,0,0,0,0,0,0,0,0,0,0,0,0,0,0,0,0,0,0,0,0,0,0,0,0,0,0,0,0,0,0,1,1,1,1,1,1,1,1,1,1,1,1,1,1,1,1,1,1,1,1,1,1,1,1,1,1,1,1,1,1,1,1,20,12,Unicorn_Absent,-1,-1.0,3,-111,0.925,32.0,0.0,48.0,0.30434782608695654,0.5625,DOWN,0.8,0.0,0.10416666666666669,32,UP,3,2
5174,66481143,8,664815,Absent,32,0,0,0,0,1,1,1,1,0,0,0,0,1,1,1,1,0,0,0,0,1,1,1,1,0,0,0,0,1,1,1,1,0,0,0,0,1,1,1,1,0,0,0,0,1,1,1,1,0,0,0,0,1,1,1,1,0,0,0,0,1,1,1,1,0,32,Unicorn_Absent,-1,-1.0,6,-111,0.8,32.0,0.3333333333333333,32.0,0.30434782608695654,0.0,RIGHT,0.925,0.0,0.30434782608695654,12,DOWN,3,2
5184,66481143,13,664815,Absent,32,0,0,0,0,1,1,1,1,0,0,0,0,1,1,1,1,0,0,0,0,1,1,1,1,0,0,0,0,1,1,1,1,0,0,0,0,1,1,1,1,0,0,0,0,1,1,1,1,0,0,0,0,1,1,1,1,0,0,0,0,1,1,1,1,14,18,Unicorn_Absent,-1,-1.0,6,-395,0.8875,32.0,1.0,50.0,0.0,0.5,RIGHT,0.8,0.3333333333333333,0.30434782608695654,32,RIGHT,3,2
5186,66481143,14,664815,Absent,32,1,1,1,1,1,1,1,1,1,1,1,1,1,1,1,1,1,1,1,1,1,1,1,1,1,1,1,1,1,1,1,1,0,0,0,0,0,0,0,0,0,0,0,0,0,0,0,0,0,0,0,0,0,0,0,0,0,0,0,0,0,0,0,0,32,0,Unicorn_Absent,-1,-1.0,4,-363,1.0,32.0,0.3333333333333333,32.0,0.0,0.5,UP,0.8875,1.0,0.0,18,RIGHT,3,2
5188,66481143,15,664815,Absent,32,0,0,0,0,0,0,0,0,0,0,0,0,0,0,0,0,0,0,0,0,0,0,0,0,0,0,0,0,0,0,0,0,1,1,1,1,1,1,1,1,1,1,1,1,1,1,1,1,1,1,1,1,1,1,1,1,1,1,1,1,1,1,1,1,32,0,Unicorn_Absent,-1,-1.0,3,-331,1.0,32.0,0.0,32.0,1.0,0.5,DOWN,1.0,0.3333333333333333,0.0,0,UP,3,2
5190,66481143,16,664815,Absent,32,0,0,0,0,0,0,0,0,0,0,0,0,0,0,0,0,0,0,0,0,0,0,0,0,0,0,0,0,0,0,0,0,1,1,1,1,1,1,1,1,1,1,1,1,1,1,1,1,1,1,1,1,1,1,1,1,1,1,1,1,1,1,1,1,32,0,Unicorn_Absent,-1,-1.0,3,-299,1.0,32.0,1.0,32.0,1.0,0.5,DOWN,1.0,0.0,1.0,0,DOWN,3,2
5194,66481143,18,664815,Absent,64,1,1,1,1,1,1,1,1,1,1,1,1,1,1,1,1,1,1,1,1,1,1,1,1,1,1,1,1,1,1,1,1,1,1,1,1,1,1,1,1,1,1,1,1,1,1,1,1,1,1,1,1,1,1,1,1,1,1,1,1,1,1,1,1,32,0,Unicorn_Absent,-1,-1.0,1,-235,1.0,64.0,0.5,64.0,0.055652173913043446,1.0,ALL,1.0,1.0,1.0,0,DOWN,3,2
5200,66481143,21,664815,Absent,64,1,1,1,1,1,1,1,1,1,1,1,1,1,1,1,1,1,1,1,1,1,1,1,1,1,1,1,1,1,1,1,1,1,1,1,1,1,1,1,1,1,1,1,1,1,1,1,1,1,1,1,1,1,1,1,1,1,1,1,1,1,1,1,1,32,0,Unicorn_Absent,-1,-1.0,1,-139,1.0,64.0,1.0,64.0,0.055652173913043446,1.0,ALL,1.0,0.5,0.055652173913043446,0,ALL,3,2
5214,66481143,28,664815,Absent,36,0,0,0,0,0,0,0,0,0,1,1,1,1,1,1,0,0,1,1,1,1,1,1,0,0,1,1,1,1,1,1,0,0,1,1,1,1,1,1,0,0,1,1,1,1,1,1,0,0,1,1,1,1,1,1,0,0,0,0,0,0,0,0,0,32,0,Unicorn_Absent,-1,-1.0,7,-178,1.0,36.0,0.5625,64.0,0.0,1.0,IN,1.0,1.0,0.055652173913043446,0,ALL,3,2
5218,66481143,30,664815,Absent,32,0,0,0,0,0,0,0,0,0,0,0,0,0,0,0,0,0,0,0,0,0,0,0,0,0,0,0,0,0,0,0,0,1,1,1,1,1,1,1,1,1,1,1,1,1,1,1,1,1,1,1,1,1,1,1,1,1,1,1,1,1,1,1,1,18,14,Unicorn_Absent,-1,-1.0,3,-128,0.9125,32.0,0.36,46.0,0.0,0.5,DOWN,1.0,0.5625,0.0,0,IN,3,2
5220,66481143,31,664815,Absent,32,1,1,1,1,1,1,1,1,1,1,1,1,1,1,1,1,1,1,1,1,1,1,1,1,1,1,1,1,1,1,1,1,0,0,0,0,0,0,0,0,0,0,0,0,0,0,0,0,0,0,0,0,0,0,0,0,0,0,0,0,0,0,0,0,18,14,Unicorn_Absent,-1,-1.0,4,-110,0.9125,32.0,0.0,46.0,0.0,0.5,UP,0.9125,0.36,0.0,14,DOWN,3,2
5222,66481143,32,664815,Absent,32,0,0,0,0,0,0,0,0,0,0,0,0,0,0,0,0,0,0,0,0,0,0,0,0,0,0,0,0,0,0,0,0,1,1,1,1,1,1,1,1,1,1,1,1,1,1,1,1,1,1,1,1,1,1,1,1,1,1,1,1,1,1,1,1,14,18,Unicorn_Absent,-1,-1.0,3,-96,0.8875,32.0,0.0,50.0,0.0,0.5,DOWN,0.9125,0.0,0.0,14,UP,3,2
5228,66481143,35,664815,Absent,32,1,1,1,1,0,0,0,0,1,1,1,1,0,0,0,0,1,1,1,1,0,0,0,0,1,1,1,1,0,0,0,0,1,1,1,1,0,0,0,0,1,1,1,1,0,0,0,0,1,1,1,1,0,0,0,0,1,1,1,1,0,0,0,0,32,0,Unicorn_Absent,-1,-1.0,5,-9,1.0,32.0,0.3333333333333333,32.0,0.08780903665814149,0.5,LEFT,0.8875,0.0,0.0,18,DOWN,3,2
5232,66481143,37,664815,Absent,28,1,1,1,1,1,1,1,1,1,0,0,0,0,0,0,1,1,0,0,0,0,0,0,1,1,0,0,0,0,0,0,1,1,0,0,0,0,0,0,1,1,0,0,0,0,0,0,1,1,0,0,0,0,0,0,1,1,1,1,1,1,1,1,1,18,14,Unicorn_Absent,-1,-1.0,8,-71,0.9125,28.0,0.30434782608695654,46.0,0.08780903665814149,0.5,OUT,1.0,0.3333333333333333,0.08780903665814149,0,LEFT,3,2
5238,66481143,40,664815,Absent,64,1,1,1,1,1,1,1,1,1,1,1,1,1,1,1,1,1,1,1,1,1,1,1,1,1,1,1,1,1,1,1,1,1,1,1,1,1,1,1,1,1,1,1,1,1,1,1,1,1,1,1,1,1,1,1,1,1,1,1,1,1,1,1,1,0,32,Unicorn_Absent,-1,-1.0,1,-7,0.8,64.0,0.4375,64.0,0.24252717391304346,0.5,ALL,0.9125,0.30434782608695654,0.08780903665814149,14,OUT,3,2
5242,66481143,42,664815,Absent,0,0,0,0,0,0,0,0,0,0,0,0,0,0,0,0,0,0,0,0,0,0,0,0,0,0,0,0,0,0,0,0,0,0,0,0,0,0,0,0,0,0,0,0,0,0,0,0,0,0,0,0,0,0,0,0,0,0,0,0,0,0,0,0,0,32,0,Unicorn_Absent,-1,-1.0,2,-39,1.0,0.0,0.0,28.0,0.24252717391304346,0.4375,NOTHING,0.8,0.4375,0.24252717391304346,32,ALL,3,2
5244,66481143,43,664815,Absent,0,0,0,0,0,0,0,0,0,0,0,0,0,0,0,0,0,0,0,0,0,0,0,0,0,0,0,0,0,0,0,0,0,0,0,0,0,0,0,0,0,0,0,0,0,0,0,0,0,0,0,0,0,0,0,0,0,0,0,0,0,0,0,0,0,32,0,Unicorn_Absent,-1,-1.0,2,-7,1.0,0.0,1.0,28.0,0.0,0.4375,NOTHING,1.0,0.0,0.24252717391304346,0,NOTHING,3,2
5246,66481143,44,664815,Absent,32,0,0,0,0,0,0,0,0,0,0,0,0,0,0,0,0,0,0,0,0,0,0,0,0,0,0,0,0,0,0,0,0,1,1,1,1,1,1,1,1,1,1,1,1,1,1,1,1,1,1,1,1,1,1,1,1,1,1,1,1,1,1,1,1,18,14,Unicorn_Absent,-1,-1.0,3,11,0.9125,32.0,0.0,46.0,0.0,0.5,DOWN,1.0,1.0,0.0,0,NOTHING,3,2
5248,66481143,45,664815,Absent,36,0,0,0,0,0,0,0,0,0,1,1,1,1,1,1,0,0,1,1,1,1,1,1,0,0,1,1,1,1,1,1,0,0,1,1,1,1,1,1,0,0,1,1,1,1,1,1,0,0,1,1,1,1,1,1,0,0,0,0,0,0,0,0,0,14,18,Unicorn_Absent,-1,-1.0,7,25,0.8875,36.0,0.36,50.0,0.30434782608695654,0.5,IN,0.9125,0.0,0.0,14,DOWN,3,2
5250,66481143,46,664815,Absent,28,1,1,1,1,1,1,1,1,1,0,0,0,0,0,0,1,1,0,0,0,0,0,0,1,1,0,0,0,0,0,0,1,1,0,0,0,0,0,0,1,1,0,0,0,0,0,0,1,1,0,0,0,0,0,0,1,1,1,1,1,1,1,1,1,18,14,Unicorn_Absent,-1,-1.0,8,43,0.9125,28.0,0.0,46.0,0.30434782608695654,0.5,OUT,0.8875,0.36,0.30434782608695654,18,IN,3,2
5252,66481143,47,664815,Absent,36,0,0,0,0,0,0,0,0,0,1,1,1,1,1,1,0,0,1,1,1,1,1,1,0,0,1,1,1,1,1,1,0,0,1,1,1,1,1,1,0,0,1,1,1,1,1,1,0,0,1,1,1,1,1,1,0,0,0,0,0,0,0,0,0,14,18,Unicorn_Absent,-1,-1.0,7,57,0.8875,36.0,0.0,50.0,0.0,0.5,IN,0.9125,0.0,0.30434782608695654,14,OUT,3,2
5256,66481143,49,664815,Absent,56,1,0,0,1,0,1,0,0,1,1,0,1,1,1,1,1,1,0,1,1,1,0,1,1,0,1,0,0,0,1,1,0,1,0,0,0,0,1,0,1,0,1,0,1,0,1,0,0,0,1,0,0,1,1,1,0,0,1,1,1,1,0,1,1,17,15,Unicorn_Absent,-1,-1.0,0,-8,0.90625,35.0,0.39215686274509803,48.0,0.0,0.515625,RS,0.8875,0.0,0.0,18,IN,3,2
5258,66481143,50,664815,Absent,64,1,1,1,1,1,1,1,1,1,1,1,1,1,1,1,1,1,1,1,1,1,1,1,1,1,1,1,1,1,1,1,1,1,1,1,1,1,1,1,1,1,1,1,1,1,1,1,1,1,1,1,1,1,1,1,1,1,1,1,1,1,1,1,1,0,32,Unicorn_Absent,-1,-1.0,1,-8,0.8,64.0,0.546875,64.0,0.0,0.5,ALL,0.90625,0.39215686274509803,0.0,15,RS,3,2
5260,66481143,51,664815,Absent,0,0,0,0,0,0,0,0,0,0,0,0,0,0,0,0,0,0,0,0,0,0,0,0,0,0,0,0,0,0,0,0,0,0,0,0,0,0,0,0,0,0,0,0,0,0,0,0,0,0,0,0,0,0,0,0,0,0,0,0,0,0,0,0,0,32,0,Unicorn_Absent,-1,-1.0,2,24,1.0,0.0,0.0,32.0,0.0,0.5,NOTHING,0.8,0.546875,0.0,32,ALL,3,2
5266,66481143,54,664815,Absent,36,0,0,0,0,0,0,0,0,0,1,1,1,1,1,1,0,0,1,1,1,1,1,1,0,0,1,1,1,1,1,1,0,0,1,1,1,1,1,1,0,0,1,1,1,1,1,1,0,0,1,1,1,1,1,1,0,0,0,0,0,0,0,0,0,32,0,Unicorn_Absent,-1,-1.0,7,24,1.0,36.0,0.0,64.0,0.0,1.0,IN,1.0,0.0,0.0,0,NOTHING,3,2
5268,66481143,55,664815,Absent,36,0,0,0,0,0,0,0,0,0,1,1,1,1,1,1,0,0,1,1,1,1,1,1,0,0,1,1,1,1,1,1,0,0,1,1,1,1,1,1,0,0,1,1,1,1,1,1,0,0,1,1,1,1,1,1,0,0,0,0,0,0,0,0,0,32,0,Unicorn_Absent,-1,-1.0,7,56,1.0,36.0,1.0,64.0,0.0,1.0,IN,1.0,0.0,0.0,0,IN,3,2
5270,66481143,56,664815,Absent,36,0,0,0,0,0,0,0,0,0,1,1,1,1,1,1,0,0,1,1,1,1,1,1,0,0,1,1,1,1,1,1,0,0,1,1,1,1,1,1,0,0,1,1,1,1,1,1,0,0,1,1,1,1,1,1,0,0,0,0,0,0,0,0,0,32,0,Unicorn_Absent,-1,-1.0,7,88,1.0,36.0,1.0,64.0,1.0,1.0,IN,1.0,1.0,0.0,0,IN,3,2
5272,66481143,57,664815,Absent,36,0,0,0,0,0,0,0,0,0,1,1,1,1,1,1,0,0,1,1,1,1,1,1,0,0,1,1,1,1,1,1,0,0,1,1,1,1,1,1,0,0,1,1,1,1,1,1,0,0,1,1,1,1,1,1,0,0,0,0,0,0,0,0,0,32,0,Unicorn_Absent,-1,-1.0,7,120,1.0,36.0,1.0,64.0,1.0,1.0,IN,1.0,1.0,1.0,0,IN,3,2
5274,66481143,58,664815,Absent,28,1,1,1,1,1,1,1,1,1,0,0,0,0,0,0,1,1,0,0,0,0,0,0,1,1,0,0,0,0,0,0,1,1,0,0,0,0,0,0,1,1,0,0,0,0,0,0,1,1,0,0,0,0,0,0,1,1,1,1,1,1,1,1,1,4,28,Unicorn_Absent,-1,-1.0,8,124,0.825,28.0,0.0,28.0,1.0,0.0,OUT,1.0,1.0,1.0,0,IN,3,2
5276,66481143,59,664815,Absent,36,0,0,0,0,0,0,0,0,0,1,1,1,1,1,1,0,0,1,1,1,1,1,1,0,0,1,1,1,1,1,1,0,0,1,1,1,1,1,1,0,0,1,1,1,1,1,1,0,0,1,1,1,1,1,1,0,0,0,0,0,0,0,0,0,32,0,Unicorn_Absent,-1,-1.0,7,156,1.0,36.0,0.0,64.0,1.0,1.0,IN,0.825,0.0,1.0,28,OUT,3,2
5041,69793951,1,395113,Absent,26,1,0,0,0,1,0,0,0,0,0,0,0,0,1,0,0,1,0,0,0,1,0,1,1,0,0,0,1,1,0,1,0,0,0,1,0,1,1,0,1,0,1,1,0,0,1,1,0,0,0,0,0,1,1,0,0,0,1,0,0,0,0,0,0,25,7,Unicorn_Absent,-1,-1.0,9,25,0.95625,21.0,1.0,41.0,0.0,0.53125,,,,,,,3,2
5043,69793951,2,395113,Absent,32,0,0,0,0,0,0,0,0,0,0,0,0,0,0,0,0,0,0,0,0,0,0,0,0,0,0,0,0,0,0,0,0,1,1,1,1,1,1,1,1,1,1,1,1,1,1,1,1,1,1,1,1,1,1,1,1,1,1,1,1,1,1,1,1,32,0,Unicorn_Absent,-1,-1.0,3,57,1.0,32.0,0.2619047619047619,64.0,0.0,1.0,DOWN,0.95625,1.0,0.0,7,,3,2
5045,69793951,3,395113,Absent,32,0,0,0,0,0,0,0,0,0,0,0,0,0,0,0,0,0,0,0,0,0,0,0,0,0,0,0,0,0,0,0,0,1,1,1,1,1,1,1,1,1,1,1,1,1,1,1,1,1,1,1,1,1,1,1,1,1,1,1,1,1,1,1,1,32,0,Unicorn_Absent,-1,-1.0,3,89,1.0,32.0,1.0,64.0,0.08190476190476192,1.0,DOWN,1.0,0.2619047619047619,0.0,0,DOWN,3,2
5047,69793951,4,395113,Absent,32,0,0,0,0,0,0,0,0,0,0,0,0,0,0,0,0,0,0,0,0,0,0,0,0,0,0,0,0,0,0,0,0,1,1,1,1,1,1,1,1,1,1,1,1,1,1,1,1,1,1,1,1,1,1,1,1,1,1,1,1,1,1,1,1,32,0,Unicorn_Absent,-1,-1.0,3,121,1.0,32.0,1.0,64.0,0.08190476190476192,1.0,DOWN,1.0,1.0,0.08190476190476192,0,DOWN,3,2
5057,69793951,9,395113,Absent,32,0,0,0,0,0,0,0,0,0,0,0,0,0,0,0,0,0,0,0,0,0,0,0,0,0,0,0,0,0,0,0,0,1,1,1,1,1,1,1,1,1,1,1,1,1,1,1,1,1,1,1,1,1,1,1,1,1,1,1,1,1,1,1,1,16,16,Unicorn_Absent,-1,-1.0,3,265,0.9,32.0,1.0,48.0,0.0,0.5,DOWN,1.0,1.0,0.08190476190476192,0,DOWN,3,2
5059,69793951,10,395113,Absent,32,0,0,0,0,0,0,0,0,0,0,0,0,0,0,0,0,0,0,0,0,0,0,0,0,0,0,0,0,0,0,0,0,1,1,1,1,1,1,1,1,1,1,1,1,1,1,1,1,1,1,1,1,1,1,1,1,1,1,1,1,1,1,1,1,0,32,Unicorn_Absent,-1,-1.0,3,265,0.8,32.0,1.0,32.0,0.0,0.0,DOWN,0.9,1.0,0.0,16,DOWN,3,2
5061,69793951,11,395113,Absent,32,0,0,0,0,0,0,0,0,0,0,0,0,0,0,0,0,0,0,0,0,0,0,0,0,0,0,0,0,0,0,0,0,1,1,1,1,1,1,1,1,1,1,1,1,1,1,1,1,1,1,1,1,1,1,1,1,1,1,1,1,1,1,1,1,16,16,Unicorn_Absent,-1,-1.0,3,281,0.9,32.0,1.0,48.0,0.0,0.5,DOWN,0.8,1.0,0.0,32,DOWN,3,2
5067,69793951,14,395113,Absent,28,1,1,1,1,1,1,1,1,1,0,0,0,0,0,0,1,1,0,0,0,0,0,0,1,1,0,0,0,0,0,0,1,1,0,0,0,0,0,0,1,1,0,0,0,0,0,0,1,1,0,0,0,0,0,0,1,1,1,1,1,1,1,1,1,18,14,Unicorn_Absent,-1,-1.0,8,153,0.9125,28.0,0.30434782608695654,46.0,0.0,0.5,OUT,0.9,1.0,0.0,16,DOWN,3,2
5069,69793951,15,395113,Absent,0,0,0,0,0,0,0,0,0,0,0,0,0,0,0,0,0,0,0,0,0,0,0,0,0,0,0,0,0,0,0,0,0,0,0,0,0,0,0,0,0,0,0,0,0,0,0,0,0,0,0,0,0,0,0,0,0,0,0,0,0,0,0,0,0,32,0,Unicorn_Absent,-1,-1.0,2,185,1.0,0.0,0.0,32.0,0.6666666666666667,0.5,NOTHING,0.9125,0.30434782608695654,0.0,14,OUT,3,2
5071,69793951,16,395113,Absent,32,0,0,0,0,0,0,0,0,0,0,0,0,0,0,0,0,0,0,0,0,0,0,0,0,0,0,0,0,0,0,0,0,1,1,1,1,1,1,1,1,1,1,1,1,1,1,1,1,1,1,1,1,1,1,1,1,1,1,1,1,1,1,1,1,0,32,Unicorn_Absent,-1,-1.0,3,185,0.8,32.0,0.0,32.0,0.6666666666666667,0.0,DOWN,1.0,0.0,0.6666666666666667,0,NOTHING,3,2
5073,69793951,17,395113,Absent,0,0,0,0,0,0,0,0,0,0,0,0,0,0,0,0,0,0,0,0,0,0,0,0,0,0,0,0,0,0,0,0,0,0,0,0,0,0,0,0,0,0,0,0,0,0,0,0,0,0,0,0,0,0,0,0,0,0,0,0,0,0,0,0,0,32,0,Unicorn_Absent,-1,-1.0,2,217,1.0,0.0,0.0,32.0,0.6666666666666667,0.5,NOTHING,0.8,0.0,0.6666666666666667,32,DOWN,3,2
5075,69793951,18,395113,Absent,0,0,0,0,0,0,0,0,0,0,0,0,0,0,0,0,0,0,0,0,0,0,0,0,0,0,0,0,0,0,0,0,0,0,0,0,0,0,0,0,0,0,0,0,0,0,0,0,0,0,0,0,0,0,0,0,0,0,0,0,0,0,0,0,0,32,0,Unicorn_Absent,-1,-1.0,2,249,1.0,0.0,1.0,32.0,0.6666666666666667,0.5,NOTHING,1.0,0.0,0.6666666666666667,0,NOTHING,3,2
5077,69793951,19,395113,Absent,0,0,0,0,0,0,0,0,0,0,0,0,0,0,0,0,0,0,0,0,0,0,0,0,0,0,0,0,0,0,0,0,0,0,0,0,0,0,0,0,0,0,0,0,0,0,0,0,0,0,0,0,0,0,0,0,0,0,0,0,0,0,0,0,0,32,0,Unicorn_Absent,-1,-1.0,2,281,1.0,0.0,1.0,32.0,0.6666666666666667,0.5,NOTHING,1.0,1.0,0.6666666666666667,0,NOTHING,3,2
5081,69793951,21,395113,Absent,0,0,0,0,0,0,0,0,0,0,0,0,0,0,0,0,0,0,0,0,0,0,0,0,0,0,0,0,0,0,0,0,0,0,0,0,0,0,0,0,0,0,0,0,0,0,0,0,0,0,0,0,0,0,0,0,0,0,0,0,0,0,0,0,0,32,0,Unicorn_Absent,-1,-1.0,2,345,1.0,0.0,1.0,32.0,0.6666666666666667,0.5,NOTHING,1.0,1.0,0.6666666666666667,0,NOTHING,3,2
5083,69793951,22,395113,Absent,0,0,0,0,0,0,0,0,0,0,0,0,0,0,0,0,0,0,0,0,0,0,0,0,0,0,0,0,0,0,0,0,0,0,0,0,0,0,0,0,0,0,0,0,0,0,0,0,0,0,0,0,0,0,0,0,0,0,0,0,0,0,0,0,0,32,0,Unicorn_Absent,-1,-1.0,2,377,1.0,0.0,1.0,32.0,0.6956521739130435,0.5,NOTHING,1.0,1.0,0.6666666666666667,0,NOTHING,3,2
5087,69793951,24,395113,Absent,32,1,1,1,1,1,1,1,1,1,1,1,1,1,1,1,1,1,1,1,1,1,1,1,1,1,1,1,1,1,1,1,1,0,0,0,0,0,0,0,0,0,0,0,0,0,0,0,0,0,0,0,0,0,0,0,0,0,0,0,0,0,0,0,0,16,16,Unicorn_Absent,-1,-1.0,4,329,0.9,32.0,0.0,48.0,0.6956521739130435,0.5,UP,1.0,1.0,0.6956521739130435,0,NOTHING,3,2
5091,69793951,26,395113,Absent,32,1,1,1,1,0,0,0,0,1,1,1,1,0,0,0,0,1,1,1,1,0,0,0,0,1,1,1,1,0,0,0,0,1,1,1,1,0,0,0,0,1,1,1,1,0,0,0,0,1,1,1,1,0,0,0,0,1,1,1,1,0,0,0,0,18,14,Unicorn_Absent,-1,-1.0,5,377,0.9125,32.0,0.3333333333333333,46.0,0.3333333333333333,0.5,LEFT,0.9,0.0,0.6956521739130435,16,UP,3,2
5099,69793951,30,395113,Absent,32,1,1,1,1,0,0,0,0,1,1,1,1,0,0,0,0,1,1,1,1,0,0,0,0,1,1,1,1,0,0,0,0,1,1,1,1,0,0,0,0,1,1,1,1,0,0,0,0,1,1,1,1,0,0,0,0,1,1,1,1,0,0,0,0,32,0,Unicorn_Absent,-1,-1.0,5,497,1.0,32.0,1.0,32.0,0.3333333333333333,0.5,LEFT,0.9125,0.3333333333333333,0.3333333333333333,14,LEFT,3,2
5101,69793951,31,395113,Absent,64,1,1,1,1,1,1,1,1,1,1,1,1,1,1,1,1,1,1,1,1,1,1,1,1,1,1,1,1,1,1,1,1,1,1,1,1,1,1,1,1,1,1,1,1,1,1,1,1,1,1,1,1,1,1,1,1,1,1,1,1,1,1,1,1,32,0,Unicorn_Absent,-1,-1.0,1,529,1.0,64.0,0.5,64.0,1.0,1.0,ALL,1.0,1.0,0.3333333333333333,0,LEFT,3,2
5105,69793951,33,395113,Absent,32,0,0,0,0,0,0,0,0,0,0,0,0,0,0,0,0,0,0,0,0,0,0,0,0,0,0,0,0,0,0,0,0,1,1,1,1,1,1,1,1,1,1,1,1,1,1,1,1,1,1,1,1,1,1,1,1,1,1,1,1,1,1,1,1,16,16,Unicorn_Absent,-1,-1.0,3,571,0.9,32.0,0.5,48.0,1.0,0.5,DOWN,1.0,0.5,1.0,0,ALL,3,2
5111,69793951,36,395113,Absent,0,0,0,0,0,0,0,0,0,0,0,0,0,0,0,0,0,0,0,0,0,0,0,0,0,0,0,0,0,0,0,0,0,0,0,0,0,0,0,0,0,0,0,0,0,0,0,0,0,0,0,0,0,0,0,0,0,0,0,0,0,0,0,0,0,32,0,Unicorn_Absent,-1,-1.0,2,571,1.0,0.0,0.0,36.0,0.3333333333333333,0.5625,NOTHING,0.9,0.5,1.0,16,DOWN,3,2
5113,69793951,37,395113,Absent,0,0,0,0,0,0,0,0,0,0,0,0,0,0,0,0,0,0,0,0,0,0,0,0,0,0,0,0,0,0,0,0,0,0,0,0,0,0,0,0,0,0,0,0,0,0,0,0,0,0,0,0,0,0,0,0,0,0,0,0,0,0,0,0,0,32,0,Unicorn_Absent,-1,-1.0,2,603,1.0,0.0,1.0,36.0,0.3333333333333333,0.5625,NOTHING,1.0,0.0,0.3333333333333333,0,NOTHING,3,2
5121,69793951,41,395113,Absent,32,0,0,0,0,0,0,0,0,0,0,0,0,0,0,0,0,0,0,0,0,0,0,0,0,0,0,0,0,0,0,0,0,1,1,1,1,1,1,1,1,1,1,1,1,1,1,1,1,1,1,1,1,1,1,1,1,1,1,1,1,1,1,1,1,14,18,Unicorn_Absent,-1,-1.0,3,707,0.8875,32.0,0.0,50.0,0.0,0.5,DOWN,1.0,1.0,0.3333333333333333,0,NOTHING,3,2
5125,69793951,43,395113,Absent,0,0,0,0,0,0,0,0,0,0,0,0,0,0,0,0,0,0,0,0,0,0,0,0,0,0,0,0,0,0,0,0,0,0,0,0,0,0,0,0,0,0,0,0,0,0,0,0,0,0,0,0,0,0,0,0,0,0,0,0,0,0,0,0,0,32,0,Unicorn_Absent,-1,-1.0,2,771,1.0,0.0,0.0,36.0,0.0,0.5625,NOTHING,0.8875,0.0,0.0,18,DOWN,3,2
5127,69793951,44,395113,Absent,0,0,0,0,0,0,0,0,0,0,0,0,0,0,0,0,0,0,0,0,0,0,0,0,0,0,0,0,0,0,0,0,0,0,0,0,0,0,0,0,0,0,0,0,0,0,0,0,0,0,0,0,0,0,0,0,0,0,0,0,0,0,0,0,0,32,0,Unicorn_Absent,-1,-1.0,2,803,1.0,0.0,1.0,36.0,0.0,0.5625,NOTHING,1.0,0.0,0.0,0,NOTHING,3,2
5133,69793951,47,395113,Absent,32,1,1,1,1,1,1,1,1,1,1,1,1,1,1,1,1,1,1,1,1,1,1,1,1,1,1,1,1,1,1,1,1,0,0,0,0,0,0,0,0,0,0,0,0,0,0,0,0,0,0,0,0,0,0,0,0,0,0,0,0,0,0,0,0,32,0,Unicorn_Absent,-1,-1.0,4,689,1.0,32.0,0.0,32.0,0.0,0.5,UP,1.0,1.0,0.0,0,NOTHING,3,2
5135,69793951,48,395113,Absent,32,1,1,1,1,1,1,1,1,1,1,1,1,1,1,1,1,1,1,1,1,1,1,1,1,1,1,1,1,1,1,1,1,0,0,0,0,0,0,0,0,0,0,0,0,0,0,0,0,0,0,0,0,0,0,0,0,0,0,0,0,0,0,0,0,32,0,Unicorn_Absent,-1,-1.0,4,721,1.0,32.0,1.0,32.0,0.0,0.5,UP,1.0,0.0,0.0,0,UP,3,2
5139,69793951,50,395113,Absent,32,1,1,1,1,1,1,1,1,1,1,1,1,1,1,1,1,1,1,1,1,1,1,1,1,1,1,1,1,1,1,1,1,0,0,0,0,0,0,0,0,0,0,0,0,0,0,0,0,0,0,0,0,0,0,0,0,0,0,0,0,0,0,0,0,16,16,Unicorn_Absent,-1,-1.0,4,769,0.9,32.0,1.0,48.0,0.0,0.5,UP,1.0,1.0,0.0,0,UP,3,2
5141,69793951,51,395113,Absent,32,0,0,0,0,1,1,1,1,0,0,0,0,1,1,1,1,0,0,0,0,1,1,1,1,0,0,0,0,1,1,1,1,0,0,0,0,1,1,1,1,0,0,0,0,1,1,1,1,0,0,0,0,1,1,1,1,0,0,0,0,1,1,1,1,0,32,Unicorn_Absent,-1,-1.0,6,769,0.8,32.0,0.3333333333333333,64.0,0.0,0.5,RIGHT,0.9,1.0,0.0,16,UP,3,2
5145,69793951,53,395113,Absent,36,0,0,0,0,0,0,0,0,0,1,1,1,1,1,1,0,0,1,1,1,1,1,1,0,0,1,1,1,1,1,1,0,0,1,1,1,1,1,1,0,0,1,1,1,1,1,1,0,0,1,1,1,1,1,1,0,0,0,0,0,0,0,0,0,-4,36,Unicorn_Absent,-1,-1.0,7,779,0.775,36.0,0.36,64.0,0.0,0.4375,IN,0.8,0.3333333333333333,0.0,32,RIGHT,3,2
5040,69793951,1,697943,Absent,39,0,0,0,0,0,1,0,0,1,0,0,0,0,0,1,0,0,0,0,0,0,1,0,0,1,0,1,0,1,1,0,1,0,1,1,1,1,1,0,0,1,1,0,1,1,0,1,1,0,1,1,0,1,0,0,0,1,0,0,0,0,1,1,1,25,7,Unicorn_Absent,-1,-1.0,0,25,0.95625,27.0,1.0,41.0,0.0,0.53125,RS,,,,,,3,2
5042,69793951,2,697943,Absent,32,1,1,1,1,1,1,1,1,1,1,1,1,1,1,1,1,1,1,1,1,1,1,1,1,1,1,1,1,1,1,1,1,0,0,0,0,0,0,0,0,0,0,0,0,0,0,0,0,0,0,0,0,0,0,0,0,0,0,0,0,0,0,0,0,32,0,Unicorn_Absent,-1,-1.0,4,57,1.0,32.0,0.18,64.0,0.0,1.0,UP,0.95625,1.0,0.0,7,RS,3,2
5044,69793951,3,697943,Absent,32,1,1,1,1,1,1,1,1,1,1,1,1,1,1,1,1,1,1,1,1,1,1,1,1,1,1,1,1,1,1,1,1,0,0,0,0,0,0,0,0,0,0,0,0,0,0,0,0,0,0,0,0,0,0,0,0,0,0,0,0,0,0,0,0,32,0,Unicorn_Absent,-1,-1.0,4,89,1.0,32.0,1.0,64.0,0.028985507246376774,1.0,UP,1.0,0.18,0.0,0,UP,3,2
5046,69793951,4,697943,Absent,32,1,1,1,1,1,1,1,1,1,1,1,1,1,1,1,1,1,1,1,1,1,1,1,1,1,1,1,1,1,1,1,1,0,0,0,0,0,0,0,0,0,0,0,0,0,0,0,0,0,0,0,0,0,0,0,0,0,0,0,0,0,0,0,0,32,0,Unicorn_Absent,-1,-1.0,4,121,1.0,32.0,1.0,64.0,0.028985507246376774,1.0,UP,1.0,1.0,0.028985507246376774,0,UP,3,2
5056,69793951,9,697943,Absent,32,0,0,0,0,1,1,1,1,0,0,0,0,1,1,1,1,0,0,0,0,1,1,1,1,0,0,0,0,1,1,1,1,0,0,0,0,1,1,1,1,0,0,0,0,1,1,1,1,0,0,0,0,1,1,1,1,0,0,0,0,1,1,1,1,16,16,Unicorn_Absent,-1,-1.0,6,265,0.9,32.0,0.3333333333333333,48.0,1.0,0.5,RIGHT,1.0,1.0,0.028985507246376774,0,UP,3,2
5058,69793951,10,697943,Absent,32,0,0,0,0,0,0,0,0,0,0,0,0,0,0,0,0,0,0,0,0,0,0,0,0,0,0,0,0,0,0,0,0,1,1,1,1,1,1,1,1,1,1,1,1,1,1,1,1,1,1,1,1,1,1,1,1,1,1,1,1,1,1,1,1,0,32,Unicorn_Absent,-1,-1.0,3,265,0.8,32.0,0.3333333333333333,32.0,1.0,0.0,DOWN,0.9,0.3333333333333333,1.0,16,RIGHT,3,2
5060,69793951,11,697943,Absent,32,1,1,1,1,0,0,0,0,1,1,1,1,0,0,0,0,1,1,1,1,0,0,0,0,1,1,1,1,0,0,0,0,1,1,1,1,0,0,0,0,1,1,1,1,0,0,0,0,1,1,1,1,0,0,0,0,1,1,1,1,0,0,0,0,16,16,Unicorn_Absent,-1,-1.0,5,281,0.9,32.0,0.3333333333333333,48.0,0.5,0.5,LEFT,0.8,0.3333333333333333,1.0,32,DOWN,3,2
5066,69793951,14,697943,Absent,32,1,1,1,1,0,0,0,0,1,1,1,1,0,0,0,0,1,1,1,1,0,0,0,0,1,1,1,1,0,0,0,0,1,1,1,1,0,0,0,0,1,1,1,1,0,0,0,0,1,1,1,1,0,0,0,0,1,1,1,1,0,0,0,0,18,14,Unicorn_Absent,-1,-1.0,5,153,0.9125,32.0,1.0,46.0,0.5,0.5,LEFT,0.9,0.3333333333333333,0.5,16,LEFT,3,2
5068,69793951,15,697943,Absent,32,0,0,0,0,0,0,0,0,0,0,0,0,0,0,0,0,0,0,0,0,0,0,0,0,0,0,0,0,0,0,0,0,1,1,1,1,1,1,1,1,1,1,1,1,1,1,1,1,1,1,1,1,1,1,1,1,1,1,1,1,1,1,1,1,32,0,Unicorn_Absent,-1,-1.0,3,185,1.0,32.0,0.3333333333333333,32.0,0.5,0.5,DOWN,0.9125,1.0,0.5,14,LEFT,3,2
5070,69793951,16,697943,Absent,32,0,0,0,0,0,0,0,0,0,0,0,0,0,0,0,0,0,0,0,0,0,0,0,0,0,0,0,0,0,0,0,0,1,1,1,1,1,1,1,1,1,1,1,1,1,1,1,1,1,1,1,1,1,1,1,1,1,1,1,1,1,1,1,1,0,32,Unicorn_Absent,-1,-1.0,3,185,0.8,32.0,1.0,32.0,0.5,0.0,DOWN,1.0,0.3333333333333333,0.5,0,DOWN,3,2
5072,69793951,17,697943,Absent,32,1,1,1,1,0,0,0,0,1,1,1,1,0,0,0,0,1,1,1,1,0,0,0,0,1,1,1,1,0,0,0,0,1,1,1,1,0,0,0,0,1,1,1,1,0,0,0,0,1,1,1,1,0,0,0,0,1,1,1,1,0,0,0,0,32,0,Unicorn_Absent,-1,-1.0,5,217,1.0,32.0,0.3333333333333333,32.0,0.36,0.5,LEFT,0.8,1.0,0.5,32,DOWN,3,2
5074,69793951,18,697943,Absent,32,1,1,1,1,0,0,0,0,1,1,1,1,0,0,0,0,1,1,1,1,0,0,0,0,1,1,1,1,0,0,0,0,1,1,1,1,0,0,0,0,1,1,1,1,0,0,0,0,1,1,1,1,0,0,0,0,1,1,1,1,0,0,0,0,32,0,Unicorn_Absent,-1,-1.0,5,249,1.0,32.0,1.0,32.0,0.36,0.5,LEFT,1.0,0.3333333333333333,0.36,0,LEFT,3,2
5076,69793951,19,697943,Absent,32,1,1,1,1,0,0,0,0,1,1,1,1,0,0,0,0,1,1,1,1,0,0,0,0,1,1,1,1,0,0,0,0,1,1,1,1,0,0,0,0,1,1,1,1,0,0,0,0,1,1,1,1,0,0,0,0,1,1,1,1,0,0,0,0,32,0,Unicorn_Absent,-1,-1.0,5,281,1.0,32.0,1.0,32.0,0.0,0.5,LEFT,1.0,1.0,0.36,0,LEFT,3,2
5080,69793951,21,697943,Absent,32,1,1,1,1,0,0,0,0,1,1,1,1,0,0,0,0,1,1,1,1,0,0,0,0,1,1,1,1,0,0,0,0,1,1,1,1,0,0,0,0,1,1,1,1,0,0,0,0,1,1,1,1,0,0,0,0,1,1,1,1,0,0,0,0,32,0,Unicorn_Absent,-1,-1.0,5,345,1.0,32.0,1.0,32.0,0.0,0.5,LEFT,1.0,1.0,0.0,0,LEFT,3,2
5082,69793951,22,697943,Absent,32,1,1,1,1,0,0,0,0,1,1,1,1,0,0,0,0,1,1,1,1,0,0,0,0,1,1,1,1,0,0,0,0,1,1,1,1,0,0,0,0,1,1,1,1,0,0,0,0,1,1,1,1,0,0,0,0,1,1,1,1,0,0,0,0,32,0,Unicorn_Absent,-1,-1.0,5,377,1.0,32.0,1.0,32.0,1.0,0.5,LEFT,1.0,1.0,0.0,0,LEFT,3,2
5086,69793951,24,697943,Absent,32,0,0,0,0,1,1,1,1,0,0,0,0,1,1,1,1,0,0,0,0,1,1,1,1,0,0,0,0,1,1,1,1,0,0,0,0,1,1,1,1,0,0,0,0,1,1,1,1,0,0,0,0,1,1,1,1,0,0,0,0,1,1,1,1,16,16,Unicorn_Absent,-1,-1.0,6,329,0.9,32.0,0.0,48.0,1.0,0.5,RIGHT,1.0,1.0,1.0,0,LEFT,3,2
5090,69793951,26,697943,Absent,28,1,1,1,1,1,1,1,1,1,0,0,0,0,0,0,1,1,0,0,0,0,0,0,1,1,0,0,0,0,0,0,1,1,0,0,0,0,0,0,1,1,0,0,0,0,0,0,1,1,0,0,0,0,0,0,1,1,1,1,1,1,1,1,1,18,14,Unicorn_Absent,-1,-1.0,8,377,0.9125,28.0,0.30434782608695654,46.0,1.0,0.5,OUT,0.9,0.0,1.0,16,RIGHT,3,2
5098,69793951,30,697943,Absent,0,0,0,0,0,0,0,0,0,0,0,0,0,0,0,0,0,0,0,0,0,0,0,0,0,0,0,0,0,0,0,0,0,0,0,0,0,0,0,0,0,0,0,0,0,0,0,0,0,0,0,0,0,0,0,0,0,0,0,0,0,0,0,0,0,32,0,Unicorn_Absent,-1,-1.0,2,497,1.0,0.0,0.0,32.0,1.0,0.5,NOTHING,0.9125,0.30434782608695654,1.0,14,OUT,3,2
5100,69793951,31,697943,Absent,0,0,0,0,0,0,0,0,0,0,0,0,0,0,0,0,0,0,0,0,0,0,0,0,0,0,0,0,0,0,0,0,0,0,0,0,0,0,0,0,0,0,0,0,0,0,0,0,0,0,0,0,0,0,0,0,0,0,0,0,0,0,0,0,0,32,0,Unicorn_Absent,-1,-1.0,2,529,1.0,0.0,1.0,64.0,0.0,1.0,NOTHING,1.0,0.0,1.0,0,NOTHING,3,2
5104,69793951,33,697943,Absent,32,0,0,0,0,1,1,1,1,0,0,0,0,1,1,1,1,0,0,0,0,1,1,1,1,0,0,0,0,1,1,1,1,0,0,0,0,1,1,1,1,0,0,0,0,1,1,1,1,0,0,0,0,1,1,1,1,0,0,0,0,1,1,1,1,16,16,Unicorn_Absent,-1,-1.0,6,571,0.9,32.0,0.0,48.0,0.0,0.5,RIGHT,1.0,1.0,0.0,0,NOTHING,3,2
5110,69793951,36,697943,Absent,36,0,0,0,0,0,0,0,0,0,1,1,1,1,1,1,0,0,1,1,1,1,1,1,0,0,1,1,1,1,1,1,0,0,1,1,1,1,1,1,0,0,1,1,1,1,1,1,0,0,1,1,1,1,1,1,0,0,0,0,0,0,0,0,0,32,0,Unicorn_Absent,-1,-1.0,7,571,1.0,36.0,0.36,36.0,0.0,0.5625,IN,0.9,0.0,0.0,16,RIGHT,3,2
5112,69793951,37,697943,Absent,36,0,0,0,0,0,0,0,0,0,1,1,1,1,1,1,0,0,1,1,1,1,1,1,0,0,1,1,1,1,1,1,0,0,1,1,1,1,1,1,0,0,1,1,1,1,1,1,0,0,1,1,1,1,1,1,0,0,0,0,0,0,0,0,0,32,0,Unicorn_Absent,-1,-1.0,7,603,1.0,36.0,1.0,36.0,0.0,0.5625,IN,1.0,0.36,0.0,0,IN,3,2
5120,69793951,41,697943,Absent,36,0,0,0,0,0,0,0,0,0,1,1,1,1,1,1,0,0,1,1,1,1,1,1,0,0,1,1,1,1,1,1,0,0,1,1,1,1,1,1,0,0,1,1,1,1,1,1,0,0,1,1,1,1,1,1,0,0,0,0,0,0,0,0,0,14,18,Unicorn_Absent,-1,-1.0,7,707,0.8875,36.0,1.0,50.0,0.0,0.5,IN,1.0,1.0,0.0,0,IN,3,2
5124,69793951,43,697943,Absent,36,0,0,0,0,0,0,0,0,0,1,1,1,1,1,1,0,0,1,1,1,1,1,1,0,0,1,1,1,1,1,1,0,0,1,1,1,1,1,1,0,0,1,1,1,1,1,1,0,0,1,1,1,1,1,1,0,0,0,0,0,0,0,0,0,32,0,Unicorn_Absent,-1,-1.0,7,771,1.0,36.0,1.0,36.0,0.0,0.5625,IN,0.8875,1.0,0.0,18,IN,3,2
5126,69793951,44,697943,Absent,36,0,0,0,0,0,0,0,0,0,1,1,1,1,1,1,0,0,1,1,1,1,1,1,0,0,1,1,1,1,1,1,0,0,1,1,1,1,1,1,0,0,1,1,1,1,1,1,0,0,1,1,1,1,1,1,0,0,0,0,0,0,0,0,0,32,0,Unicorn_Absent,-1,-1.0,7,803,1.0,36.0,1.0,36.0,1.0,0.5625,IN,1.0,1.0,0.0,0,IN,3,2
5132,69793951,47,697943,Absent,0,0,0,0,0,0,0,0,0,0,0,0,0,0,0,0,0,0,0,0,0,0,0,0,0,0,0,0,0,0,0,0,0,0,0,0,0,0,0,0,0,0,0,0,0,0,0,0,0,0,0,0,0,0,0,0,0,0,0,0,0,0,0,0,0,32,0,Unicorn_Absent,-1,-1.0,2,689,1.0,0.0,0.0,32.0,1.0,0.5,NOTHING,1.0,1.0,1.0,0,IN,3,2
5134,69793951,48,697943,Absent,0,0,0,0,0,0,0,0,0,0,0,0,0,0,0,0,0,0,0,0,0,0,0,0,0,0,0,0,0,0,0,0,0,0,0,0,0,0,0,0,0,0,0,0,0,0,0,0,0,0,0,0,0,0,0,0,0,0,0,0,0,0,0,0,0,32,0,Unicorn_Absent,-1,-1.0,2,721,1.0,0.0,1.0,32.0,0.16666666666666669,0.5,NOTHING,1.0,0.0,1.0,0,NOTHING,3,2
5138,69793951,50,697943,Absent,32,1,1,1,1,0,0,0,0,1,1,1,1,0,0,0,0,1,1,1,1,0,0,0,0,1,1,1,1,0,0,0,0,1,1,1,1,0,0,0,0,1,1,1,1,0,0,0,0,1,1,1,1,0,0,0,0,1,1,1,1,0,0,0,0,16,16,Unicorn_Absent,-1,-1.0,5,769,0.9,32.0,0.0,48.0,0.16666666666666669,0.5,LEFT,1.0,1.0,0.16666666666666669,0,NOTHING,3,2
5140,69793951,51,697943,Absent,64,1,1,1,1,1,1,1,1,1,1,1,1,1,1,1,1,1,1,1,1,1,1,1,1,1,1,1,1,1,1,1,1,1,1,1,1,1,1,1,1,1,1,1,1,1,1,1,1,1,1,1,1,1,1,1,1,1,1,1,1,1,1,1,1,0,32,Unicorn_Absent,-1,-1.0,1,769,0.8,64.0,0.5,64.0,0.64,0.5,ALL,0.9,0.0,0.16666666666666669,16,LEFT,3,2
5144,69793951,53,697943,Absent,64,1,1,1,1,1,1,1,1,1,1,1,1,1,1,1,1,1,1,1,1,1,1,1,1,1,1,1,1,1,1,1,1,1,1,1,1,1,1,1,1,1,1,1,1,1,1,1,1,1,1,1,1,1,1,1,1,1,1,1,1,1,1,1,1,-4,36,Unicorn_Absent,-1,-1.0,1,779,0.775,64.0,1.0,64.0,0.64,0.4375,ALL,0.8,0.5,0.64,32,ALL,3,2
3006,70997766,4,709979,Absent,32,1,1,1,1,0,0,0,0,1,1,1,1,0,0,0,0,1,1,1,1,0,0,0,0,1,1,1,1,0,0,0,0,1,1,1,1,0,0,0,0,1,1,1,1,0,0,0,0,1,1,1,1,0,0,0,0,1,1,1,1,0,0,0,0,16,16,Unicorn_Absent,-1,-1.0,5,-126,0.9,32.0,1.0,48.0,0.0,0.5,LEFT,,,,,,3,2
3012,70997766,7,709979,Absent,32,0,0,0,0,0,0,0,0,0,0,0,0,0,0,0,0,0,0,0,0,0,0,0,0,0,0,0,0,0,0,0,0,1,1,1,1,1,1,1,1,1,1,1,1,1,1,1,1,1,1,1,1,1,1,1,1,1,1,1,1,1,1,1,1,0,32,Unicorn_Absent,-1,-1.0,3,-62,0.8,32.0,0.3333333333333333,64.0,0.0,0.5,DOWN,0.9,1.0,0.0,16,LEFT,3,2
3014,70997766,8,709979,Absent,32,1,1,1,1,0,0,0,0,1,1,1,1,0,0,0,0,1,1,1,1,0,0,0,0,1,1,1,1,0,0,0,0,1,1,1,1,0,0,0,0,1,1,1,1,0,0,0,0,1,1,1,1,0,0,0,0,1,1,1,1,0,0,0,0,16,16,Unicorn_Absent,-1,-1.0,5,-46,0.9,32.0,0.3333333333333333,48.0,0.16666666666666669,0.5,LEFT,0.8,0.3333333333333333,0.0,32,DOWN,3,2
3016,70997766,9,709979,Absent,28,1,1,1,1,1,1,1,1,1,0,0,0,0,0,0,1,1,0,0,0,0,0,0,1,1,0,0,0,0,0,0,1,1,0,0,0,0,0,0,1,1,0,0,0,0,0,0,1,1,0,0,0,0,0,0,1,1,1,1,1,1,1,1,1,18,14,Unicorn_Absent,-1,-1.0,8,-28,0.9125,28.0,0.30434782608695654,46.0,0.16666666666666669,0.5,OUT,0.9,0.3333333333333333,0.16666666666666669,16,LEFT,3,2
3018,70997766,10,709979,Absent,19,1,0,0,0,0,0,1,0,0,0,0,1,0,0,1,1,0,0,1,0,1,1,0,0,0,1,1,0,0,0,0,0,0,0,0,0,0,0,0,0,0,0,1,0,1,0,0,1,0,0,0,0,1,0,0,0,0,0,0,1,0,1,0,0,16,16,Unicorn_Absent,-1,-1.0,0,-12,0.9,16.0,0.15789473684210525,64.0,0.16666666666666669,0.75,RS,0.9125,0.30434782608695654,0.16666666666666669,14,OUT,3,2
3020,70997766,11,709979,Absent,32,0,0,0,0,1,1,1,1,0,0,0,0,1,1,1,1,0,0,0,0,1,1,1,1,0,0,0,0,1,1,1,1,0,0,0,0,1,1,1,1,0,0,0,0,1,1,1,1,0,0,0,0,1,1,1,1,0,0,0,0,1,1,1,1,0,32,Unicorn_Absent,-1,-1.0,6,-12,0.8,32.0,0.23076923076923078,32.0,0.16666666666666669,0.0,RIGHT,0.9,0.15789473684210525,0.16666666666666669,16,RS,3,2
3024,70997766,13,709979,Absent,32,0,0,0,0,0,0,0,0,0,0,0,0,0,0,0,0,0,0,0,0,0,0,0,0,0,0,0,0,0,0,0,0,1,1,1,1,1,1,1,1,1,1,1,1,1,1,1,1,1,1,1,1,1,1,1,1,1,1,1,1,1,1,1,1,16,16,Unicorn_Absent,-1,-1.0,3,36,0.9,32.0,0.3333333333333333,48.0,0.028985507246376774,0.5,DOWN,0.8,0.23076923076923078,0.16666666666666669,32,RIGHT,3,2
3026,70997766,14,709979,Absent,32,0,0,0,0,1,1,1,1,0,0,0,0,1,1,1,1,0,0,0,0,1,1,1,1,0,0,0,0,1,1,1,1,0,0,0,0,1,1,1,1,0,0,0,0,1,1,1,1,0,0,0,0,1,1,1,1,0,0,0,0,1,1,1,1,14,18,Unicorn_Absent,-1,-1.0,6,50,0.8875,32.0,0.3333333333333333,50.0,0.028985507246376774,0.5,RIGHT,0.9,0.3333333333333333,0.028985507246376774,16,DOWN,3,2
3030,70997766,16,709979,Absent,0,0,0,0,0,0,0,0,0,0,0,0,0,0,0,0,0,0,0,0,0,0,0,0,0,0,0,0,0,0,0,0,0,0,0,0,0,0,0,0,0,0,0,0,0,0,0,0,0,0,0,0,0,0,0,0,0,0,0,0,0,0,0,0,0,32,0,Unicorn_Absent,-1,-1.0,2,18,1.0,0.0,0.0,28.0,0.34210526315789475,0.4375,NOTHING,0.8875,0.3333333333333333,0.028985507246376774,18,RIGHT,3,2
3032,70997766,17,709979,Absent,0,0,0,0,0,0,0,0,0,0,0,0,0,0,0,0,0,0,0,0,0,0,0,0,0,0,0,0,0,0,0,0,0,0,0,0,0,0,0,0,0,0,0,0,0,0,0,0,0,0,0,0,0,0,0,0,0,0,0,0,0,0,0,0,0,32,0,Unicorn_Absent,-1,-1.0,2,50,1.0,0.0,1.0,28.0,0.34210526315789475,0.4375,NOTHING,1.0,0.0,0.34210526315789475,0,NOTHING,3,2
3042,70997766,22,709979,Absent,0,0,0,0,0,0,0,0,0,0,0,0,0,0,0,0,0,0,0,0,0,0,0,0,0,0,0,0,0,0,0,0,0,0,0,0,0,0,0,0,0,0,0,0,0,0,0,0,0,0,0,0,0,0,0,0,0,0,0,0,0,0,0,0,0,32,0,Unicorn_Absent,-1,-1.0,2,78,1.0,0.0,1.0,32.0,0.2692307692307692,0.5,NOTHING,1.0,1.0,0.34210526315789475,0,NOTHING,3,2
3044,70997766,23,709979,Absent,0,0,0,0,0,0,0,0,0,0,0,0,0,0,0,0,0,0,0,0,0,0,0,0,0,0,0,0,0,0,0,0,0,0,0,0,0,0,0,0,0,0,0,0,0,0,0,0,0,0,0,0,0,0,0,0,0,0,0,0,0,0,0,0,0,32,0,Unicorn_Absent,-1,-1.0,2,110,1.0,0.0,1.0,32.0,0.2692307692307692,0.5,NOTHING,1.0,1.0,0.2692307692307692,0,NOTHING,3,2
3046,70997766,24,709979,Absent,0,0,0,0,0,0,0,0,0,0,0,0,0,0,0,0,0,0,0,0,0,0,0,0,0,0,0,0,0,0,0,0,0,0,0,0,0,0,0,0,0,0,0,0,0,0,0,0,0,0,0,0,0,0,0,0,0,0,0,0,0,0,0,0,0,32,0,Unicorn_Absent,-1,-1.0,2,142,1.0,0.0,1.0,15.0,0.6666666666666667,0.234375,NOTHING,1.0,1.0,0.2692307692307692,0,NOTHING,3,2
3048,70997766,25,709979,Absent,32,1,1,1,1,1,1,1,1,1,1,1,1,1,1,1,1,1,1,1,1,1,1,1,1,1,1,1,1,1,1,1,1,0,0,0,0,0,0,0,0,0,0,0,0,0,0,0,0,0,0,0,0,0,0,0,0,0,0,0,0,0,0,0,0,17,15,Unicorn_Absent,-1,-1.0,4,159,0.90625,32.0,0.0,48.0,0.6666666666666667,0.515625,UP,1.0,1.0,0.6666666666666667,0,NOTHING,3,2
3052,70997766,27,709979,Absent,0,0,0,0,0,0,0,0,0,0,0,0,0,0,0,0,0,0,0,0,0,0,0,0,0,0,0,0,0,0,0,0,0,0,0,0,0,0,0,0,0,0,0,0,0,0,0,0,0,0,0,0,0,0,0,0,0,0,0,0,0,0,0,0,0,32,0,Unicorn_Absent,-1,-1.0,2,214,1.0,0.0,0.0,0.0,0.026666666666666672,0.0,NOTHING,0.90625,0.0,0.6666666666666667,15,UP,3,2
3054,70997766,28,709979,Absent,0,0,0,0,0,0,0,0,0,0,0,0,0,0,0,0,0,0,0,0,0,0,0,0,0,0,0,0,0,0,0,0,0,0,0,0,0,0,0,0,0,0,0,0,0,0,0,0,0,0,0,0,0,0,0,0,0,0,0,0,0,0,0,0,0,32,0,Unicorn_Absent,-1,-1.0,2,246,1.0,0.0,1.0,32.0,0.026666666666666672,0.5,NOTHING,1.0,0.0,0.026666666666666672,0,NOTHING,3,2
3056,70997766,29,709979,Absent,32,0,0,0,0,1,1,1,1,0,0,0,0,1,1,1,1,0,0,0,0,1,1,1,1,0,0,0,0,1,1,1,1,0,0,0,0,1,1,1,1,0,0,0,0,1,1,1,1,0,0,0,0,1,1,1,1,0,0,0,0,1,1,1,1,18,14,Unicorn_Absent,-1,-1.0,6,264,0.9125,32.0,0.0,46.0,0.0,0.5,RIGHT,1.0,1.0,0.026666666666666672,0,NOTHING,3,2
3058,70997766,30,709979,Absent,32,1,1,1,1,0,0,0,0,1,1,1,1,0,0,0,0,1,1,1,1,0,0,0,0,1,1,1,1,0,0,0,0,1,1,1,1,0,0,0,0,1,1,1,1,0,0,0,0,1,1,1,1,0,0,0,0,1,1,1,1,0,0,0,0,0,32,Unicorn_Absent,-1,-1.0,5,264,0.8,32.0,0.0,64.0,0.0,0.5,LEFT,0.9125,0.0,0.0,14,RIGHT,3,2
3060,70997766,31,709979,Absent,28,1,1,1,1,1,1,1,1,1,0,0,0,0,0,0,1,1,0,0,0,0,0,0,1,1,0,0,0,0,0,0,1,1,0,0,0,0,0,0,1,1,0,0,0,0,0,0,1,1,0,0,0,0,0,0,1,1,1,1,1,1,1,1,1,18,14,Unicorn_Absent,-1,-1.0,8,282,0.9125,28.0,0.30434782608695654,46.0,0.0,0.5,OUT,0.8,0.0,0.0,32,LEFT,3,2
3070,70997766,36,709979,Absent,32,0,0,0,0,0,0,0,0,0,0,0,0,0,0,0,0,0,0,0,0,0,0,0,0,0,0,0,0,0,0,0,0,1,1,1,1,1,1,1,1,1,1,1,1,1,1,1,1,1,1,1,1,1,1,1,1,1,1,1,1,1,1,1,1,16,16,Unicorn_Absent,-1,-1.0,3,173,0.9,32.0,0.30434782608695654,48.0,0.0,0.5,DOWN,0.9125,0.30434782608695654,0.0,14,OUT,3,2
3076,70997766,39,709979,Absent,28,1,1,1,1,1,1,1,1,1,0,0,0,0,0,0,1,1,0,0,0,0,0,0,1,1,0,0,0,0,0,0,1,1,0,0,0,0,0,0,1,1,0,0,0,0,0,0,1,1,0,0,0,0,0,0,1,1,1,1,1,1,1,1,1,32,0,Unicorn_Absent,-1,-1.0,8,173,1.0,28.0,0.30434782608695654,64.0,0.6956521739130435,1.0,OUT,0.9,0.30434782608695654,0.0,16,DOWN,3,2
3078,70997766,40,709979,Absent,28,1,1,1,1,1,1,1,1,1,0,0,0,0,0,0,1,1,0,0,0,0,0,0,1,1,0,0,0,0,0,0,1,1,0,0,0,0,0,0,1,1,0,0,0,0,0,0,1,1,0,0,0,0,0,0,1,1,1,1,1,1,1,1,1,4,28,Unicorn_Absent,-1,-1.0,8,177,0.825,28.0,1.0,28.0,0.6956521739130435,0.0,OUT,1.0,0.30434782608695654,0.6956521739130435,0,OUT,3,2
3086,70997766,44,709979,Absent,32,1,1,1,1,0,0,0,0,1,1,1,1,0,0,0,0,1,1,1,1,0,0,0,0,1,1,1,1,0,0,0,0,1,1,1,1,0,0,0,0,1,1,1,1,0,0,0,0,1,1,1,1,0,0,0,0,1,1,1,1,0,0,0,0,32,0,Unicorn_Absent,-1,-1.0,5,305,1.0,32.0,0.30434782608695654,64.0,0.0,1.0,LEFT,0.825,1.0,0.6956521739130435,28,OUT,3,2
3088,70997766,45,709979,Absent,32,1,1,1,1,0,0,0,0,1,1,1,1,0,0,0,0,1,1,1,1,0,0,0,0,1,1,1,1,0,0,0,0,1,1,1,1,0,0,0,0,1,1,1,1,0,0,0,0,1,1,1,1,0,0,0,0,1,1,1,1,0,0,0,0,32,0,Unicorn_Absent,-1,-1.0,5,337,1.0,32.0,1.0,64.0,0.0,1.0,LEFT,1.0,0.30434782608695654,0.0,0,LEFT,3,2
3100,70997766,51,709979,Absent,36,0,0,0,0,0,0,0,0,0,1,1,1,1,1,1,0,0,1,1,1,1,1,1,0,0,1,1,1,1,1,1,0,0,1,1,1,1,1,1,0,0,1,1,1,1,1,1,0,0,1,1,1,1,1,1,0,0,0,0,0,0,0,0,0,14,18,Unicorn_Absent,-1,-1.0,7,319,0.8875,36.0,0.36,50.0,0.7948717948717949,0.5,IN,1.0,1.0,0.0,0,LEFT,3,2
3104,70997766,53,709979,Absent,0,0,0,0,0,0,0,0,0,0,0,0,0,0,0,0,0,0,0,0,0,0,0,0,0,0,0,0,0,0,0,0,0,0,0,0,0,0,0,0,0,0,0,0,0,0,0,0,0,0,0,0,0,0,0,0,0,0,0,0,0,0,0,0,0,32,0,Unicorn_Absent,-1,-1.0,2,375,1.0,0.0,0.0,32.0,0.7948717948717949,0.5,NOTHING,0.8875,0.36,0.7948717948717949,18,IN,3,2
3106,70997766,54,709979,Absent,0,0,0,0,0,0,0,0,0,0,0,0,0,0,0,0,0,0,0,0,0,0,0,0,0,0,0,0,0,0,0,0,0,0,0,0,0,0,0,0,0,0,0,0,0,0,0,0,0,0,0,0,0,0,0,0,0,0,0,0,0,0,0,0,0,32,0,Unicorn_Absent,-1,-1.0,2,407,1.0,0.0,1.0,32.0,0.24324324324324326,0.5,NOTHING,1.0,0.0,0.7948717948717949,0,NOTHING,3,2
3112,70997766,57,709979,Absent,28,1,1,1,1,1,1,1,1,1,0,0,0,0,0,0,1,1,0,0,0,0,0,0,1,1,0,0,0,0,0,0,1,1,0,0,0,0,0,0,1,1,0,0,0,0,0,0,1,1,0,0,0,0,0,0,1,1,1,1,1,1,1,1,1,32,0,Unicorn_Absent,-1,-1.0,8,407,1.0,28.0,0.0,64.0,0.24324324324324326,1.0,OUT,1.0,1.0,0.24324324324324326,0,NOTHING,3,2
3114,70997766,58,709979,Absent,28,1,1,1,1,1,1,1,1,1,0,0,0,0,0,0,1,1,0,0,0,0,0,0,1,1,0,0,0,0,0,0,1,1,0,0,0,0,0,0,1,1,0,0,0,0,0,0,1,1,0,0,0,0,0,0,1,1,1,1,1,1,1,1,1,18,14,Unicorn_Absent,-1,-1.0,8,425,0.9125,28.0,1.0,46.0,0.0,0.5,OUT,1.0,0.0,0.24324324324324326,0,OUT,3,2
3116,70997766,59,709979,Absent,0,0,0,0,0,0,0,0,0,0,0,0,0,0,0,0,0,0,0,0,0,0,0,0,0,0,0,0,0,0,0,0,0,0,0,0,0,0,0,0,0,0,0,0,0,0,0,0,0,0,0,0,0,0,0,0,0,0,0,0,0,0,0,0,0,32,0,Unicorn_Absent,-1,-1.0,2,457,1.0,0.0,0.0,36.0,0.0,0.5625,NOTHING,0.9125,1.0,0.0,14,OUT,3,2
3118,70997766,60,709979,Absent,0,0,0,0,0,0,0,0,0,0,0,0,0,0,0,0,0,0,0,0,0,0,0,0,0,0,0,0,0,0,0,0,0,0,0,0,0,0,0,0,0,0,0,0,0,0,0,0,0,0,0,0,0,0,0,0,0,0,0,0,0,0,0,0,0,32,0,Unicorn_Absent,-1,-1.0,2,489,1.0,0.0,1.0,28.0,1.0,0.4375,NOTHING,1.0,0.0,0.0,0,NOTHING,3,2
3007,70997766,4,776684,Absent,32,1,1,1,1,1,1,1,1,1,1,1,1,1,1,1,1,1,1,1,1,1,1,1,1,1,1,1,1,1,1,1,1,0,0,0,0,0,0,0,0,0,0,0,0,0,0,0,0,0,0,0,0,0,0,0,0,0,0,0,0,0,0,0,0,16,16,Unicorn_Absent,-1,-1.0,4,-126,0.9,32.0,1.0,48.0,1.0,0.5,UP,,,,,,3,2
3013,70997766,7,776684,Absent,64,1,1,1,1,1,1,1,1,1,1,1,1,1,1,1,1,1,1,1,1,1,1,1,1,1,1,1,1,1,1,1,1,1,1,1,1,1,1,1,1,1,1,1,1,1,1,1,1,1,1,1,1,1,1,1,1,1,1,1,1,1,1,1,1,0,32,Unicorn_Absent,-1,-1.0,1,-62,0.8,64.0,0.5,64.0,0.30434782608695654,0.5,ALL,0.9,1.0,1.0,16,UP,3,2
3015,70997766,8,776684,Absent,32,1,1,1,1,1,1,1,1,1,1,1,1,1,1,1,1,1,1,1,1,1,1,1,1,1,1,1,1,1,1,1,1,0,0,0,0,0,0,0,0,0,0,0,0,0,0,0,0,0,0,0,0,0,0,0,0,0,0,0,0,0,0,0,0,16,16,Unicorn_Absent,-1,-1.0,4,-46,0.9,32.0,0.5,48.0,0.30434782608695654,0.5,UP,0.8,0.5,0.30434782608695654,32,ALL,3,2
3017,70997766,9,776684,Absent,32,0,0,0,0,1,1,1,1,0,0,0,0,1,1,1,1,0,0,0,0,1,1,1,1,0,0,0,0,1,1,1,1,0,0,0,0,1,1,1,1,0,0,0,0,1,1,1,1,0,0,0,0,1,1,1,1,0,0,0,0,1,1,1,1,18,14,Unicorn_Absent,-1,-1.0,6,-28,0.9125,32.0,0.3333333333333333,46.0,0.4375,0.5,RIGHT,0.9,0.5,0.30434782608695654,16,UP,3,2
3019,70997766,10,776684,Absent,64,1,1,1,1,1,1,1,1,1,1,1,1,1,1,1,1,1,1,1,1,1,1,1,1,1,1,1,1,1,1,1,1,1,1,1,1,1,1,1,1,1,1,1,1,1,1,1,1,1,1,1,1,1,1,1,1,1,1,1,1,1,1,1,1,16,16,Unicorn_Absent,-1,-1.0,1,-12,0.9,64.0,0.5,64.0,0.4375,0.75,ALL,0.9125,0.3333333333333333,0.4375,14,RIGHT,3,2
3021,70997766,11,776684,Absent,32,0,0,0,0,1,1,1,1,0,0,0,0,1,1,1,1,0,0,0,0,1,1,1,1,0,0,0,0,1,1,1,1,0,0,0,0,1,1,1,1,0,0,0,0,1,1,1,1,0,0,0,0,1,1,1,1,0,0,0,0,1,1,1,1,0,32,Unicorn_Absent,-1,-1.0,6,-12,0.8,32.0,0.5,32.0,0.19565217391304346,0.0,RIGHT,0.9,0.5,0.4375,16,ALL,3,2
3025,70997766,13,776684,Absent,32,0,0,0,0,1,1,1,1,0,0,0,0,1,1,1,1,0,0,0,0,1,1,1,1,0,0,0,0,1,1,1,1,0,0,0,0,1,1,1,1,0,0,0,0,1,1,1,1,0,0,0,0,1,1,1,1,0,0,0,0,1,1,1,1,16,16,Unicorn_Absent,-1,-1.0,6,36,0.9,32.0,1.0,48.0,0.19565217391304346,0.5,RIGHT,0.8,0.5,0.19565217391304346,32,RIGHT,3,2
3027,70997766,14,776684,Absent,36,0,0,0,0,0,0,0,0,0,1,1,1,1,1,1,0,0,1,1,1,1,1,1,0,0,1,1,1,1,1,1,0,0,1,1,1,1,1,1,0,0,1,1,1,1,1,1,0,0,1,1,1,1,1,1,0,0,0,0,0,0,0,0,0,14,18,Unicorn_Absent,-1,-1.0,7,50,0.8875,36.0,0.36,50.0,0.028985507246376774,0.5,IN,0.9,1.0,0.19565217391304346,16,RIGHT,3,2
3031,70997766,16,776684,Absent,28,1,1,1,1,1,1,1,1,1,0,0,0,0,0,0,1,1,0,0,0,0,0,0,1,1,0,0,0,0,0,0,1,1,0,0,0,0,0,0,1,1,0,0,0,0,0,0,1,1,0,0,0,0,0,0,1,1,1,1,1,1,1,1,1,32,0,Unicorn_Absent,-1,-1.0,8,18,1.0,28.0,0.0,28.0,0.028985507246376774,0.4375,OUT,0.8875,0.36,0.028985507246376774,18,IN,3,2
3033,70997766,17,776684,Absent,28,1,1,1,1,1,1,1,1,1,0,0,0,0,0,0,1,1,0,0,0,0,0,0,1,1,0,0,0,0,0,0,1,1,0,0,0,0,0,0,1,1,0,0,0,0,0,0,1,1,0,0,0,0,0,0,1,1,1,1,1,1,1,1,1,32,0,Unicorn_Absent,-1,-1.0,8,50,1.0,28.0,1.0,28.0,0.055652173913043446,0.4375,OUT,1.0,0.0,0.028985507246376774,0,OUT,3,2
3043,70997766,22,776684,Absent,32,0,0,0,0,0,0,0,0,0,0,0,0,0,0,0,0,0,0,0,0,0,0,0,0,0,0,0,0,0,0,0,0,1,1,1,1,1,1,1,1,1,1,1,1,1,1,1,1,1,1,1,1,1,1,1,1,1,1,1,1,1,1,1,1,32,0,Unicorn_Absent,-1,-1.0,3,78,1.0,32.0,0.30434782608695654,32.0,0.055652173913043446,0.5,DOWN,1.0,1.0,0.055652173913043446,0,OUT,3,2
3045,70997766,23,776684,Absent,32,0,0,0,0,0,0,0,0,0,0,0,0,0,0,0,0,0,0,0,0,0,0,0,0,0,0,0,0,0,0,0,0,1,1,1,1,1,1,1,1,1,1,1,1,1,1,1,1,1,1,1,1,1,1,1,1,1,1,1,1,1,1,1,1,32,0,Unicorn_Absent,-1,-1.0,3,110,1.0,32.0,1.0,32.0,1.0,0.5,DOWN,1.0,0.30434782608695654,0.055652173913043446,0,DOWN,3,2
3047,70997766,24,776684,Absent,17,0,0,0,0,1,0,0,0,0,1,0,0,0,1,1,0,0,0,0,1,1,0,0,1,0,0,0,0,0,0,0,0,0,1,0,0,0,0,0,0,0,0,0,0,1,1,1,0,0,0,0,1,0,0,0,0,1,1,0,0,1,0,0,0,32,0,Unicorn_Absent,-1,-1.0,9,142,1.0,15.0,0.20512820512820512,15.0,1.0,0.234375,,1.0,1.0,1.0,0,DOWN,3,2
3049,70997766,25,776684,Absent,51,0,0,1,1,0,1,0,1,0,1,1,1,0,0,1,1,1,1,0,1,1,1,0,1,0,0,0,0,0,0,0,0,1,1,0,0,0,1,1,0,1,1,0,0,1,1,0,1,0,1,0,0,1,0,0,1,0,1,0,1,0,1,0,1,17,15,Unicorn_Absent,-1,-1.0,9,159,0.90625,31.0,0.24324324324324326,48.0,0.0,0.515625,,1.0,0.20512820512820512,1.0,0,,3,2
3053,70997766,27,776684,Absent,0,0,0,0,0,0,0,0,0,0,0,0,0,0,0,0,0,0,0,0,0,0,0,0,0,0,0,0,0,0,0,0,0,0,0,0,0,0,0,0,0,0,0,0,0,0,0,0,0,0,0,0,0,0,0,0,0,0,0,0,0,0,0,0,0,32,0,Unicorn_Absent,-1,-1.0,2,214,1.0,0.0,0.0,0.0,0.0,0.0,NOTHING,0.90625,0.24324324324324326,0.0,15,,3,2
3055,70997766,28,776684,Absent,32,1,1,1,1,1,1,1,1,1,1,1,1,1,1,1,1,1,1,1,1,1,1,1,1,1,1,1,1,1,1,1,1,0,0,0,0,0,0,0,0,0,0,0,0,0,0,0,0,0,0,0,0,0,0,0,0,0,0,0,0,0,0,0,0,32,0,Unicorn_Absent,-1,-1.0,4,246,1.0,32.0,0.0,32.0,0.0,0.5,UP,1.0,0.0,0.0,0,NOTHING,3,2
3057,70997766,29,776684,Absent,28,1,1,1,1,1,1,1,1,1,0,0,0,0,0,0,1,1,0,0,0,0,0,0,1,1,0,0,0,0,0,0,1,1,0,0,0,0,0,0,1,1,0,0,0,0,0,0,1,1,0,0,0,0,0,0,1,1,1,1,1,1,1,1,1,18,14,Unicorn_Absent,-1,-1.0,8,264,0.9125,28.0,0.30434782608695654,46.0,0.0,0.5,OUT,1.0,0.0,0.0,0,UP,3,2
3059,70997766,30,776684,Absent,64,1,1,1,1,1,1,1,1,1,1,1,1,1,1,1,1,1,1,1,1,1,1,1,1,1,1,1,1,1,1,1,1,1,1,1,1,1,1,1,1,1,1,1,1,1,1,1,1,1,1,1,1,1,1,1,1,1,1,1,1,1,1,1,1,0,32,Unicorn_Absent,-1,-1.0,1,264,0.8,64.0,0.4375,64.0,0.026666666666666672,0.5,ALL,0.9125,0.30434782608695654,0.0,14,OUT,3,2
3061,70997766,31,776684,Absent,32,0,0,0,0,0,0,0,0,0,0,0,0,0,0,0,0,0,0,0,0,0,0,0,0,0,0,0,0,0,0,0,0,1,1,1,1,1,1,1,1,1,1,1,1,1,1,1,1,1,1,1,1,1,1,1,1,1,1,1,1,1,1,1,1,18,14,Unicorn_Absent,-1,-1.0,3,282,0.9125,32.0,0.5,46.0,0.026666666666666672,0.5,DOWN,0.8,0.4375,0.026666666666666672,32,ALL,3,2
3071,70997766,36,776684,Absent,32,1,1,1,1,0,0,0,0,1,1,1,1,0,0,0,0,1,1,1,1,0,0,0,0,1,1,1,1,0,0,0,0,1,1,1,1,0,0,0,0,1,1,1,1,0,0,0,0,1,1,1,1,0,0,0,0,1,1,1,1,0,0,0,0,16,16,Unicorn_Absent,-1,-1.0,5,173,0.9,32.0,0.3333333333333333,48.0,0.3333333333333333,0.5,LEFT,0.9125,0.5,0.026666666666666672,14,DOWN,3,2
3077,70997766,39,776684,Absent,36,0,0,0,0,0,0,0,0,0,1,1,1,1,1,1,0,0,1,1,1,1,1,1,0,0,1,1,1,1,1,1,0,0,1,1,1,1,1,1,0,0,1,1,1,1,1,1,0,0,1,1,1,1,1,1,0,0,0,0,0,0,0,0,0,32,0,Unicorn_Absent,-1,-1.0,7,173,1.0,36.0,0.36,64.0,0.3333333333333333,1.0,IN,0.9,0.3333333333333333,0.3333333333333333,16,LEFT,3,2
3079,70997766,40,776684,Absent,28,1,1,1,1,1,1,1,1,1,0,0,0,0,0,0,1,1,0,0,0,0,0,0,1,1,0,0,0,0,0,0,1,1,0,0,0,0,0,0,1,1,0,0,0,0,0,0,1,1,0,0,0,0,0,0,1,1,1,1,1,1,1,1,1,4,28,Unicorn_Absent,-1,-1.0,8,177,0.825,28.0,0.0,28.0,0.0,0.0,OUT,1.0,0.36,0.3333333333333333,0,IN,3,2
3087,70997766,44,776684,Absent,32,0,0,0,0,1,1,1,1,0,0,0,0,1,1,1,1,0,0,0,0,1,1,1,1,0,0,0,0,1,1,1,1,0,0,0,0,1,1,1,1,0,0,0,0,1,1,1,1,0,0,0,0,1,1,1,1,0,0,0,0,1,1,1,1,32,0,Unicorn_Absent,-1,-1.0,6,305,1.0,32.0,0.30434782608695654,64.0,0.0,1.0,RIGHT,0.825,0.0,0.0,28,OUT,3,2
3089,70997766,45,776684,Absent,32,0,0,0,0,1,1,1,1,0,0,0,0,1,1,1,1,0,0,0,0,1,1,1,1,0,0,0,0,1,1,1,1,0,0,0,0,1,1,1,1,0,0,0,0,1,1,1,1,0,0,0,0,1,1,1,1,0,0,0,0,1,1,1,1,32,0,Unicorn_Absent,-1,-1.0,6,337,1.0,32.0,1.0,64.0,0.36,1.0,RIGHT,1.0,0.30434782608695654,0.0,0,RIGHT,3,2
3101,70997766,51,776684,Absent,32,0,0,0,0,0,0,0,0,0,0,0,0,0,0,0,0,0,0,0,0,0,0,0,0,0,0,0,0,0,0,0,0,1,1,1,1,1,1,1,1,1,1,1,1,1,1,1,1,1,1,1,1,1,1,1,1,1,1,1,1,1,1,1,1,14,18,Unicorn_Absent,-1,-1.0,3,319,0.8875,32.0,0.3333333333333333,50.0,0.36,0.5,DOWN,1.0,1.0,0.36,0,RIGHT,3,2
3105,70997766,53,776684,Absent,32,1,1,1,1,0,0,0,0,1,1,1,1,0,0,0,0,1,1,1,1,0,0,0,0,1,1,1,1,0,0,0,0,1,1,1,1,0,0,0,0,1,1,1,1,0,0,0,0,1,1,1,1,0,0,0,0,1,1,1,1,0,0,0,0,32,0,Unicorn_Absent,-1,-1.0,5,375,1.0,32.0,0.3333333333333333,32.0,0.64,0.5,LEFT,0.8875,0.3333333333333333,0.36,18,DOWN,3,2
3107,70997766,54,776684,Absent,32,1,1,1,1,0,0,0,0,1,1,1,1,0,0,0,0,1,1,1,1,0,0,0,0,1,1,1,1,0,0,0,0,1,1,1,1,0,0,0,0,1,1,1,1,0,0,0,0,1,1,1,1,0,0,0,0,1,1,1,1,0,0,0,0,32,0,Unicorn_Absent,-1,-1.0,5,407,1.0,32.0,1.0,32.0,0.64,0.5,LEFT,1.0,0.3333333333333333,0.64,0,LEFT,3,2
3113,70997766,57,776684,Absent,36,0,0,0,0,0,0,0,0,0,1,1,1,1,1,1,0,0,1,1,1,1,1,1,0,0,1,1,1,1,1,1,0,0,1,1,1,1,1,1,0,0,1,1,1,1,1,1,0,0,1,1,1,1,1,1,0,0,0,0,0,0,0,0,0,32,0,Unicorn_Absent,-1,-1.0,7,407,1.0,36.0,0.36,64.0,0.36,1.0,IN,1.0,1.0,0.64,0,LEFT,3,2
3115,70997766,58,776684,Absent,32,1,1,1,1,1,1,1,1,1,1,1,1,1,1,1,1,1,1,1,1,1,1,1,1,1,1,1,1,1,1,1,1,0,0,0,0,0,0,0,0,0,0,0,0,0,0,0,0,0,0,0,0,0,0,0,0,0,0,0,0,0,0,0,0,18,14,Unicorn_Absent,-1,-1.0,4,425,0.9125,32.0,0.36,46.0,0.36,0.5,UP,1.0,0.36,0.36,0,IN,3,2
3117,70997766,59,776684,Absent,36,0,0,0,0,0,0,0,0,0,1,1,1,1,1,1,0,0,1,1,1,1,1,1,0,0,1,1,1,1,1,1,0,0,1,1,1,1,1,1,0,0,1,1,1,1,1,1,0,0,1,1,1,1,1,1,0,0,0,0,0,0,0,0,0,32,0,Unicorn_Absent,-1,-1.0,7,457,1.0,36.0,0.36,36.0,1.0,0.5625,IN,0.9125,0.36,0.36,14,UP,3,2
3119,70997766,60,776684,Absent,28,1,1,1,1,1,1,1,1,1,0,0,0,0,0,0,1,1,0,0,0,0,0,0,1,1,0,0,0,0,0,0,1,1,0,0,0,0,0,0,1,1,0,0,0,0,0,0,1,1,0,0,0,0,0,0,1,1,1,1,1,1,1,1,1,32,0,Unicorn_Absent,-1,-1.0,8,489,1.0,28.0,0.0,28.0,1.0,0.4375,OUT,1.0,0.36,1.0,0,IN,3,2
2640,72369517,1,723670,Absent,48,0,1,0,0,0,0,1,1,1,1,1,1,1,1,1,1,1,1,0,1,0,1,1,0,0,1,0,0,1,1,1,0,0,0,1,0,1,1,0,0,1,1,1,1,0,1,1,1,0,1,0,1,1,1,0,1,0,1,1,0,1,1,0,0,13,19,Unicorn_Absent,-1,-1.0,0,13,0.88125,39.0,1.0,52.0,0.0,0.515625,RS,,,,,,3,2
2646,72369517,4,723670,Absent,32,0,0,0,0,0,0,0,0,0,0,0,0,0,0,0,0,0,0,0,0,0,0,0,0,0,0,0,0,0,0,0,0,1,1,1,1,1,1,1,1,1,1,1,1,1,1,1,1,1,1,1,1,1,1,1,1,1,1,1,1,1,1,1,1,32,0,Unicorn_Absent,-1,-1.0,3,109,1.0,32.0,0.36538461538461536,64.0,0.0,1.0,DOWN,0.88125,1.0,0.0,19,RS,3,2
2648,72369517,5,723670,Absent,32,0,0,0,0,0,0,0,0,0,0,0,0,0,0,0,0,0,0,0,0,0,0,0,0,0,0,0,0,0,0,0,0,1,1,1,1,1,1,1,1,1,1,1,1,1,1,1,1,1,1,1,1,1,1,1,1,1,1,1,1,1,1,1,1,32,0,Unicorn_Absent,-1,-1.0,3,141,1.0,32.0,1.0,64.0,0.03205128205128205,1.0,DOWN,1.0,0.36538461538461536,0.0,0,DOWN,3,2
2650,72369517,6,723670,Absent,32,0,0,0,0,0,0,0,0,0,0,0,0,0,0,0,0,0,0,0,0,0,0,0,0,0,0,0,0,0,0,0,0,1,1,1,1,1,1,1,1,1,1,1,1,1,1,1,1,1,1,1,1,1,1,1,1,1,1,1,1,1,1,1,1,32,0,Unicorn_Absent,-1,-1.0,3,173,1.0,32.0,1.0,64.0,0.03205128205128205,1.0,DOWN,1.0,1.0,0.03205128205128205,0,DOWN,3,2
2656,72369517,9,723670,Absent,32,1,1,1,1,1,1,1,1,1,1,1,1,1,1,1,1,1,1,1,1,1,1,1,1,1,1,1,1,1,1,1,1,0,0,0,0,0,0,0,0,0,0,0,0,0,0,0,0,0,0,0,0,0,0,0,0,0,0,0,0,0,0,0,0,0,32,Unicorn_Absent,-1,-1.0,4,237,0.8,32.0,0.0,32.0,0.0,0.0,UP,1.0,1.0,0.03205128205128205,0,DOWN,3,2
2660,72369517,11,723670,Absent,32,1,1,1,1,0,0,0,0,1,1,1,1,0,0,0,0,1,1,1,1,0,0,0,0,1,1,1,1,0,0,0,0,1,1,1,1,0,0,0,0,1,1,1,1,0,0,0,0,1,1,1,1,0,0,0,0,1,1,1,1,0,0,0,0,32,0,Unicorn_Absent,-1,-1.0,5,301,1.0,32.0,0.3333333333333333,32.0,0.0,0.5,LEFT,0.8,0.0,0.0,32,UP,3,2
2662,72369517,12,723670,Absent,32,1,1,1,1,0,0,0,0,1,1,1,1,0,0,0,0,1,1,1,1,0,0,0,0,1,1,1,1,0,0,0,0,1,1,1,1,0,0,0,0,1,1,1,1,0,0,0,0,1,1,1,1,0,0,0,0,1,1,1,1,0,0,0,0,14,18,Unicorn_Absent,-1,-1.0,5,315,0.8875,32.0,1.0,50.0,0.0,0.5,LEFT,1.0,0.3333333333333333,0.0,0,LEFT,3,2
2668,72369517,15,723670,Absent,64,1,1,1,1,1,1,1,1,1,1,1,1,1,1,1,1,1,1,1,1,1,1,1,1,1,1,1,1,1,1,1,1,1,1,1,1,1,1,1,1,1,1,1,1,1,1,1,1,1,1,1,1,1,1,1,1,1,1,1,1,1,1,1,1,32,0,Unicorn_Absent,-1,-1.0,1,391,1.0,64.0,0.5,64.0,0.0,1.0,ALL,0.8875,1.0,0.0,18,LEFT,3,2
2670,72369517,16,723670,Absent,64,1,1,1,1,1,1,1,1,1,1,1,1,1,1,1,1,1,1,1,1,1,1,1,1,1,1,1,1,1,1,1,1,1,1,1,1,1,1,1,1,1,1,1,1,1,1,1,1,1,1,1,1,1,1,1,1,1,1,1,1,1,1,1,1,32,0,Unicorn_Absent,-1,-1.0,1,423,1.0,64.0,1.0,64.0,1.0,1.0,ALL,1.0,0.5,0.0,0,ALL,3,2
2682,72369517,22,723670,Absent,28,1,1,1,1,1,1,1,1,1,0,0,0,0,0,0,1,1,0,0,0,0,0,0,1,1,0,0,0,0,0,0,1,1,0,0,0,0,0,0,1,1,0,0,0,0,0,0,1,1,0,0,0,0,0,0,1,1,1,1,1,1,1,1,1,18,14,Unicorn_Absent,-1,-1.0,8,569,0.9125,28.0,0.4375,46.0,1.0,0.5,OUT,1.0,1.0,1.0,0,ALL,3,2
2684,72369517,23,723670,Absent,28,1,1,1,1,1,1,1,1,1,0,0,0,0,0,0,1,1,0,0,0,0,0,0,1,1,0,0,0,0,0,0,1,1,0,0,0,0,0,0,1,1,0,0,0,0,0,0,1,1,0,0,0,0,0,0,1,1,1,1,1,1,1,1,1,18,14,Unicorn_Absent,-1,-1.0,8,587,0.9125,28.0,1.0,46.0,0.3333333333333333,0.5,OUT,0.9125,0.4375,1.0,14,OUT,3,2
2686,72369517,24,723670,Absent,0,0,0,0,0,0,0,0,0,0,0,0,0,0,0,0,0,0,0,0,0,0,0,0,0,0,0,0,0,0,0,0,0,0,0,0,0,0,0,0,0,0,0,0,0,0,0,0,0,0,0,0,0,0,0,0,0,0,0,0,0,0,0,0,0,32,0,Unicorn_Absent,-1,-1.0,2,619,1.0,0.0,0.0,0.0,0.3333333333333333,0.0,NOTHING,0.9125,1.0,0.3333333333333333,14,OUT,3,2
2692,72369517,27,723670,Absent,28,1,1,1,1,1,1,1,1,1,0,0,0,0,0,0,1,1,0,0,0,0,0,0,1,1,0,0,0,0,0,0,1,1,0,0,0,0,0,0,1,1,0,0,0,0,0,0,1,1,0,0,0,0,0,0,1,1,1,1,1,1,1,1,1,4,28,Unicorn_Absent,-1,-1.0,8,589,0.825,28.0,0.0,28.0,1.0,0.0,OUT,1.0,0.0,0.3333333333333333,0,NOTHING,3,2
2694,72369517,28,723670,Absent,32,1,1,1,1,1,1,1,1,1,1,1,1,1,1,1,1,1,1,1,1,1,1,1,1,1,1,1,1,1,1,1,1,0,0,0,0,0,0,0,0,0,0,0,0,0,0,0,0,0,0,0,0,0,0,0,0,0,0,0,0,0,0,0,0,32,0,Unicorn_Absent,-1,-1.0,4,621,1.0,32.0,0.30434782608695654,32.0,1.0,0.5,UP,0.825,0.0,1.0,28,OUT,3,2
2696,72369517,29,723670,Absent,32,1,1,1,1,1,1,1,1,1,1,1,1,1,1,1,1,1,1,1,1,1,1,1,1,1,1,1,1,1,1,1,1,0,0,0,0,0,0,0,0,0,0,0,0,0,0,0,0,0,0,0,0,0,0,0,0,0,0,0,0,0,0,0,0,32,0,Unicorn_Absent,-1,-1.0,4,653,1.0,32.0,1.0,32.0,0.5,0.5,UP,1.0,0.30434782608695654,1.0,0,UP,3,2
2700,72369517,31,723670,Absent,32,0,0,0,0,0,0,0,0,0,0,0,0,0,0,0,0,0,0,0,0,0,0,0,0,0,0,0,0,0,0,0,0,1,1,1,1,1,1,1,1,1,1,1,1,1,1,1,1,1,1,1,1,1,1,1,1,1,1,1,1,1,1,1,1,32,0,Unicorn_Absent,-1,-1.0,3,717,1.0,32.0,0.0,32.0,0.5,0.5,DOWN,1.0,1.0,0.5,0,UP,3,2
2704,72369517,33,723670,Absent,32,0,0,0,0,0,0,0,0,0,0,0,0,0,0,0,0,0,0,0,0,0,0,0,0,0,0,0,0,0,0,0,0,1,1,1,1,1,1,1,1,1,1,1,1,1,1,1,1,1,1,1,1,1,1,1,1,1,1,1,1,1,1,1,1,32,0,Unicorn_Absent,-1,-1.0,3,781,1.0,32.0,1.0,32.0,0.0,0.5,DOWN,1.0,0.0,0.5,0,DOWN,3,2
2706,72369517,34,723670,Absent,32,0,0,0,0,0,0,0,0,0,0,0,0,0,0,0,0,0,0,0,0,0,0,0,0,0,0,0,0,0,0,0,0,1,1,1,1,1,1,1,1,1,1,1,1,1,1,1,1,1,1,1,1,1,1,1,1,1,1,1,1,1,1,1,1,32,0,Unicorn_Absent,-1,-1.0,3,813,1.0,32.0,1.0,32.0,0.0,0.5,DOWN,1.0,1.0,0.0,0,DOWN,3,2
2710,72369517,36,723670,Absent,32,0,0,0,0,0,0,0,0,0,0,0,0,0,0,0,0,0,0,0,0,0,0,0,0,0,0,0,0,0,0,0,0,1,1,1,1,1,1,1,1,1,1,1,1,1,1,1,1,1,1,1,1,1,1,1,1,1,1,1,1,1,1,1,1,32,0,Unicorn_Absent,-1,-1.0,3,877,1.0,32.0,1.0,32.0,0.4375,0.5,DOWN,1.0,1.0,0.0,0,DOWN,3,2
2714,72369517,38,723670,Absent,32,0,0,0,0,0,0,0,0,0,0,0,0,0,0,0,0,0,0,0,0,0,0,0,0,0,0,0,0,0,0,0,0,1,1,1,1,1,1,1,1,1,1,1,1,1,1,1,1,1,1,1,1,1,1,1,1,1,1,1,1,1,1,1,1,32,0,Unicorn_Absent,-1,-1.0,3,941,1.0,32.0,1.0,32.0,0.4375,0.5,DOWN,1.0,1.0,0.4375,0,DOWN,3,2
2716,72369517,39,723670,Absent,32,0,0,0,0,0,0,0,0,0,0,0,0,0,0,0,0,0,0,0,0,0,0,0,0,0,0,0,0,0,0,0,0,1,1,1,1,1,1,1,1,1,1,1,1,1,1,1,1,1,1,1,1,1,1,1,1,1,1,1,1,1,1,1,1,32,0,Unicorn_Absent,-1,-1.0,3,973,1.0,32.0,1.0,32.0,0.6666666666666667,0.5,DOWN,1.0,1.0,0.4375,0,DOWN,3,2
2718,72369517,40,723670,Absent,32,1,1,1,1,1,1,1,1,1,1,1,1,1,1,1,1,1,1,1,1,1,1,1,1,1,1,1,1,1,1,1,1,0,0,0,0,0,0,0,0,0,0,0,0,0,0,0,0,0,0,0,0,0,0,0,0,0,0,0,0,0,0,0,0,32,0,Unicorn_Absent,-1,-1.0,4,1005,1.0,32.0,0.0,32.0,0.6666666666666667,0.5,UP,1.0,1.0,0.6666666666666667,0,DOWN,3,2
2720,72369517,41,723670,Absent,32,1,1,1,1,1,1,1,1,1,1,1,1,1,1,1,1,1,1,1,1,1,1,1,1,1,1,1,1,1,1,1,1,0,0,0,0,0,0,0,0,0,0,0,0,0,0,0,0,0,0,0,0,0,0,0,0,0,0,0,0,0,0,0,0,32,0,Unicorn_Absent,-1,-1.0,4,1037,1.0,32.0,1.0,32.0,0.0,0.5,UP,1.0,0.0,0.6666666666666667,0,UP,3,2
2726,72369517,44,723670,Absent,32,0,0,0,0,1,1,1,1,0,0,0,0,1,1,1,1,0,0,0,0,1,1,1,1,0,0,0,0,1,1,1,1,0,0,0,0,1,1,1,1,0,0,0,0,1,1,1,1,0,0,0,0,1,1,1,1,0,0,0,0,1,1,1,1,0,32,Unicorn_Absent,-1,-1.0,6,909,0.8,32.0,0.3333333333333333,32.0,0.0,0.0,RIGHT,1.0,1.0,0.0,0,UP,3,2
2730,72369517,46,723670,Absent,32,0,0,0,0,0,0,0,0,0,0,0,0,0,0,0,0,0,0,0,0,0,0,0,0,0,0,0,0,0,0,0,0,1,1,1,1,1,1,1,1,1,1,1,1,1,1,1,1,1,1,1,1,1,1,1,1,1,1,1,1,1,1,1,1,32,0,Unicorn_Absent,-1,-1.0,3,973,1.0,32.0,0.3333333333333333,64.0,0.0,1.0,DOWN,0.8,0.3333333333333333,0.0,32,RIGHT,3,2
2736,72369517,49,723670,Absent,64,1,1,1,1,1,1,1,1,1,1,1,1,1,1,1,1,1,1,1,1,1,1,1,1,1,1,1,1,1,1,1,1,1,1,1,1,1,1,1,1,1,1,1,1,1,1,1,1,1,1,1,1,1,1,1,1,1,1,1,1,1,1,1,1,32,0,Unicorn_Absent,-1,-1.0,1,834,1.0,64.0,0.5,64.0,0.0,1.0,ALL,1.0,0.3333333333333333,0.0,0,DOWN,3,2
2740,72369517,51,723670,Absent,32,0,0,0,0,0,0,0,0,0,0,0,0,0,0,0,0,0,0,0,0,0,0,0,0,0,0,0,0,0,0,0,0,1,1,1,1,1,1,1,1,1,1,1,1,1,1,1,1,1,1,1,1,1,1,1,1,1,1,1,1,1,1,1,1,16,16,Unicorn_Absent,-1,-1.0,3,868,0.9,32.0,0.5,48.0,0.30434782608695654,0.5,DOWN,1.0,0.5,0.0,0,ALL,3,2
2742,72369517,52,723670,Absent,32,0,0,0,0,0,0,0,0,0,0,0,0,0,0,0,0,0,0,0,0,0,0,0,0,0,0,0,0,0,0,0,0,1,1,1,1,1,1,1,1,1,1,1,1,1,1,1,1,1,1,1,1,1,1,1,1,1,1,1,1,1,1,1,1,16,16,Unicorn_Absent,-1,-1.0,3,884,0.9,32.0,1.0,48.0,0.30434782608695654,0.5,DOWN,0.9,0.5,0.30434782608695654,16,DOWN,3,2
2752,72369517,57,723670,Absent,36,0,0,0,0,0,0,0,0,0,1,1,1,1,1,1,0,0,1,1,1,1,1,1,0,0,1,1,1,1,1,1,0,0,1,1,1,1,1,1,0,0,1,1,1,1,1,1,0,0,1,1,1,1,1,1,0,0,0,0,0,0,0,0,0,32,0,Unicorn_Absent,-1,-1.0,7,841,1.0,36.0,0.36,64.0,0.0,1.0,IN,0.9,1.0,0.30434782608695654,16,DOWN,3,2
2754,72369517,58,723670,Absent,36,0,0,0,0,0,0,0,0,0,1,1,1,1,1,1,0,0,1,1,1,1,1,1,0,0,1,1,1,1,1,1,0,0,1,1,1,1,1,1,0,0,1,1,1,1,1,1,0,0,1,1,1,1,1,1,0,0,0,0,0,0,0,0,0,32,0,Unicorn_Absent,-1,-1.0,7,873,1.0,36.0,1.0,64.0,0.0,1.0,IN,1.0,0.36,0.0,0,IN,3,2
2641,72369517,1,951771,Absent,41,1,1,1,0,0,1,1,0,0,1,0,1,1,0,0,0,0,0,0,0,1,1,0,0,1,1,1,1,1,0,0,1,1,1,1,0,0,0,0,0,0,1,1,0,0,0,0,1,1,1,1,1,1,1,0,1,0,1,1,0,0,0,1,0,13,19,Unicorn_Absent,-1,-1.0,9,13,0.88125,32.0,1.0,52.0,1.0,0.515625,,,,,,,3,2
2647,72369517,4,951771,Absent,32,1,1,1,1,1,1,1,1,1,1,1,1,1,1,1,1,1,1,1,1,1,1,1,1,1,1,1,1,1,1,1,1,0,0,0,0,0,0,0,0,0,0,0,0,0,0,0,0,0,0,0,0,0,0,0,0,0,0,0,0,0,0,0,0,32,0,Unicorn_Absent,-1,-1.0,4,109,1.0,32.0,0.3333333333333333,64.0,1.0,1.0,UP,0.88125,1.0,1.0,19,,3,2
2649,72369517,5,951771,Absent,32,1,1,1,1,1,1,1,1,1,1,1,1,1,1,1,1,1,1,1,1,1,1,1,1,1,1,1,1,1,1,1,1,0,0,0,0,0,0,0,0,0,0,0,0,0,0,0,0,0,0,0,0,0,0,0,0,0,0,0,0,0,0,0,0,32,0,Unicorn_Absent,-1,-1.0,4,141,1.0,32.0,1.0,64.0,0.0,1.0,UP,1.0,0.3333333333333333,1.0,0,UP,3,2
2651,72369517,6,951771,Absent,32,1,1,1,1,1,1,1,1,1,1,1,1,1,1,1,1,1,1,1,1,1,1,1,1,1,1,1,1,1,1,1,1,0,0,0,0,0,0,0,0,0,0,0,0,0,0,0,0,0,0,0,0,0,0,0,0,0,0,0,0,0,0,0,0,32,0,Unicorn_Absent,-1,-1.0,4,173,1.0,32.0,1.0,64.0,0.0,1.0,UP,1.0,1.0,0.0,0,UP,3,2
2657,72369517,9,951771,Absent,32,1,1,1,1,1,1,1,1,1,1,1,1,1,1,1,1,1,1,1,1,1,1,1,1,1,1,1,1,1,1,1,1,0,0,0,0,0,0,0,0,0,0,0,0,0,0,0,0,0,0,0,0,0,0,0,0,0,0,0,0,0,0,0,0,0,32,Unicorn_Absent,-1,-1.0,4,237,0.8,32.0,1.0,32.0,0.0,0.0,UP,1.0,1.0,0.0,0,UP,3,2
2661,72369517,11,951771,Absent,0,0,0,0,0,0,0,0,0,0,0,0,0,0,0,0,0,0,0,0,0,0,0,0,0,0,0,0,0,0,0,0,0,0,0,0,0,0,0,0,0,0,0,0,0,0,0,0,0,0,0,0,0,0,0,0,0,0,0,0,0,0,0,0,0,32,0,Unicorn_Absent,-1,-1.0,2,301,1.0,0.0,0.0,32.0,0.0,0.5,NOTHING,0.8,1.0,0.0,32,UP,3,2
2663,72369517,12,951771,Absent,36,0,0,0,0,0,0,0,0,0,1,1,1,1,1,1,0,0,1,1,1,1,1,1,0,0,1,1,1,1,1,1,0,0,1,1,1,1,1,1,0,0,1,1,1,1,1,1,0,0,1,1,1,1,1,1,0,0,0,0,0,0,0,0,0,14,18,Unicorn_Absent,-1,-1.0,7,315,0.8875,36.0,0.0,50.0,0.0,0.5,IN,1.0,0.0,0.0,0,NOTHING,3,2
2669,72369517,15,951771,Absent,0,0,0,0,0,0,0,0,0,0,0,0,0,0,0,0,0,0,0,0,0,0,0,0,0,0,0,0,0,0,0,0,0,0,0,0,0,0,0,0,0,0,0,0,0,0,0,0,0,0,0,0,0,0,0,0,0,0,0,0,0,0,0,0,0,32,0,Unicorn_Absent,-1,-1.0,2,391,1.0,0.0,0.0,64.0,0.0,1.0,NOTHING,0.8875,0.0,0.0,18,IN,3,2
2671,72369517,16,951771,Absent,0,0,0,0,0,0,0,0,0,0,0,0,0,0,0,0,0,0,0,0,0,0,0,0,0,0,0,0,0,0,0,0,0,0,0,0,0,0,0,0,0,0,0,0,0,0,0,0,0,0,0,0,0,0,0,0,0,0,0,0,0,0,0,0,0,32,0,Unicorn_Absent,-1,-1.0,2,423,1.0,0.0,1.0,64.0,0.0,1.0,NOTHING,1.0,0.0,0.0,0,NOTHING,3,2
2683,72369517,22,951771,Absent,32,1,1,1,1,1,1,1,1,1,1,1,1,1,1,1,1,1,1,1,1,1,1,1,1,1,1,1,1,1,1,1,1,0,0,0,0,0,0,0,0,0,0,0,0,0,0,0,0,0,0,0,0,0,0,0,0,0,0,0,0,0,0,0,0,18,14,Unicorn_Absent,-1,-1.0,4,569,0.9125,32.0,0.0,46.0,0.0,0.5,UP,1.0,1.0,0.0,0,NOTHING,3,2
2685,72369517,23,951771,Absent,32,1,1,1,1,0,0,0,0,1,1,1,1,0,0,0,0,1,1,1,1,0,0,0,0,1,1,1,1,0,0,0,0,1,1,1,1,0,0,0,0,1,1,1,1,0,0,0,0,1,1,1,1,0,0,0,0,1,1,1,1,0,0,0,0,18,14,Unicorn_Absent,-1,-1.0,5,587,0.9125,32.0,0.3333333333333333,46.0,0.0,0.5,LEFT,0.9125,0.0,0.0,14,UP,3,2
2687,72369517,24,951771,Absent,0,0,0,0,0,0,0,0,0,0,0,0,0,0,0,0,0,0,0,0,0,0,0,0,0,0,0,0,0,0,0,0,0,0,0,0,0,0,0,0,0,0,0,0,0,0,0,0,0,0,0,0,0,0,0,0,0,0,0,0,0,0,0,0,0,32,0,Unicorn_Absent,-1,-1.0,2,619,1.0,0.0,0.0,0.0,0.0,0.0,NOTHING,0.9125,0.3333333333333333,0.0,14,LEFT,3,2
2693,72369517,27,951771,Absent,28,1,1,1,1,1,1,1,1,1,0,0,0,0,0,0,1,1,0,0,0,0,0,0,1,1,0,0,0,0,0,0,1,1,0,0,0,0,0,0,1,1,0,0,0,0,0,0,1,1,0,0,0,0,0,0,1,1,1,1,1,1,1,1,1,4,28,Unicorn_Absent,-1,-1.0,8,589,0.825,28.0,0.0,28.0,1.0,0.0,OUT,1.0,0.0,0.0,0,NOTHING,3,2
2695,72369517,28,951771,Absent,0,0,0,0,0,0,0,0,0,0,0,0,0,0,0,0,0,0,0,0,0,0,0,0,0,0,0,0,0,0,0,0,0,0,0,0,0,0,0,0,0,0,0,0,0,0,0,0,0,0,0,0,0,0,0,0,0,0,0,0,0,0,0,0,0,32,0,Unicorn_Absent,-1,-1.0,2,621,1.0,0.0,0.0,32.0,1.0,0.5,NOTHING,0.825,0.0,1.0,28,OUT,3,2
2697,72369517,29,951771,Absent,0,0,0,0,0,0,0,0,0,0,0,0,0,0,0,0,0,0,0,0,0,0,0,0,0,0,0,0,0,0,0,0,0,0,0,0,0,0,0,0,0,0,0,0,0,0,0,0,0,0,0,0,0,0,0,0,0,0,0,0,0,0,0,0,0,32,0,Unicorn_Absent,-1,-1.0,2,653,1.0,0.0,1.0,32.0,0.0,0.5,NOTHING,1.0,0.0,1.0,0,NOTHING,3,2
2701,72369517,31,951771,Absent,0,0,0,0,0,0,0,0,0,0,0,0,0,0,0,0,0,0,0,0,0,0,0,0,0,0,0,0,0,0,0,0,0,0,0,0,0,0,0,0,0,0,0,0,0,0,0,0,0,0,0,0,0,0,0,0,0,0,0,0,0,0,0,0,0,32,0,Unicorn_Absent,-1,-1.0,2,717,1.0,0.0,1.0,32.0,0.0,0.5,NOTHING,1.0,1.0,0.0,0,NOTHING,3,2
2705,72369517,33,951771,Absent,0,0,0,0,0,0,0,0,0,0,0,0,0,0,0,0,0,0,0,0,0,0,0,0,0,0,0,0,0,0,0,0,0,0,0,0,0,0,0,0,0,0,0,0,0,0,0,0,0,0,0,0,0,0,0,0,0,0,0,0,0,0,0,0,0,32,0,Unicorn_Absent,-1,-1.0,2,781,1.0,0.0,1.0,32.0,0.3333333333333333,0.5,NOTHING,1.0,1.0,0.0,0,NOTHING,3,2
2707,72369517,34,951771,Absent,0,0,0,0,0,0,0,0,0,0,0,0,0,0,0,0,0,0,0,0,0,0,0,0,0,0,0,0,0,0,0,0,0,0,0,0,0,0,0,0,0,0,0,0,0,0,0,0,0,0,0,0,0,0,0,0,0,0,0,0,0,0,0,0,0,32,0,Unicorn_Absent,-1,-1.0,2,813,1.0,0.0,1.0,32.0,0.3333333333333333,0.5,NOTHING,1.0,1.0,0.3333333333333333,0,NOTHING,3,2
2711,72369517,36,951771,Absent,0,0,0,0,0,0,0,0,0,0,0,0,0,0,0,0,0,0,0,0,0,0,0,0,0,0,0,0,0,0,0,0,0,0,0,0,0,0,0,0,0,0,0,0,0,0,0,0,0,0,0,0,0,0,0,0,0,0,0,0,0,0,0,0,0,32,0,Unicorn_Absent,-1,-1.0,2,877,1.0,0.0,1.0,32.0,0.0,0.5,NOTHING,1.0,1.0,0.3333333333333333,0,NOTHING,3,2
2715,72369517,38,951771,Absent,0,0,0,0,0,0,0,0,0,0,0,0,0,0,0,0,0,0,0,0,0,0,0,0,0,0,0,0,0,0,0,0,0,0,0,0,0,0,0,0,0,0,0,0,0,0,0,0,0,0,0,0,0,0,0,0,0,0,0,0,0,0,0,0,0,32,0,Unicorn_Absent,-1,-1.0,2,941,1.0,0.0,1.0,32.0,0.0,0.5,NOTHING,1.0,1.0,0.0,0,NOTHING,3,2
2717,72369517,39,951771,Absent,0,0,0,0,0,0,0,0,0,0,0,0,0,0,0,0,0,0,0,0,0,0,0,0,0,0,0,0,0,0,0,0,0,0,0,0,0,0,0,0,0,0,0,0,0,0,0,0,0,0,0,0,0,0,0,0,0,0,0,0,0,0,0,0,0,32,0,Unicorn_Absent,-1,-1.0,2,973,1.0,0.0,1.0,32.0,0.5,0.5,NOTHING,1.0,1.0,0.0,0,NOTHING,3,2
2719,72369517,40,951771,Absent,0,0,0,0,0,0,0,0,0,0,0,0,0,0,0,0,0,0,0,0,0,0,0,0,0,0,0,0,0,0,0,0,0,0,0,0,0,0,0,0,0,0,0,0,0,0,0,0,0,0,0,0,0,0,0,0,0,0,0,0,0,0,0,0,0,32,0,Unicorn_Absent,-1,-1.0,2,1005,1.0,0.0,1.0,32.0,0.5,0.5,NOTHING,1.0,1.0,0.5,0,NOTHING,3,2
2721,72369517,41,951771,Absent,0,0,0,0,0,0,0,0,0,0,0,0,0,0,0,0,0,0,0,0,0,0,0,0,0,0,0,0,0,0,0,0,0,0,0,0,0,0,0,0,0,0,0,0,0,0,0,0,0,0,0,0,0,0,0,0,0,0,0,0,0,0,0,0,0,32,0,Unicorn_Absent,-1,-1.0,2,1037,1.0,0.0,1.0,32.0,0.5,0.5,NOTHING,1.0,1.0,0.5,0,NOTHING,3,2
2727,72369517,44,951771,Absent,32,0,0,0,0,1,1,1,1,0,0,0,0,1,1,1,1,0,0,0,0,1,1,1,1,0,0,0,0,1,1,1,1,0,0,0,0,1,1,1,1,0,0,0,0,1,1,1,1,0,0,0,0,1,1,1,1,0,0,0,0,1,1,1,1,0,32,Unicorn_Absent,-1,-1.0,6,909,0.8,32.0,0.0,32.0,0.5,0.0,RIGHT,1.0,1.0,0.5,0,NOTHING,3,2
2731,72369517,46,951771,Absent,32,1,1,1,1,1,1,1,1,1,1,1,1,1,1,1,1,1,1,1,1,1,1,1,1,1,1,1,1,1,1,1,1,0,0,0,0,0,0,0,0,0,0,0,0,0,0,0,0,0,0,0,0,0,0,0,0,0,0,0,0,0,0,0,0,32,0,Unicorn_Absent,-1,-1.0,4,973,1.0,32.0,0.3333333333333333,64.0,1.0,1.0,UP,0.8,0.0,0.5,32,RIGHT,3,2
2737,72369517,49,951771,Absent,0,0,0,0,0,0,0,0,0,0,0,0,0,0,0,0,0,0,0,0,0,0,0,0,0,0,0,0,0,0,0,0,0,0,0,0,0,0,0,0,0,0,0,0,0,0,0,0,0,0,0,0,0,0,0,0,0,0,0,0,0,0,0,0,0,32,0,Unicorn_Absent,-1,-1.0,2,834,1.0,0.0,0.0,64.0,1.0,1.0,NOTHING,1.0,0.3333333333333333,1.0,0,UP,3,2
2741,72369517,51,951771,Absent,32,1,1,1,1,0,0,0,0,1,1,1,1,0,0,0,0,1,1,1,1,0,0,0,0,1,1,1,1,0,0,0,0,1,1,1,1,0,0,0,0,1,1,1,1,0,0,0,0,1,1,1,1,0,0,0,0,1,1,1,1,0,0,0,0,16,16,Unicorn_Absent,-1,-1.0,5,868,0.9,32.0,0.0,48.0,0.055652173913043446,0.5,LEFT,1.0,0.0,1.0,0,NOTHING,3,2
2743,72369517,52,951771,Absent,32,0,0,0,0,1,1,1,1,0,0,0,0,1,1,1,1,0,0,0,0,1,1,1,1,0,0,0,0,1,1,1,1,0,0,0,0,1,1,1,1,0,0,0,0,1,1,1,1,0,0,0,0,1,1,1,1,0,0,0,0,1,1,1,1,16,16,Unicorn_Absent,-1,-1.0,6,884,0.9,32.0,0.0,48.0,0.055652173913043446,0.5,RIGHT,0.9,0.0,0.055652173913043446,16,LEFT,3,2
2753,72369517,57,951771,Absent,28,1,1,1,1,1,1,1,1,1,0,0,0,0,0,0,1,1,0,0,0,0,0,0,1,1,0,0,0,0,0,0,1,1,0,0,0,0,0,0,1,1,0,0,0,0,0,0,1,1,0,0,0,0,0,0,1,1,1,1,1,1,1,1,1,32,0,Unicorn_Absent,-1,-1.0,8,841,1.0,28.0,0.30434782608695654,64.0,0.0,1.0,OUT,0.9,0.0,0.055652173913043446,16,RIGHT,3,2
2755,72369517,58,951771,Absent,28,1,1,1,1,1,1,1,1,1,0,0,0,0,0,0,1,1,0,0,0,0,0,0,1,1,0,0,0,0,0,0,1,1,0,0,0,0,0,0,1,1,0,0,0,0,0,0,1,1,0,0,0,0,0,0,1,1,1,1,1,1,1,1,1,32,0,Unicorn_Absent,-1,-1.0,8,873,1.0,28.0,1.0,64.0,0.0,1.0,OUT,1.0,0.30434782608695654,0.0,0,OUT,3,2
3720,72397740,1,723966,Absent,2,0,0,0,0,0,1,0,0,0,0,0,0,0,0,0,0,0,0,0,0,0,0,0,0,0,1,0,0,0,0,0,0,0,0,0,0,0,0,0,0,0,0,0,0,0,0,0,0,0,0,0,0,0,0,0,0,0,0,0,0,0,0,0,0,31,1,Unicorn_Absent,-1,-1.0,0,31,0.99375,2.0,1.0,43.0,0.0,0.65625,RS,,,,,,3,2
3722,72397740,2,723966,Absent,32,1,1,1,1,0,0,0,0,1,1,1,1,0,0,0,0,1,1,1,1,0,0,0,0,1,1,1,1,0,0,0,0,1,1,1,1,0,0,0,0,1,1,1,1,0,0,0,0,1,1,1,1,0,0,0,0,1,1,1,1,0,0,0,0,24,8,Unicorn_Absent,-1,-1.0,5,55,0.95,32.0,0.030303030303030304,44.0,0.0,0.5625,LEFT,0.99375,1.0,0.0,1,RS,3,2
3734,72397740,8,723966,Absent,32,0,0,0,0,0,0,0,0,0,0,0,0,0,0,0,0,0,0,0,0,0,0,0,0,0,0,0,0,0,0,0,0,1,1,1,1,1,1,1,1,1,1,1,1,1,1,1,1,1,1,1,1,1,1,1,1,1,1,1,1,1,1,1,1,14,18,Unicorn_Absent,-1,-1.0,3,-96,0.8875,32.0,0.3333333333333333,50.0,0.2888459058671825,0.5,DOWN,0.95,0.030303030303030304,0.0,8,LEFT,3,2
3744,72397740,13,723966,Absent,32,1,1,1,1,1,1,1,1,1,1,1,1,1,1,1,1,1,1,1,1,1,1,1,1,1,1,1,1,1,1,1,1,0,0,0,0,0,0,0,0,0,0,0,0,0,0,0,0,0,0,0,0,0,0,0,0,0,0,0,0,0,0,0,0,0,32,Unicorn_Absent,-1,-1.0,4,-219,0.8,32.0,0.0,32.0,0.2888459058671825,0.0,UP,0.8875,0.3333333333333333,0.2888459058671825,18,DOWN,3,2
3754,72397740,18,723966,Absent,32,0,0,0,0,0,0,0,0,0,0,0,0,0,0,0,0,0,0,0,0,0,0,0,0,0,0,0,0,0,0,0,0,1,1,1,1,1,1,1,1,1,1,1,1,1,1,1,1,1,1,1,1,1,1,1,1,1,1,1,1,1,1,1,1,32,0,Unicorn_Absent,-1,-1.0,3,-59,1.0,32.0,0.0,64.0,0.031007751937984496,1.0,DOWN,0.8,0.0,0.2888459058671825,32,UP,3,2
3758,72397740,20,723966,Absent,32,0,0,0,0,0,0,0,0,0,0,0,0,0,0,0,0,0,0,0,0,0,0,0,0,0,0,0,0,0,0,0,0,1,1,1,1,1,1,1,1,1,1,1,1,1,1,1,1,1,1,1,1,1,1,1,1,1,1,1,1,1,1,1,1,0,32,Unicorn_Absent,-1,-1.0,3,-27,0.8,32.0,1.0,64.0,0.031007751937984496,0.5,DOWN,1.0,0.0,0.031007751937984496,0,DOWN,3,2
3768,72397740,25,723966,Absent,36,0,0,0,0,0,0,0,0,0,1,1,1,1,1,1,0,0,1,1,1,1,1,1,0,0,1,1,1,1,1,1,0,0,1,1,1,1,1,1,0,0,1,1,1,1,1,1,0,0,1,1,1,1,1,1,0,0,0,0,0,0,0,0,0,32,0,Unicorn_Absent,-1,-1.0,7,-67,1.0,36.0,0.36,36.0,0.36,0.5625,IN,0.8,1.0,0.031007751937984496,32,DOWN,3,2
3770,72397740,26,723966,Absent,36,0,0,0,0,0,0,0,0,0,1,1,1,1,1,1,0,0,1,1,1,1,1,1,0,0,1,1,1,1,1,1,0,0,1,1,1,1,1,1,0,0,1,1,1,1,1,1,0,0,1,1,1,1,1,1,0,0,0,0,0,0,0,0,0,32,0,Unicorn_Absent,-1,-1.0,7,-35,1.0,36.0,1.0,36.0,0.36,0.5625,IN,1.0,0.36,0.36,0,IN,3,2
3772,72397740,27,723966,Absent,36,0,0,0,0,0,0,0,0,0,1,1,1,1,1,1,0,0,1,1,1,1,1,1,0,0,1,1,1,1,1,1,0,0,1,1,1,1,1,1,0,0,1,1,1,1,1,1,0,0,1,1,1,1,1,1,0,0,0,0,0,0,0,0,0,32,0,Unicorn_Absent,-1,-1.0,7,-3,1.0,36.0,1.0,36.0,1.0,0.5625,IN,1.0,1.0,0.36,0,IN,3,2
3776,72397740,29,723966,Absent,56,1,0,0,1,0,1,1,1,0,1,0,1,0,1,0,0,0,1,0,1,1,1,1,1,0,0,1,1,1,0,1,1,1,0,0,1,1,0,1,0,0,0,1,1,0,1,1,1,0,0,1,0,1,1,1,1,0,1,0,1,0,0,1,1,10,22,Unicorn_Absent,-1,-1.0,0,-57,0.8625,37.0,0.46,47.0,1.0,0.390625,RS,1.0,1.0,1.0,0,IN,3,2
3780,72397740,31,723966,Absent,32,0,0,0,0,0,0,0,0,0,0,0,0,0,0,0,0,0,0,0,0,0,0,0,0,0,0,0,0,0,0,0,0,1,1,1,1,1,1,1,1,1,1,1,1,1,1,1,1,1,1,1,1,1,1,1,1,1,1,1,1,1,1,1,1,0,32,Unicorn_Absent,-1,-1.0,3,-137,0.8,32.0,0.35294117647058826,64.0,0.5,0.5,DOWN,0.8625,0.46,1.0,22,RS,3,2
3784,72397740,33,723966,Absent,32,1,1,1,1,1,1,1,1,1,1,1,1,1,1,1,1,1,1,1,1,1,1,1,1,1,1,1,1,1,1,1,1,0,0,0,0,0,0,0,0,0,0,0,0,0,0,0,0,0,0,0,0,0,0,0,0,0,0,0,0,0,0,0,0,32,0,Unicorn_Absent,-1,-1.0,4,-73,1.0,32.0,0.0,64.0,0.5,1.0,UP,0.8,0.35294117647058826,0.5,32,DOWN,3,2
3786,72397740,34,723966,Absent,32,1,1,1,1,1,1,1,1,1,1,1,1,1,1,1,1,1,1,1,1,1,1,1,1,1,1,1,1,1,1,1,1,0,0,0,0,0,0,0,0,0,0,0,0,0,0,0,0,0,0,0,0,0,0,0,0,0,0,0,0,0,0,0,0,32,0,Unicorn_Absent,-1,-1.0,4,-41,1.0,32.0,1.0,64.0,0.36,1.0,UP,1.0,0.0,0.5,0,UP,3,2
3788,72397740,35,723966,Absent,32,1,1,1,1,1,1,1,1,1,1,1,1,1,1,1,1,1,1,1,1,1,1,1,1,1,1,1,1,1,1,1,1,0,0,0,0,0,0,0,0,0,0,0,0,0,0,0,0,0,0,0,0,0,0,0,0,0,0,0,0,0,0,0,0,32,0,Unicorn_Absent,-1,-1.0,4,-9,1.0,32.0,1.0,64.0,0.36,1.0,UP,1.0,1.0,0.36,0,UP,3,2
3796,72397740,39,723966,Absent,32,1,1,1,1,1,1,1,1,1,1,1,1,1,1,1,1,1,1,1,1,1,1,1,1,1,1,1,1,1,1,1,1,0,0,0,0,0,0,0,0,0,0,0,0,0,0,0,0,0,0,0,0,0,0,0,0,0,0,0,0,0,0,0,0,32,0,Unicorn_Absent,-1,-1.0,4,119,1.0,32.0,1.0,64.0,0.0,1.0,UP,1.0,1.0,0.36,0,UP,3,2
3800,72397740,41,723966,Absent,36,0,0,0,0,0,0,0,0,0,1,1,1,1,1,1,0,0,1,1,1,1,1,1,0,0,1,1,1,1,1,1,0,0,1,1,1,1,1,1,0,0,1,1,1,1,1,1,0,0,1,1,1,1,1,1,0,0,0,0,0,0,0,0,0,14,18,Unicorn_Absent,-1,-1.0,7,37,0.8875,36.0,0.36,50.0,0.0,0.5,IN,1.0,1.0,0.0,0,UP,3,2
3802,72397740,42,723966,Absent,32,1,1,1,1,0,0,0,0,1,1,1,1,0,0,0,0,1,1,1,1,0,0,0,0,1,1,1,1,0,0,0,0,1,1,1,1,0,0,0,0,1,1,1,1,0,0,0,0,1,1,1,1,0,0,0,0,1,1,1,1,0,0,0,0,16,16,Unicorn_Absent,-1,-1.0,5,53,0.9,32.0,0.36,48.0,0.0,0.5,LEFT,0.8875,0.36,0.0,18,IN,3,2
3804,72397740,43,723966,Absent,28,1,1,1,1,1,1,1,1,1,0,0,0,0,0,0,1,1,0,0,0,0,0,0,1,1,0,0,0,0,0,0,1,1,0,0,0,0,0,0,1,1,0,0,0,0,0,0,1,1,0,0,0,0,0,0,1,1,1,1,1,1,1,1,1,32,0,Unicorn_Absent,-1,-1.0,8,85,1.0,28.0,0.30434782608695654,64.0,0.0,1.0,OUT,0.9,0.36,0.0,16,LEFT,3,2
3808,72397740,45,723966,Absent,32,1,1,1,1,1,1,1,1,1,1,1,1,1,1,1,1,1,1,1,1,1,1,1,1,1,1,1,1,1,1,1,1,0,0,0,0,0,0,0,0,0,0,0,0,0,0,0,0,0,0,0,0,0,0,0,0,0,0,0,0,0,0,0,0,32,0,Unicorn_Absent,-1,-1.0,4,149,1.0,32.0,0.30434782608695654,64.0,0.46,1.0,UP,1.0,0.30434782608695654,0.0,0,OUT,3,2
3820,72397740,51,723966,Absent,28,1,1,1,1,1,1,1,1,1,0,0,0,0,0,0,1,1,0,0,0,0,0,0,1,1,0,0,0,0,0,0,1,1,0,0,0,0,0,0,1,1,0,0,0,0,0,0,1,1,0,0,0,0,0,0,1,1,1,1,1,1,1,1,1,18,14,Unicorn_Absent,-1,-1.0,8,197,0.9125,28.0,0.30434782608695654,46.0,0.46,0.5,OUT,1.0,0.30434782608695654,0.46,0,UP,3,2
3822,72397740,52,723966,Absent,32,0,0,0,0,0,0,0,0,0,0,0,0,0,0,0,0,0,0,0,0,0,0,0,0,0,0,0,0,0,0,0,0,1,1,1,1,1,1,1,1,1,1,1,1,1,1,1,1,1,1,1,1,1,1,1,1,1,1,1,1,1,1,1,1,18,14,Unicorn_Absent,-1,-1.0,3,215,0.9125,32.0,0.30434782608695654,46.0,0.14705882352941174,0.5,DOWN,0.9125,0.30434782608695654,0.46,14,OUT,3,2
3824,72397740,53,723966,Absent,0,0,0,0,0,0,0,0,0,0,0,0,0,0,0,0,0,0,0,0,0,0,0,0,0,0,0,0,0,0,0,0,0,0,0,0,0,0,0,0,0,0,0,0,0,0,0,0,0,0,0,0,0,0,0,0,0,0,0,0,0,0,0,0,0,32,0,Unicorn_Absent,-1,-1.0,2,247,1.0,0.0,0.0,0.0,0.14705882352941174,0.0,NOTHING,0.9125,0.30434782608695654,0.14705882352941174,14,DOWN,3,2
3828,72397740,55,723966,Absent,28,1,1,1,1,1,1,1,1,1,0,0,0,0,0,0,1,1,0,0,0,0,0,0,1,1,0,0,0,0,0,0,1,1,0,0,0,0,0,0,1,1,0,0,0,0,0,0,1,1,0,0,0,0,0,0,1,1,1,1,1,1,1,1,1,32,0,Unicorn_Absent,-1,-1.0,8,310,1.0,28.0,0.0,28.0,0.5,0.4375,OUT,1.0,0.0,0.14705882352941174,0,NOTHING,3,2
3830,72397740,56,723966,Absent,28,1,1,1,1,1,1,1,1,1,0,0,0,0,0,0,1,1,0,0,0,0,0,0,1,1,0,0,0,0,0,0,1,1,0,0,0,0,0,0,1,1,0,0,0,0,0,0,1,1,0,0,0,0,0,0,1,1,1,1,1,1,1,1,1,18,14,Unicorn_Absent,-1,-1.0,8,328,0.9125,28.0,1.0,46.0,0.5,0.5,OUT,1.0,0.0,0.5,0,OUT,3,2
3832,72397740,57,723966,Absent,32,0,0,0,0,1,1,1,1,0,0,0,0,1,1,1,1,0,0,0,0,1,1,1,1,0,0,0,0,1,1,1,1,0,0,0,0,1,1,1,1,0,0,0,0,1,1,1,1,0,0,0,0,1,1,1,1,0,0,0,0,1,1,1,1,18,14,Unicorn_Absent,-1,-1.0,6,346,0.9125,32.0,0.30434782608695654,46.0,0.0,0.5,RIGHT,0.9125,1.0,0.5,14,OUT,3,2
3834,72397740,58,723966,Absent,64,1,1,1,1,1,1,1,1,1,1,1,1,1,1,1,1,1,1,1,1,1,1,1,1,1,1,1,1,1,1,1,1,1,1,1,1,1,1,1,1,1,1,1,1,1,1,1,1,1,1,1,1,1,1,1,1,1,1,1,1,1,1,1,1,4,28,Unicorn_Absent,-1,-1.0,1,350,0.825,64.0,0.5,64.0,0.0,0.5625,ALL,0.9125,0.30434782608695654,0.0,14,RIGHT,3,2
3838,72397740,60,723966,Absent,32,1,1,1,1,1,1,1,1,1,1,1,1,1,1,1,1,1,1,1,1,1,1,1,1,1,1,1,1,1,1,1,1,0,0,0,0,0,0,0,0,0,0,0,0,0,0,0,0,0,0,0,0,0,0,0,0,0,0,0,0,0,0,0,0,18,14,Unicorn_Absent,-1,-1.0,4,288,0.9125,32.0,0.5,46.0,0.0,0.5,UP,0.825,0.5,0.0,28,ALL,3,2
3721,72397740,1,774019,Absent,57,1,0,1,1,1,1,1,0,0,0,1,0,1,0,0,1,1,1,1,1,0,0,0,0,1,0,1,1,1,0,1,0,1,1,0,1,0,1,1,1,1,0,1,1,0,0,1,0,0,1,1,1,1,1,1,1,1,1,1,1,1,1,0,1,31,1,Unicorn_Absent,-1,-1.0,9,31,0.99375,42.0,1.0,43.0,0.0,0.65625,,,,,,,3,2
3723,72397740,2,774019,Absent,21,0,0,1,1,1,0,0,0,1,0,0,0,1,0,0,0,0,1,1,0,1,0,1,0,0,0,0,0,0,0,1,0,0,1,0,0,1,1,1,0,0,0,0,0,0,0,1,1,0,0,1,0,1,0,0,0,0,0,1,0,1,0,0,0,24,8,Unicorn_Absent,-1,-1.0,9,55,0.95,20.0,0.3191489361702128,44.0,0.0,0.5625,,0.99375,1.0,0.0,1,,3,2
3735,72397740,8,774019,Absent,36,0,0,0,0,0,0,0,0,0,1,1,1,1,1,1,0,0,1,1,1,1,1,1,0,0,1,1,1,1,1,1,0,0,1,1,1,1,1,1,0,0,1,1,1,1,1,1,0,0,1,1,1,1,1,1,0,0,0,0,0,0,0,0,0,14,18,Unicorn_Absent,-1,-1.0,7,-96,0.8875,36.0,0.3023255813953488,50.0,0.0,0.5,IN,0.95,0.3191489361702128,0.0,8,,3,2
3745,72397740,13,774019,Absent,32,1,1,1,1,1,1,1,1,1,1,1,1,1,1,1,1,1,1,1,1,1,1,1,1,1,1,1,1,1,1,1,1,0,0,0,0,0,0,0,0,0,0,0,0,0,0,0,0,0,0,0,0,0,0,0,0,0,0,0,0,0,0,0,0,0,32,Unicorn_Absent,-1,-1.0,4,-219,0.8,32.0,0.36,32.0,0.36,0.0,UP,0.8875,0.3023255813953488,0.0,18,IN,3,2
3755,72397740,18,774019,Absent,32,1,1,1,1,1,1,1,1,1,1,1,1,1,1,1,1,1,1,1,1,1,1,1,1,1,1,1,1,1,1,1,1,0,0,0,0,0,0,0,0,0,0,0,0,0,0,0,0,0,0,0,0,0,0,0,0,0,0,0,0,0,0,0,0,32,0,Unicorn_Absent,-1,-1.0,4,-59,1.0,32.0,1.0,64.0,0.36,1.0,UP,0.8,0.36,0.36,32,UP,3,2
3759,72397740,20,774019,Absent,64,1,1,1,1,1,1,1,1,1,1,1,1,1,1,1,1,1,1,1,1,1,1,1,1,1,1,1,1,1,1,1,1,1,1,1,1,1,1,1,1,1,1,1,1,1,1,1,1,1,1,1,1,1,1,1,1,1,1,1,1,1,1,1,1,0,32,Unicorn_Absent,-1,-1.0,1,-27,0.8,64.0,0.5,64.0,0.64,0.5,ALL,1.0,1.0,0.36,0,UP,3,2
3769,72397740,25,774019,Absent,0,0,0,0,0,0,0,0,0,0,0,0,0,0,0,0,0,0,0,0,0,0,0,0,0,0,0,0,0,0,0,0,0,0,0,0,0,0,0,0,0,0,0,0,0,0,0,0,0,0,0,0,0,0,0,0,0,0,0,0,0,0,0,0,0,32,0,Unicorn_Absent,-1,-1.0,2,-67,1.0,0.0,0.0,36.0,0.64,0.5625,NOTHING,0.8,0.5,0.64,32,ALL,3,2
3771,72397740,26,774019,Absent,0,0,0,0,0,0,0,0,0,0,0,0,0,0,0,0,0,0,0,0,0,0,0,0,0,0,0,0,0,0,0,0,0,0,0,0,0,0,0,0,0,0,0,0,0,0,0,0,0,0,0,0,0,0,0,0,0,0,0,0,0,0,0,0,0,32,0,Unicorn_Absent,-1,-1.0,2,-35,1.0,0.0,1.0,36.0,0.055652173913043446,0.5625,NOTHING,1.0,0.0,0.64,0,NOTHING,3,2
3773,72397740,27,774019,Absent,0,0,0,0,0,0,0,0,0,0,0,0,0,0,0,0,0,0,0,0,0,0,0,0,0,0,0,0,0,0,0,0,0,0,0,0,0,0,0,0,0,0,0,0,0,0,0,0,0,0,0,0,0,0,0,0,0,0,0,0,0,0,0,0,0,32,0,Unicorn_Absent,-1,-1.0,2,-3,1.0,0.0,1.0,36.0,0.055652173913043446,0.5625,NOTHING,1.0,1.0,0.055652173913043446,0,NOTHING,3,2
3777,72397740,29,774019,Absent,32,0,0,0,0,1,1,1,1,0,0,0,0,1,1,1,1,0,0,0,0,1,1,1,1,0,0,0,0,1,1,1,1,0,0,0,0,1,1,1,1,0,0,0,0,1,1,1,1,0,0,0,0,1,1,1,1,0,0,0,0,1,1,1,1,10,22,Unicorn_Absent,-1,-1.0,6,-57,0.8625,32.0,0.0,47.0,0.055652173913043446,0.390625,RIGHT,1.0,1.0,0.055652173913043446,0,NOTHING,3,2
3781,72397740,31,774019,Absent,64,1,1,1,1,1,1,1,1,1,1,1,1,1,1,1,1,1,1,1,1,1,1,1,1,1,1,1,1,1,1,1,1,1,1,1,1,1,1,1,1,1,1,1,1,1,1,1,1,1,1,1,1,1,1,1,1,1,1,1,1,1,1,1,1,0,32,Unicorn_Absent,-1,-1.0,1,-137,0.8,64.0,0.5,64.0,0.055652173913043446,0.5,ALL,0.8625,0.0,0.055652173913043446,22,RIGHT,3,2
3785,72397740,33,774019,Absent,32,0,0,0,0,0,0,0,0,0,0,0,0,0,0,0,0,0,0,0,0,0,0,0,0,0,0,0,0,0,0,0,0,1,1,1,1,1,1,1,1,1,1,1,1,1,1,1,1,1,1,1,1,1,1,1,1,1,1,1,1,1,1,1,1,32,0,Unicorn_Absent,-1,-1.0,3,-73,1.0,32.0,0.5,64.0,0.6956521739130435,1.0,DOWN,0.8,0.5,0.055652173913043446,32,ALL,3,2
3787,72397740,34,774019,Absent,32,0,0,0,0,0,0,0,0,0,0,0,0,0,0,0,0,0,0,0,0,0,0,0,0,0,0,0,0,0,0,0,0,1,1,1,1,1,1,1,1,1,1,1,1,1,1,1,1,1,1,1,1,1,1,1,1,1,1,1,1,1,1,1,1,32,0,Unicorn_Absent,-1,-1.0,3,-41,1.0,32.0,1.0,64.0,0.6956521739130435,1.0,DOWN,1.0,0.5,0.6956521739130435,0,DOWN,3,2
3789,72397740,35,774019,Absent,32,0,0,0,0,0,0,0,0,0,0,0,0,0,0,0,0,0,0,0,0,0,0,0,0,0,0,0,0,0,0,0,0,1,1,1,1,1,1,1,1,1,1,1,1,1,1,1,1,1,1,1,1,1,1,1,1,1,1,1,1,1,1,1,1,32,0,Unicorn_Absent,-1,-1.0,3,-9,1.0,32.0,1.0,64.0,0.0,1.0,DOWN,1.0,1.0,0.6956521739130435,0,DOWN,3,2
3797,72397740,39,774019,Absent,32,0,0,0,0,0,0,0,0,0,0,0,0,0,0,0,0,0,0,0,0,0,0,0,0,0,0,0,0,0,0,0,0,1,1,1,1,1,1,1,1,1,1,1,1,1,1,1,1,1,1,1,1,1,1,1,1,1,1,1,1,1,1,1,1,32,0,Unicorn_Absent,-1,-1.0,3,119,1.0,32.0,1.0,64.0,0.0,1.0,DOWN,1.0,1.0,0.0,0,DOWN,3,2
3801,72397740,41,774019,Absent,32,1,1,1,1,1,1,1,1,1,1,1,1,1,1,1,1,1,1,1,1,1,1,1,1,1,1,1,1,1,1,1,1,0,0,0,0,0,0,0,0,0,0,0,0,0,0,0,0,0,0,0,0,0,0,0,0,0,0,0,0,0,0,0,0,14,18,Unicorn_Absent,-1,-1.0,4,37,0.8875,32.0,0.0,50.0,0.0,0.5,UP,1.0,1.0,0.0,0,DOWN,3,2
3803,72397740,42,774019,Absent,32,1,1,1,1,1,1,1,1,1,1,1,1,1,1,1,1,1,1,1,1,1,1,1,1,1,1,1,1,1,1,1,1,0,0,0,0,0,0,0,0,0,0,0,0,0,0,0,0,0,0,0,0,0,0,0,0,0,0,0,0,0,0,0,0,16,16,Unicorn_Absent,-1,-1.0,4,53,0.9,32.0,1.0,48.0,0.0,0.5,UP,0.8875,0.0,0.0,18,UP,3,2
3805,72397740,43,774019,Absent,36,0,0,0,0,0,0,0,0,0,1,1,1,1,1,1,0,0,1,1,1,1,1,1,0,0,1,1,1,1,1,1,0,0,1,1,1,1,1,1,0,0,1,1,1,1,1,1,0,0,1,1,1,1,1,1,0,0,0,0,0,0,0,0,0,32,0,Unicorn_Absent,-1,-1.0,7,85,1.0,36.0,0.36,64.0,1.0,1.0,IN,0.9,1.0,0.0,16,UP,3,2
3809,72397740,45,774019,Absent,32,0,0,0,0,0,0,0,0,0,0,0,0,0,0,0,0,0,0,0,0,0,0,0,0,0,0,0,0,0,0,0,0,1,1,1,1,1,1,1,1,1,1,1,1,1,1,1,1,1,1,1,1,1,1,1,1,1,1,1,1,1,1,1,1,32,0,Unicorn_Absent,-1,-1.0,3,149,1.0,32.0,0.36,64.0,1.0,1.0,DOWN,1.0,0.36,1.0,0,IN,3,2
3821,72397740,51,774019,Absent,32,0,0,0,0,0,0,0,0,0,0,0,0,0,0,0,0,0,0,0,0,0,0,0,0,0,0,0,0,0,0,0,0,1,1,1,1,1,1,1,1,1,1,1,1,1,1,1,1,1,1,1,1,1,1,1,1,1,1,1,1,1,1,1,1,18,14,Unicorn_Absent,-1,-1.0,3,197,0.9125,32.0,1.0,46.0,1.0,0.5,DOWN,1.0,0.36,1.0,0,DOWN,3,2
3823,72397740,52,774019,Absent,28,1,1,1,1,1,1,1,1,1,0,0,0,0,0,0,1,1,0,0,0,0,0,0,1,1,0,0,0,0,0,0,1,1,0,0,0,0,0,0,1,1,0,0,0,0,0,0,1,1,0,0,0,0,0,0,1,1,1,1,1,1,1,1,1,18,14,Unicorn_Absent,-1,-1.0,8,215,0.9125,28.0,0.30434782608695654,46.0,1.0,0.5,OUT,0.9125,1.0,1.0,14,DOWN,3,2
3825,72397740,53,774019,Absent,0,0,0,0,0,0,0,0,0,0,0,0,0,0,0,0,0,0,0,0,0,0,0,0,0,0,0,0,0,0,0,0,0,0,0,0,0,0,0,0,0,0,0,0,0,0,0,0,0,0,0,0,0,0,0,0,0,0,0,0,0,0,0,0,0,32,0,Unicorn_Absent,-1,-1.0,2,247,1.0,0.0,0.0,0.0,0.0,0.0,NOTHING,0.9125,0.30434782608695654,1.0,14,OUT,3,2
3829,72397740,55,774019,Absent,0,0,0,0,0,0,0,0,0,0,0,0,0,0,0,0,0,0,0,0,0,0,0,0,0,0,0,0,0,0,0,0,0,0,0,0,0,0,0,0,0,0,0,0,0,0,0,0,0,0,0,0,0,0,0,0,0,0,0,0,0,0,0,0,0,32,0,Unicorn_Absent,-1,-1.0,2,310,1.0,0.0,1.0,28.0,0.0,0.4375,NOTHING,1.0,0.0,0.0,0,NOTHING,3,2
3831,72397740,56,774019,Absent,32,1,1,1,1,1,1,1,1,1,1,1,1,1,1,1,1,1,1,1,1,1,1,1,1,1,1,1,1,1,1,1,1,0,0,0,0,0,0,0,0,0,0,0,0,0,0,0,0,0,0,0,0,0,0,0,0,0,0,0,0,0,0,0,0,18,14,Unicorn_Absent,-1,-1.0,4,328,0.9125,32.0,0.0,46.0,0.5,0.5,UP,1.0,1.0,0.0,0,NOTHING,3,2
3833,72397740,57,774019,Absent,28,1,1,1,1,1,1,1,1,1,0,0,0,0,0,0,1,1,0,0,0,0,0,0,1,1,0,0,0,0,0,0,1,1,0,0,0,0,0,0,1,1,0,0,0,0,0,0,1,1,0,0,0,0,0,0,1,1,1,1,1,1,1,1,1,18,14,Unicorn_Absent,-1,-1.0,8,346,0.9125,28.0,0.30434782608695654,46.0,0.5,0.5,OUT,0.9125,0.0,0.5,14,UP,3,2
3835,72397740,58,774019,Absent,28,1,1,1,1,1,1,1,1,1,0,0,0,0,0,0,1,1,0,0,0,0,0,0,1,1,0,0,0,0,0,0,1,1,0,0,0,0,0,0,1,1,0,0,0,0,0,0,1,1,0,0,0,0,0,0,1,1,1,1,1,1,1,1,1,4,28,Unicorn_Absent,-1,-1.0,8,350,0.825,28.0,1.0,64.0,0.5,0.5625,OUT,0.9125,0.30434782608695654,0.5,14,OUT,3,2
3839,72397740,60,774019,Absent,28,1,1,1,1,1,1,1,1,1,0,0,0,0,0,0,1,1,0,0,0,0,0,0,1,1,0,0,0,0,0,0,1,1,0,0,0,0,0,0,1,1,0,0,0,0,0,0,1,1,0,0,0,0,0,0,1,1,1,1,1,1,1,1,1,18,14,Unicorn_Absent,-1,-1.0,8,288,0.9125,28.0,1.0,46.0,0.5,0.5,OUT,0.825,1.0,0.5,28,OUT,3,2
1808,72727447,5,727263,Absent,32,0,0,0,0,0,0,0,0,0,0,0,0,0,0,0,0,0,0,0,0,0,0,0,0,0,0,0,0,0,0,0,0,1,1,1,1,1,1,1,1,1,1,1,1,1,1,1,1,1,1,1,1,1,1,1,1,1,1,1,1,1,1,1,1,0,32,Unicorn_Absent,-1,-1.0,3,0,0.8,32.0,1.0,64.0,0.0,0.5,DOWN,,,,,,3,2
1810,72727447,6,727263,Absent,32,0,0,0,0,0,0,0,0,0,0,0,0,0,0,0,0,0,0,0,0,0,0,0,0,0,0,0,0,0,0,0,0,1,1,1,1,1,1,1,1,1,1,1,1,1,1,1,1,1,1,1,1,1,1,1,1,1,1,1,1,1,1,1,1,32,0,Unicorn_Absent,-1,-1.0,3,32,1.0,32.0,1.0,64.0,0.0,1.0,DOWN,0.8,1.0,0.0,32,DOWN,3,2
1818,72727447,10,727263,Absent,0,0,0,0,0,0,0,0,0,0,0,0,0,0,0,0,0,0,0,0,0,0,0,0,0,0,0,0,0,0,0,0,0,0,0,0,0,0,0,0,0,0,0,0,0,0,0,0,0,0,0,0,0,0,0,0,0,0,0,0,0,0,0,0,0,32,0,Unicorn_Absent,-1,-1.0,2,32,1.0,0.0,0.0,36.0,0.5,0.5625,NOTHING,1.0,1.0,0.0,0,DOWN,3,2
1822,72727447,12,727263,Absent,32,1,1,1,1,1,1,1,1,1,1,1,1,1,1,1,1,1,1,1,1,1,1,1,1,1,1,1,1,1,1,1,1,0,0,0,0,0,0,0,0,0,0,0,0,0,0,0,0,0,0,0,0,0,0,0,0,0,0,0,0,0,0,0,0,16,16,Unicorn_Absent,-1,-1.0,4,-16,0.9,32.0,0.0,48.0,0.5,0.5,UP,1.0,0.0,0.5,0,NOTHING,3,2
1824,72727447,13,727263,Absent,32,1,1,1,1,0,0,0,0,1,1,1,1,0,0,0,0,1,1,1,1,0,0,0,0,1,1,1,1,0,0,0,0,1,1,1,1,0,0,0,0,1,1,1,1,0,0,0,0,1,1,1,1,0,0,0,0,1,1,1,1,0,0,0,0,16,16,Unicorn_Absent,-1,-1.0,5,0,0.9,32.0,0.3333333333333333,48.0,0.36,0.5,LEFT,0.9,0.0,0.5,16,UP,3,2
1832,72727447,17,727263,Absent,32,0,0,0,0,1,1,1,1,0,0,0,0,1,1,1,1,0,0,0,0,1,1,1,1,0,0,0,0,1,1,1,1,0,0,0,0,1,1,1,1,0,0,0,0,1,1,1,1,0,0,0,0,1,1,1,1,0,0,0,0,1,1,1,1,14,18,Unicorn_Absent,-1,-1.0,6,-14,0.8875,32.0,0.0,50.0,0.36,0.5,RIGHT,0.9,0.3333333333333333,0.36,16,LEFT,3,2
1834,72727447,18,727263,Absent,32,0,0,0,0,1,1,1,1,0,0,0,0,1,1,1,1,0,0,0,0,1,1,1,1,0,0,0,0,1,1,1,1,0,0,0,0,1,1,1,1,0,0,0,0,1,1,1,1,0,0,0,0,1,1,1,1,0,0,0,0,1,1,1,1,0,32,Unicorn_Absent,-1,-1.0,6,-14,0.8,32.0,1.0,32.0,0.36,0.0,RIGHT,0.8875,0.0,0.36,18,RIGHT,3,2
1840,72727447,21,727263,Absent,32,0,0,0,0,0,0,0,0,0,0,0,0,0,0,0,0,0,0,0,0,0,0,0,0,0,0,0,0,0,0,0,0,1,1,1,1,1,1,1,1,1,1,1,1,1,1,1,1,1,1,1,1,1,1,1,1,1,1,1,1,1,1,1,1,16,16,Unicorn_Absent,-1,-1.0,3,46,0.9,32.0,0.3333333333333333,48.0,0.36,0.5,DOWN,0.8,1.0,0.36,32,RIGHT,3,2
1842,72727447,22,727263,Absent,28,1,1,1,1,1,1,1,1,1,0,0,0,0,0,0,1,1,0,0,0,0,0,0,1,1,0,0,0,0,0,0,1,1,0,0,0,0,0,0,1,1,0,0,0,0,0,0,1,1,0,0,0,0,0,0,1,1,1,1,1,1,1,1,1,18,14,Unicorn_Absent,-1,-1.0,8,64,0.9125,28.0,0.30434782608695654,46.0,0.0,0.5,OUT,0.9,0.3333333333333333,0.36,16,DOWN,3,2
1844,72727447,23,727263,Absent,28,1,1,1,1,1,1,1,1,1,0,0,0,0,0,0,1,1,0,0,0,0,0,0,1,1,0,0,0,0,0,0,1,1,0,0,0,0,0,0,1,1,0,0,0,0,0,0,1,1,0,0,0,0,0,0,1,1,1,1,1,1,1,1,1,32,0,Unicorn_Absent,-1,-1.0,8,96,1.0,28.0,1.0,28.0,0.0,0.4375,OUT,0.9125,0.30434782608695654,0.0,14,OUT,3,2
1848,72727447,25,727263,Absent,64,1,1,1,1,1,1,1,1,1,1,1,1,1,1,1,1,1,1,1,1,1,1,1,1,1,1,1,1,1,1,1,1,1,1,1,1,1,1,1,1,1,1,1,1,1,1,1,1,1,1,1,1,1,1,1,1,1,1,1,1,1,1,1,1,0,32,Unicorn_Absent,-1,-1.0,1,32,0.8,64.0,0.4375,64.0,0.36,0.5,ALL,1.0,1.0,0.0,0,OUT,3,2
1850,72727447,26,727263,Absent,0,0,0,0,0,0,0,0,0,0,0,0,0,0,0,0,0,0,0,0,0,0,0,0,0,0,0,0,0,0,0,0,0,0,0,0,0,0,0,0,0,0,0,0,0,0,0,0,0,0,0,0,0,0,0,0,0,0,0,0,0,0,0,0,0,32,0,Unicorn_Absent,-1,-1.0,2,64,1.0,0.0,0.0,32.0,0.36,0.5,NOTHING,0.8,0.4375,0.36,32,ALL,3,2
1852,72727447,27,727263,Absent,0,0,0,0,0,0,0,0,0,0,0,0,0,0,0,0,0,0,0,0,0,0,0,0,0,0,0,0,0,0,0,0,0,0,0,0,0,0,0,0,0,0,0,0,0,0,0,0,0,0,0,0,0,0,0,0,0,0,0,0,0,0,0,0,0,32,0,Unicorn_Absent,-1,-1.0,2,96,1.0,0.0,1.0,32.0,0.64,0.5,NOTHING,1.0,0.0,0.36,0,NOTHING,3,2
1854,72727447,28,727263,Absent,0,0,0,0,0,0,0,0,0,0,0,0,0,0,0,0,0,0,0,0,0,0,0,0,0,0,0,0,0,0,0,0,0,0,0,0,0,0,0,0,0,0,0,0,0,0,0,0,0,0,0,0,0,0,0,0,0,0,0,0,0,0,0,0,0,32,0,Unicorn_Absent,-1,-1.0,2,128,1.0,0.0,1.0,32.0,0.64,0.5,NOTHING,1.0,1.0,0.64,0,NOTHING,3,2
1856,72727447,29,727263,Absent,0,0,0,0,0,0,0,0,0,0,0,0,0,0,0,0,0,0,0,0,0,0,0,0,0,0,0,0,0,0,0,0,0,0,0,0,0,0,0,0,0,0,0,0,0,0,0,0,0,0,0,0,0,0,0,0,0,0,0,0,0,0,0,0,0,32,0,Unicorn_Absent,-1,-1.0,2,160,1.0,0.0,1.0,32.0,0.3333333333333333,0.5,NOTHING,1.0,1.0,0.64,0,NOTHING,3,2
1860,72727447,31,727263,Absent,12,1,0,0,1,0,0,0,0,0,0,0,0,0,0,0,0,0,0,0,0,0,0,1,0,0,0,0,0,0,0,1,1,0,0,0,1,0,1,0,0,0,0,0,0,0,0,0,1,0,0,1,0,0,0,1,0,0,0,1,0,1,0,0,0,26,6,Unicorn_Absent,-1,-1.0,0,122,0.9625,12.0,0.0,42.0,0.3333333333333333,0.5625,RS,1.0,1.0,0.3333333333333333,0,NOTHING,3,2
1866,72727447,34,727263,Absent,64,1,1,1,1,1,1,1,1,1,1,1,1,1,1,1,1,1,1,1,1,1,1,1,1,1,1,1,1,1,1,1,1,1,1,1,1,1,1,1,1,1,1,1,1,1,1,1,1,1,1,1,1,1,1,1,1,1,1,1,1,1,1,1,1,4,28,Unicorn_Absent,-1,-1.0,1,169,0.825,64.0,0.1875,64.0,0.028985507246376774,0.5625,ALL,0.9625,0.0,0.3333333333333333,6,RS,3,2
1870,72727447,36,727263,Absent,32,1,1,1,1,0,0,0,0,1,1,1,1,0,0,0,0,1,1,1,1,0,0,0,0,1,1,1,1,0,0,0,0,1,1,1,1,0,0,0,0,1,1,1,1,0,0,0,0,1,1,1,1,0,0,0,0,1,1,1,1,0,0,0,0,16,16,Unicorn_Absent,-1,-1.0,5,213,0.9,32.0,0.5,48.0,0.028985507246376774,0.5,LEFT,0.825,0.1875,0.028985507246376774,28,ALL,3,2
1874,72727447,38,727263,Absent,32,0,0,0,0,0,0,0,0,0,0,0,0,0,0,0,0,0,0,0,0,0,0,0,0,0,0,0,0,0,0,0,0,1,1,1,1,1,1,1,1,1,1,1,1,1,1,1,1,1,1,1,1,1,1,1,1,1,1,1,1,1,1,1,1,32,0,Unicorn_Absent,-1,-1.0,3,261,1.0,32.0,0.3333333333333333,32.0,1.0,0.5,DOWN,0.9,0.5,0.028985507246376774,16,LEFT,3,2
1876,72727447,39,727263,Absent,32,0,0,0,0,0,0,0,0,0,0,0,0,0,0,0,0,0,0,0,0,0,0,0,0,0,0,0,0,0,0,0,0,1,1,1,1,1,1,1,1,1,1,1,1,1,1,1,1,1,1,1,1,1,1,1,1,1,1,1,1,1,1,1,1,32,0,Unicorn_Absent,-1,-1.0,3,293,1.0,32.0,1.0,32.0,1.0,0.5,DOWN,1.0,0.3333333333333333,1.0,0,DOWN,3,2
1882,72727447,42,727263,Absent,32,0,0,0,0,1,1,1,1,0,0,0,0,1,1,1,1,0,0,0,0,1,1,1,1,0,0,0,0,1,1,1,1,0,0,0,0,1,1,1,1,0,0,0,0,1,1,1,1,0,0,0,0,1,1,1,1,0,0,0,0,1,1,1,1,14,18,Unicorn_Absent,-1,-1.0,6,239,0.8875,32.0,0.3333333333333333,50.0,0.4375,0.5,RIGHT,1.0,1.0,1.0,0,DOWN,3,2
1886,72727447,44,727263,Absent,32,0,0,0,0,1,1,1,1,0,0,0,0,1,1,1,1,0,0,0,0,1,1,1,1,0,0,0,0,1,1,1,1,0,0,0,0,1,1,1,1,0,0,0,0,1,1,1,1,0,0,0,0,1,1,1,1,0,0,0,0,1,1,1,1,0,32,Unicorn_Absent,-1,-1.0,6,265,0.8,32.0,1.0,64.0,0.4375,0.5,RIGHT,0.8875,0.3333333333333333,0.4375,18,RIGHT,3,2
1890,72727447,46,727263,Absent,32,0,0,0,0,1,1,1,1,0,0,0,0,1,1,1,1,0,0,0,0,1,1,1,1,0,0,0,0,1,1,1,1,0,0,0,0,1,1,1,1,0,0,0,0,1,1,1,1,0,0,0,0,1,1,1,1,0,0,0,0,1,1,1,1,0,32,Unicorn_Absent,-1,-1.0,6,297,0.8,32.0,1.0,32.0,1.0,0.0,RIGHT,0.8,1.0,0.4375,32,RIGHT,3,2
1892,72727447,47,727263,Absent,32,0,0,0,0,1,1,1,1,0,0,0,0,1,1,1,1,0,0,0,0,1,1,1,1,0,0,0,0,1,1,1,1,0,0,0,0,1,1,1,1,0,0,0,0,1,1,1,1,0,0,0,0,1,1,1,1,0,0,0,0,1,1,1,1,0,32,Unicorn_Absent,-1,-1.0,6,297,0.8,32.0,1.0,32.0,1.0,0.0,RIGHT,0.8,1.0,1.0,32,RIGHT,3,2
1900,72727447,51,727263,Absent,28,1,1,1,1,1,1,1,1,1,0,0,0,0,0,0,1,1,0,0,0,0,0,0,1,1,0,0,0,0,0,0,1,1,0,0,0,0,0,0,1,1,0,0,0,0,0,0,1,1,0,0,0,0,0,0,1,1,1,1,1,1,1,1,1,32,0,Unicorn_Absent,-1,-1.0,8,423,1.0,28.0,0.30434782608695654,64.0,0.0,1.0,OUT,0.8,1.0,1.0,32,RIGHT,3,2
1904,72727447,53,727263,Absent,32,1,1,1,1,1,1,1,1,1,1,1,1,1,1,1,1,1,1,1,1,1,1,1,1,1,1,1,1,1,1,1,1,0,0,0,0,0,0,0,0,0,0,0,0,0,0,0,0,0,0,0,0,0,0,0,0,0,0,0,0,0,0,0,0,32,0,Unicorn_Absent,-1,-1.0,4,363,1.0,32.0,0.30434782608695654,64.0,0.0,1.0,UP,1.0,0.30434782608695654,0.0,0,OUT,3,2
1906,72727447,54,727263,Absent,32,1,1,1,1,1,1,1,1,1,1,1,1,1,1,1,1,1,1,1,1,1,1,1,1,1,1,1,1,1,1,1,1,0,0,0,0,0,0,0,0,0,0,0,0,0,0,0,0,0,0,0,0,0,0,0,0,0,0,0,0,0,0,0,0,32,0,Unicorn_Absent,-1,-1.0,4,395,1.0,32.0,1.0,64.0,0.0,1.0,UP,1.0,0.30434782608695654,0.0,0,UP,3,2
1910,72727447,56,727263,Absent,32,1,1,1,1,1,1,1,1,1,1,1,1,1,1,1,1,1,1,1,1,1,1,1,1,1,1,1,1,1,1,1,1,0,0,0,0,0,0,0,0,0,0,0,0,0,0,0,0,0,0,0,0,0,0,0,0,0,0,0,0,0,0,0,0,32,0,Unicorn_Absent,-1,-1.0,4,459,1.0,32.0,1.0,64.0,0.0,1.0,UP,1.0,1.0,0.0,0,UP,3,2
1912,72727447,57,727263,Absent,32,1,1,1,1,1,1,1,1,1,1,1,1,1,1,1,1,1,1,1,1,1,1,1,1,1,1,1,1,1,1,1,1,0,0,0,0,0,0,0,0,0,0,0,0,0,0,0,0,0,0,0,0,0,0,0,0,0,0,0,0,0,0,0,0,32,0,Unicorn_Absent,-1,-1.0,4,491,1.0,32.0,1.0,64.0,0.0,1.0,UP,1.0,1.0,0.0,0,UP,3,2
1914,72727447,58,727263,Absent,32,1,1,1,1,1,1,1,1,1,1,1,1,1,1,1,1,1,1,1,1,1,1,1,1,1,1,1,1,1,1,1,1,0,0,0,0,0,0,0,0,0,0,0,0,0,0,0,0,0,0,0,0,0,0,0,0,0,0,0,0,0,0,0,0,0,32,Unicorn_Absent,-1,-1.0,4,491,0.8,32.0,1.0,64.0,0.0,0.5,UP,1.0,1.0,0.0,0,UP,3,2
1916,72727447,59,727263,Absent,28,1,1,1,1,1,1,1,1,1,0,0,0,0,0,0,1,1,0,0,0,0,0,0,1,1,0,0,0,0,0,0,1,1,0,0,0,0,0,0,1,1,0,0,0,0,0,0,1,1,0,0,0,0,0,0,1,1,1,1,1,1,1,1,1,18,14,Unicorn_Absent,-1,-1.0,8,509,0.9125,28.0,0.30434782608695654,46.0,0.36,0.5,OUT,0.8,1.0,0.0,32,UP,3,2
1918,72727447,60,727263,Absent,32,1,1,1,1,0,0,0,0,1,1,1,1,0,0,0,0,1,1,1,1,0,0,0,0,1,1,1,1,0,0,0,0,1,1,1,1,0,0,0,0,1,1,1,1,0,0,0,0,1,1,1,1,0,0,0,0,1,1,1,1,0,0,0,0,16,16,Unicorn_Absent,-1,-1.0,5,525,0.9,32.0,0.30434782608695654,48.0,0.36,0.5,LEFT,0.9125,0.30434782608695654,0.36,14,OUT,3,2
1809,72727447,5,744721,Absent,64,1,1,1,1,1,1,1,1,1,1,1,1,1,1,1,1,1,1,1,1,1,1,1,1,1,1,1,1,1,1,1,1,1,1,1,1,1,1,1,1,1,1,1,1,1,1,1,1,1,1,1,1,1,1,1,1,1,1,1,1,1,1,1,1,0,32,Unicorn_Absent,-1,-1.0,1,0,0.8,64.0,1.0,64.0,0.1875,0.5,ALL,,,,,,3,2
1811,72727447,6,744721,Absent,32,1,1,1,1,1,1,1,1,1,1,1,1,1,1,1,1,1,1,1,1,1,1,1,1,1,1,1,1,1,1,1,1,0,0,0,0,0,0,0,0,0,0,0,0,0,0,0,0,0,0,0,0,0,0,0,0,0,0,0,0,0,0,0,0,32,0,Unicorn_Absent,-1,-1.0,4,32,1.0,32.0,0.5,64.0,0.1875,1.0,UP,0.8,1.0,0.1875,32,ALL,3,2
1819,72727447,10,744721,Absent,36,0,0,0,0,0,0,0,0,0,1,1,1,1,1,1,0,0,1,1,1,1,1,1,0,0,1,1,1,1,1,1,0,0,1,1,1,1,1,1,0,0,1,1,1,1,1,1,0,0,1,1,1,1,1,1,0,0,0,0,0,0,0,0,0,32,0,Unicorn_Absent,-1,-1.0,7,32,1.0,36.0,0.36,36.0,0.19565217391304346,0.5625,IN,1.0,0.5,0.1875,0,UP,3,2
1823,72727447,12,744721,Absent,32,0,0,0,0,1,1,1,1,0,0,0,0,1,1,1,1,0,0,0,0,1,1,1,1,0,0,0,0,1,1,1,1,0,0,0,0,1,1,1,1,0,0,0,0,1,1,1,1,0,0,0,0,1,1,1,1,0,0,0,0,1,1,1,1,16,16,Unicorn_Absent,-1,-1.0,6,-16,0.9,32.0,0.36,48.0,0.19565217391304346,0.5,RIGHT,1.0,0.36,0.19565217391304346,0,IN,3,2
1825,72727447,13,744721,Absent,32,1,1,1,1,1,1,1,1,1,1,1,1,1,1,1,1,1,1,1,1,1,1,1,1,1,1,1,1,1,1,1,1,0,0,0,0,0,0,0,0,0,0,0,0,0,0,0,0,0,0,0,0,0,0,0,0,0,0,0,0,0,0,0,0,16,16,Unicorn_Absent,-1,-1.0,4,0,0.9,32.0,0.3333333333333333,48.0,0.3333333333333333,0.5,UP,0.9,0.36,0.19565217391304346,16,RIGHT,3,2
1833,72727447,17,744721,Absent,36,0,0,0,0,0,0,0,0,0,1,1,1,1,1,1,0,0,1,1,1,1,1,1,0,0,1,1,1,1,1,1,0,0,1,1,1,1,1,1,0,0,1,1,1,1,1,1,0,0,1,1,1,1,1,1,0,0,0,0,0,0,0,0,0,14,18,Unicorn_Absent,-1,-1.0,7,-14,0.8875,36.0,0.36,50.0,0.3333333333333333,0.5,IN,0.9,0.3333333333333333,0.3333333333333333,16,UP,3,2
1835,72727447,18,744721,Absent,32,0,0,0,0,1,1,1,1,0,0,0,0,1,1,1,1,0,0,0,0,1,1,1,1,0,0,0,0,1,1,1,1,0,0,0,0,1,1,1,1,0,0,0,0,1,1,1,1,0,0,0,0,1,1,1,1,0,0,0,0,1,1,1,1,0,32,Unicorn_Absent,-1,-1.0,6,-14,0.8,32.0,0.36,32.0,0.0,0.0,RIGHT,0.8875,0.36,0.3333333333333333,18,IN,3,2
1841,72727447,21,744721,Absent,32,1,1,1,1,0,0,0,0,1,1,1,1,0,0,0,0,1,1,1,1,0,0,0,0,1,1,1,1,0,0,0,0,1,1,1,1,0,0,0,0,1,1,1,1,0,0,0,0,1,1,1,1,0,0,0,0,1,1,1,1,0,0,0,0,16,16,Unicorn_Absent,-1,-1.0,5,46,0.9,32.0,0.0,48.0,0.0,0.5,LEFT,0.8,0.36,0.0,32,RIGHT,3,2
1843,72727447,22,744721,Absent,32,1,1,1,1,1,1,1,1,1,1,1,1,1,1,1,1,1,1,1,1,1,1,1,1,1,1,1,1,1,1,1,1,0,0,0,0,0,0,0,0,0,0,0,0,0,0,0,0,0,0,0,0,0,0,0,0,0,0,0,0,0,0,0,0,18,14,Unicorn_Absent,-1,-1.0,4,64,0.9125,32.0,0.3333333333333333,46.0,0.3333333333333333,0.5,UP,0.9,0.0,0.0,16,LEFT,3,2
1845,72727447,23,744721,Absent,0,0,0,0,0,0,0,0,0,0,0,0,0,0,0,0,0,0,0,0,0,0,0,0,0,0,0,0,0,0,0,0,0,0,0,0,0,0,0,0,0,0,0,0,0,0,0,0,0,0,0,0,0,0,0,0,0,0,0,0,0,0,0,0,0,32,0,Unicorn_Absent,-1,-1.0,2,96,1.0,0.0,0.0,28.0,0.3333333333333333,0.4375,NOTHING,0.9125,0.3333333333333333,0.3333333333333333,14,UP,3,2
1849,72727447,25,744721,Absent,32,1,1,1,1,1,1,1,1,1,1,1,1,1,1,1,1,1,1,1,1,1,1,1,1,1,1,1,1,1,1,1,1,0,0,0,0,0,0,0,0,0,0,0,0,0,0,0,0,0,0,0,0,0,0,0,0,0,0,0,0,0,0,0,0,0,32,Unicorn_Absent,-1,-1.0,4,32,0.8,32.0,0.0,64.0,0.4375,0.5,UP,1.0,0.0,0.3333333333333333,0,NOTHING,3,2
1851,72727447,26,744721,Absent,32,1,1,1,1,1,1,1,1,1,1,1,1,1,1,1,1,1,1,1,1,1,1,1,1,1,1,1,1,1,1,1,1,0,0,0,0,0,0,0,0,0,0,0,0,0,0,0,0,0,0,0,0,0,0,0,0,0,0,0,0,0,0,0,0,32,0,Unicorn_Absent,-1,-1.0,4,64,1.0,32.0,1.0,32.0,0.4375,0.5,UP,0.8,0.0,0.4375,32,UP,3,2
1853,72727447,27,744721,Absent,32,1,1,1,1,1,1,1,1,1,1,1,1,1,1,1,1,1,1,1,1,1,1,1,1,1,1,1,1,1,1,1,1,0,0,0,0,0,0,0,0,0,0,0,0,0,0,0,0,0,0,0,0,0,0,0,0,0,0,0,0,0,0,0,0,32,0,Unicorn_Absent,-1,-1.0,4,96,1.0,32.0,1.0,32.0,0.5,0.5,UP,1.0,1.0,0.4375,0,UP,3,2
1855,72727447,28,744721,Absent,32,1,1,1,1,1,1,1,1,1,1,1,1,1,1,1,1,1,1,1,1,1,1,1,1,1,1,1,1,1,1,1,1,0,0,0,0,0,0,0,0,0,0,0,0,0,0,0,0,0,0,0,0,0,0,0,0,0,0,0,0,0,0,0,0,32,0,Unicorn_Absent,-1,-1.0,4,128,1.0,32.0,1.0,32.0,0.5,0.5,UP,1.0,1.0,0.5,0,UP,3,2
1857,72727447,29,744721,Absent,32,1,1,1,1,1,1,1,1,1,1,1,1,1,1,1,1,1,1,1,1,1,1,1,1,1,1,1,1,1,1,1,1,0,0,0,0,0,0,0,0,0,0,0,0,0,0,0,0,0,0,0,0,0,0,0,0,0,0,0,0,0,0,0,0,32,0,Unicorn_Absent,-1,-1.0,4,160,1.0,32.0,1.0,32.0,0.0,0.5,UP,1.0,1.0,0.5,0,UP,3,2
1861,72727447,31,744721,Absent,36,0,0,0,0,0,0,0,0,0,1,1,1,1,1,1,0,0,1,1,1,1,1,1,0,0,1,1,1,1,1,1,0,0,1,1,1,1,1,1,0,0,1,1,1,1,1,1,0,0,1,1,1,1,1,1,0,0,0,0,0,0,0,0,0,26,6,Unicorn_Absent,-1,-1.0,7,122,0.9625,36.0,0.36,42.0,0.0,0.5625,IN,1.0,1.0,0.0,0,UP,3,2
1867,72727447,34,744721,Absent,28,1,1,1,1,1,1,1,1,1,0,0,0,0,0,0,1,1,0,0,0,0,0,0,1,1,0,0,0,0,0,0,1,1,0,0,0,0,0,0,1,1,0,0,0,0,0,0,1,1,0,0,0,0,0,0,1,1,1,1,1,1,1,1,1,4,28,Unicorn_Absent,-1,-1.0,8,169,0.825,28.0,0.0,64.0,0.055652173913043446,0.5625,OUT,0.9625,0.36,0.0,6,IN,3,2
1871,72727447,36,744721,Absent,32,1,1,1,1,1,1,1,1,1,1,1,1,1,1,1,1,1,1,1,1,1,1,1,1,1,1,1,1,1,1,1,1,0,0,0,0,0,0,0,0,0,0,0,0,0,0,0,0,0,0,0,0,0,0,0,0,0,0,0,0,0,0,0,0,16,16,Unicorn_Absent,-1,-1.0,4,213,0.9,32.0,0.30434782608695654,48.0,0.055652173913043446,0.5,UP,0.825,0.0,0.055652173913043446,28,OUT,3,2
1875,72727447,38,744721,Absent,0,0,0,0,0,0,0,0,0,0,0,0,0,0,0,0,0,0,0,0,0,0,0,0,0,0,0,0,0,0,0,0,0,0,0,0,0,0,0,0,0,0,0,0,0,0,0,0,0,0,0,0,0,0,0,0,0,0,0,0,0,0,0,0,0,32,0,Unicorn_Absent,-1,-1.0,2,261,1.0,0.0,0.0,32.0,0.055652173913043446,0.5,NOTHING,0.9,0.30434782608695654,0.055652173913043446,16,UP,3,2
1877,72727447,39,744721,Absent,0,0,0,0,0,0,0,0,0,0,0,0,0,0,0,0,0,0,0,0,0,0,0,0,0,0,0,0,0,0,0,0,0,0,0,0,0,0,0,0,0,0,0,0,0,0,0,0,0,0,0,0,0,0,0,0,0,0,0,0,0,0,0,0,0,32,0,Unicorn_Absent,-1,-1.0,2,293,1.0,0.0,1.0,32.0,0.055652173913043446,0.5,NOTHING,1.0,0.0,0.055652173913043446,0,NOTHING,3,2
1883,72727447,42,744721,Absent,36,0,0,0,0,0,0,0,0,0,1,1,1,1,1,1,0,0,1,1,1,1,1,1,0,0,1,1,1,1,1,1,0,0,1,1,1,1,1,1,0,0,1,1,1,1,1,1,0,0,1,1,1,1,1,1,0,0,0,0,0,0,0,0,0,14,18,Unicorn_Absent,-1,-1.0,7,239,0.8875,36.0,0.0,50.0,0.0,0.5,IN,1.0,1.0,0.055652173913043446,0,NOTHING,3,2
1887,72727447,44,744721,Absent,64,1,1,1,1,1,1,1,1,1,1,1,1,1,1,1,1,1,1,1,1,1,1,1,1,1,1,1,1,1,1,1,1,1,1,1,1,1,1,1,1,1,1,1,1,1,1,1,1,1,1,1,1,1,1,1,1,1,1,1,1,1,1,1,1,0,32,Unicorn_Absent,-1,-1.0,1,265,0.8,64.0,0.5625,64.0,0.0,0.5,ALL,0.8875,0.0,0.0,18,IN,3,2
1891,72727447,46,744721,Absent,32,0,0,0,0,1,1,1,1,0,0,0,0,1,1,1,1,0,0,0,0,1,1,1,1,0,0,0,0,1,1,1,1,0,0,0,0,1,1,1,1,0,0,0,0,1,1,1,1,0,0,0,0,1,1,1,1,0,0,0,0,1,1,1,1,0,32,Unicorn_Absent,-1,-1.0,6,297,0.8,32.0,0.5,32.0,0.0,0.0,RIGHT,0.8,0.5625,0.0,32,ALL,3,2
1893,72727447,47,744721,Absent,32,0,0,0,0,1,1,1,1,0,0,0,0,1,1,1,1,0,0,0,0,1,1,1,1,0,0,0,0,1,1,1,1,0,0,0,0,1,1,1,1,0,0,0,0,1,1,1,1,0,0,0,0,1,1,1,1,0,0,0,0,1,1,1,1,0,32,Unicorn_Absent,-1,-1.0,6,297,0.8,32.0,1.0,32.0,0.0,0.0,RIGHT,0.8,0.5,0.0,32,RIGHT,3,2
1901,72727447,51,744721,Absent,36,0,0,0,0,0,0,0,0,0,1,1,1,1,1,1,0,0,1,1,1,1,1,1,0,0,1,1,1,1,1,1,0,0,1,1,1,1,1,1,0,0,1,1,1,1,1,1,0,0,1,1,1,1,1,1,0,0,0,0,0,0,0,0,0,32,0,Unicorn_Absent,-1,-1.0,7,423,1.0,36.0,0.36,64.0,0.0,1.0,IN,0.8,1.0,0.0,32,RIGHT,3,2
1905,72727447,53,744721,Absent,32,0,0,0,0,0,0,0,0,0,0,0,0,0,0,0,0,0,0,0,0,0,0,0,0,0,0,0,0,0,0,0,0,1,1,1,1,1,1,1,1,1,1,1,1,1,1,1,1,1,1,1,1,1,1,1,1,1,1,1,1,1,1,1,1,32,0,Unicorn_Absent,-1,-1.0,3,363,1.0,32.0,0.36,64.0,0.0,1.0,DOWN,1.0,0.36,0.0,0,IN,3,2
1907,72727447,54,744721,Absent,32,0,0,0,0,0,0,0,0,0,0,0,0,0,0,0,0,0,0,0,0,0,0,0,0,0,0,0,0,0,0,0,0,1,1,1,1,1,1,1,1,1,1,1,1,1,1,1,1,1,1,1,1,1,1,1,1,1,1,1,1,1,1,1,1,32,0,Unicorn_Absent,-1,-1.0,3,395,1.0,32.0,1.0,64.0,0.5,1.0,DOWN,1.0,0.36,0.0,0,DOWN,3,2
1911,72727447,56,744721,Absent,32,0,0,0,0,0,0,0,0,0,0,0,0,0,0,0,0,0,0,0,0,0,0,0,0,0,0,0,0,0,0,0,0,1,1,1,1,1,1,1,1,1,1,1,1,1,1,1,1,1,1,1,1,1,1,1,1,1,1,1,1,1,1,1,1,32,0,Unicorn_Absent,-1,-1.0,3,459,1.0,32.0,1.0,64.0,0.5,1.0,DOWN,1.0,1.0,0.5,0,DOWN,3,2
1913,72727447,57,744721,Absent,32,0,0,0,0,0,0,0,0,0,0,0,0,0,0,0,0,0,0,0,0,0,0,0,0,0,0,0,0,0,0,0,0,1,1,1,1,1,1,1,1,1,1,1,1,1,1,1,1,1,1,1,1,1,1,1,1,1,1,1,1,1,1,1,1,32,0,Unicorn_Absent,-1,-1.0,3,491,1.0,32.0,1.0,64.0,0.19565217391304346,1.0,DOWN,1.0,1.0,0.5,0,DOWN,3,2
1915,72727447,58,744721,Absent,64,1,1,1,1,1,1,1,1,1,1,1,1,1,1,1,1,1,1,1,1,1,1,1,1,1,1,1,1,1,1,1,1,1,1,1,1,1,1,1,1,1,1,1,1,1,1,1,1,1,1,1,1,1,1,1,1,1,1,1,1,1,1,1,1,0,32,Unicorn_Absent,-1,-1.0,1,491,0.8,64.0,0.5,64.0,0.19565217391304346,0.5,ALL,1.0,1.0,0.19565217391304346,0,DOWN,3,2
1917,72727447,59,744721,Absent,32,1,1,1,1,0,0,0,0,1,1,1,1,0,0,0,0,1,1,1,1,0,0,0,0,1,1,1,1,0,0,0,0,1,1,1,1,0,0,0,0,1,1,1,1,0,0,0,0,1,1,1,1,0,0,0,0,1,1,1,1,0,0,0,0,18,14,Unicorn_Absent,-1,-1.0,5,509,0.9125,32.0,0.5,46.0,0.028985507246376774,0.5,LEFT,0.8,0.5,0.19565217391304346,32,ALL,3,2
1919,72727447,60,744721,Absent,32,1,1,1,1,1,1,1,1,1,1,1,1,1,1,1,1,1,1,1,1,1,1,1,1,1,1,1,1,1,1,1,1,0,0,0,0,0,0,0,0,0,0,0,0,0,0,0,0,0,0,0,0,0,0,0,0,0,0,0,0,0,0,0,0,16,16,Unicorn_Absent,-1,-1.0,4,525,0.9,32.0,0.3333333333333333,48.0,0.028985507246376774,0.5,UP,0.9125,0.5,0.028985507246376774,14,LEFT,3,2
963,73602893,2,289369,Absent,64,1,1,1,1,1,1,1,1,1,1,1,1,1,1,1,1,1,1,1,1,1,1,1,1,1,1,1,1,1,1,1,1,1,1,1,1,1,1,1,1,1,1,1,1,1,1,1,1,1,1,1,1,1,1,1,1,1,1,1,1,1,1,1,1,0,32,Unicorn_Absent,-1,-1.0,1,-73,0.8,64.0,1.0,64.0,0.0,0.5,ALL,,,,,,3,2
967,73602893,4,289369,Absent,0,0,0,0,0,0,0,0,0,0,0,0,0,0,0,0,0,0,0,0,0,0,0,0,0,0,0,0,0,0,0,0,0,0,0,0,0,0,0,0,0,0,0,0,0,0,0,0,0,0,0,0,0,0,0,0,0,0,0,0,0,0,0,0,0,32,0,Unicorn_Absent,-1,-1.0,2,-18,1.0,0.0,0.0,0.0,0.0,0.0,NOTHING,0.8,1.0,0.0,32,ALL,3,2
971,73602893,6,289369,Absent,32,0,0,0,0,0,0,0,0,0,0,0,0,0,0,0,0,0,0,0,0,0,0,0,0,0,0,0,0,0,0,0,0,1,1,1,1,1,1,1,1,1,1,1,1,1,1,1,1,1,1,1,1,1,1,1,1,1,1,1,1,1,1,1,1,32,0,Unicorn_Absent,-1,-1.0,3,46,1.0,32.0,0.0,32.0,0.0,0.5,DOWN,1.0,0.0,0.0,0,NOTHING,3,2
973,73602893,7,289369,Absent,32,0,0,0,0,0,0,0,0,0,0,0,0,0,0,0,0,0,0,0,0,0,0,0,0,0,0,0,0,0,0,0,0,1,1,1,1,1,1,1,1,1,1,1,1,1,1,1,1,1,1,1,1,1,1,1,1,1,1,1,1,1,1,1,1,16,16,Unicorn_Absent,-1,-1.0,3,62,0.9,32.0,1.0,48.0,0.0,0.5,DOWN,1.0,0.0,0.0,0,DOWN,3,2
975,73602893,8,289369,Absent,59,0,0,1,0,0,0,1,0,1,1,0,1,0,1,0,1,1,1,1,0,1,1,1,0,1,1,1,1,0,1,1,0,0,1,1,1,1,0,0,0,0,1,0,1,1,0,1,1,1,1,0,1,0,0,0,1,1,1,1,1,1,1,0,0,32,0,Unicorn_Absent,-1,-1.0,9,94,1.0,38.0,0.37254901960784315,38.0,1.0,0.59375,,0.9,1.0,0.0,16,DOWN,3,2
977,73602893,9,289369,Absent,32,0,0,0,0,0,0,0,0,0,0,0,0,0,0,0,0,0,0,0,0,0,0,0,0,0,0,0,0,0,0,0,0,1,1,1,1,1,1,1,1,1,1,1,1,1,1,1,1,1,1,1,1,1,1,1,1,1,1,1,1,1,1,1,1,32,0,Unicorn_Absent,-1,-1.0,3,126,1.0,32.0,0.37254901960784315,32.0,1.0,0.5,DOWN,1.0,0.37254901960784315,1.0,0,,3,2
979,73602893,10,289369,Absent,32,0,0,0,0,0,0,0,0,0,0,0,0,0,0,0,0,0,0,0,0,0,0,0,0,0,0,0,0,0,0,0,0,1,1,1,1,1,1,1,1,1,1,1,1,1,1,1,1,1,1,1,1,1,1,1,1,1,1,1,1,1,1,1,1,32,0,Unicorn_Absent,-1,-1.0,3,158,1.0,32.0,1.0,32.0,1.0,0.5,DOWN,1.0,0.37254901960784315,1.0,0,DOWN,3,2
983,73602893,12,289369,Absent,28,1,1,1,1,1,1,1,1,1,0,0,0,0,0,0,1,1,0,0,0,0,0,0,1,1,0,0,0,0,0,0,1,1,0,0,0,0,0,0,1,1,0,0,0,0,0,0,1,1,0,0,0,0,0,0,1,1,1,1,1,1,1,1,1,4,28,Unicorn_Absent,-1,-1.0,8,98,0.825,28.0,0.30434782608695654,64.0,1.0,0.5625,OUT,1.0,1.0,1.0,0,DOWN,3,2
985,73602893,13,289369,Absent,36,0,0,0,0,0,0,0,0,0,1,1,1,1,1,1,0,0,1,1,1,1,1,1,0,0,1,1,1,1,1,1,0,0,1,1,1,1,1,1,0,0,1,1,1,1,1,1,0,0,1,1,1,1,1,1,0,0,0,0,0,0,0,0,0,32,0,Unicorn_Absent,-1,-1.0,7,130,1.0,36.0,0.0,64.0,0.37254901960784315,1.0,IN,0.825,0.30434782608695654,1.0,28,OUT,3,2
987,73602893,14,289369,Absent,36,0,0,0,0,0,0,0,0,0,1,1,1,1,1,1,0,0,1,1,1,1,1,1,0,0,1,1,1,1,1,1,0,0,1,1,1,1,1,1,0,0,1,1,1,1,1,1,0,0,1,1,1,1,1,1,0,0,0,0,0,0,0,0,0,32,0,Unicorn_Absent,-1,-1.0,7,162,1.0,36.0,1.0,64.0,0.37254901960784315,1.0,IN,1.0,0.0,0.37254901960784315,0,IN,3,2
993,73602893,17,289369,Absent,36,0,0,0,0,0,0,0,0,0,1,1,1,1,1,1,0,0,1,1,1,1,1,1,0,0,1,1,1,1,1,1,0,0,1,1,1,1,1,1,0,0,1,1,1,1,1,1,0,0,1,1,1,1,1,1,0,0,0,0,0,0,0,0,0,14,18,Unicorn_Absent,-1,-1.0,7,144,0.8875,36.0,1.0,50.0,0.6274509803921569,0.5,IN,1.0,1.0,0.37254901960784315,0,IN,3,2
999,73602893,20,289369,Absent,36,0,0,0,0,0,0,0,0,0,1,1,1,1,1,1,0,0,1,1,1,1,1,1,0,0,1,1,1,1,1,1,0,0,1,1,1,1,1,1,0,0,1,1,1,1,1,1,0,0,1,1,1,1,1,1,0,0,0,0,0,0,0,0,0,-4,36,Unicorn_Absent,-1,-1.0,7,105,0.775,36.0,1.0,36.0,0.6274509803921569,0.0,IN,0.8875,1.0,0.6274509803921569,18,IN,3,2
1001,73602893,21,289369,Absent,28,1,1,1,1,1,1,1,1,1,0,0,0,0,0,0,1,1,0,0,0,0,0,0,1,1,0,0,0,0,0,0,1,1,0,0,0,0,0,0,1,1,0,0,0,0,0,0,1,1,0,0,0,0,0,0,1,1,1,1,1,1,1,1,1,32,0,Unicorn_Absent,-1,-1.0,8,137,1.0,28.0,0.0,64.0,0.0,1.0,OUT,0.775,1.0,0.6274509803921569,36,IN,3,2
1005,73602893,23,289369,Absent,28,1,1,1,1,1,1,1,1,1,0,0,0,0,0,0,1,1,0,0,0,0,0,0,1,1,0,0,0,0,0,0,1,1,0,0,0,0,0,0,1,1,0,0,0,0,0,0,1,1,0,0,0,0,0,0,1,1,1,1,1,1,1,1,1,32,0,Unicorn_Absent,-1,-1.0,8,201,1.0,28.0,1.0,64.0,0.0,1.0,OUT,1.0,0.0,0.0,0,OUT,3,2
1017,73602893,29,289369,Absent,28,1,1,1,1,1,1,1,1,1,0,0,0,0,0,0,1,1,0,0,0,0,0,0,1,1,0,0,0,0,0,0,1,1,0,0,0,0,0,0,1,1,0,0,0,0,0,0,1,1,0,0,0,0,0,0,1,1,1,1,1,1,1,1,1,4,28,Unicorn_Absent,-1,-1.0,8,365,0.825,28.0,1.0,64.0,0.30434782608695654,0.5625,OUT,1.0,1.0,0.0,0,OUT,3,2
1019,73602893,30,289369,Absent,32,0,0,0,0,0,0,0,0,0,0,0,0,0,0,0,0,0,0,0,0,0,0,0,0,0,0,0,0,0,0,0,0,1,1,1,1,1,1,1,1,1,1,1,1,1,1,1,1,1,1,1,1,1,1,1,1,1,1,1,1,1,1,1,1,32,0,Unicorn_Absent,-1,-1.0,3,397,1.0,32.0,0.30434782608695654,32.0,0.30434782608695654,0.5,DOWN,0.825,1.0,0.30434782608695654,28,OUT,3,2
1035,73602893,38,289369,Absent,32,0,0,0,0,0,0,0,0,0,0,0,0,0,0,0,0,0,0,0,0,0,0,0,0,0,0,0,0,0,0,0,0,1,1,1,1,1,1,1,1,1,1,1,1,1,1,1,1,1,1,1,1,1,1,1,1,1,1,1,1,1,1,1,1,32,0,Unicorn_Absent,-1,-1.0,3,145,1.0,32.0,1.0,64.0,0.4375,1.0,DOWN,1.0,0.30434782608695654,0.30434782608695654,0,DOWN,3,2
1037,73602893,39,289369,Absent,28,1,1,1,1,1,1,1,1,1,0,0,0,0,0,0,1,1,0,0,0,0,0,0,1,1,0,0,0,0,0,0,1,1,0,0,0,0,0,0,1,1,0,0,0,0,0,0,1,1,0,0,0,0,0,0,1,1,1,1,1,1,1,1,1,18,14,Unicorn_Absent,-1,-1.0,8,163,0.9125,28.0,0.30434782608695654,46.0,0.4375,0.5,OUT,1.0,1.0,0.4375,0,DOWN,3,2
1039,73602893,40,289369,Absent,32,1,1,1,1,0,0,0,0,1,1,1,1,0,0,0,0,1,1,1,1,0,0,0,0,1,1,1,1,0,0,0,0,1,1,1,1,0,0,0,0,1,1,1,1,0,0,0,0,1,1,1,1,0,0,0,0,1,1,1,1,0,0,0,0,32,0,Unicorn_Absent,-1,-1.0,5,195,1.0,32.0,0.30434782608695654,64.0,0.0,1.0,LEFT,0.9125,0.30434782608695654,0.4375,14,OUT,3,2
1041,73602893,41,289369,Absent,32,1,1,1,1,0,0,0,0,1,1,1,1,0,0,0,0,1,1,1,1,0,0,0,0,1,1,1,1,0,0,0,0,1,1,1,1,0,0,0,0,1,1,1,1,0,0,0,0,1,1,1,1,0,0,0,0,1,1,1,1,0,0,0,0,32,0,Unicorn_Absent,-1,-1.0,5,227,1.0,32.0,1.0,64.0,0.0,1.0,LEFT,1.0,0.30434782608695654,0.0,0,LEFT,3,2
1053,73602893,47,289369,Absent,36,0,0,0,0,0,0,0,0,0,1,1,1,1,1,1,0,0,1,1,1,1,1,1,0,0,1,1,1,1,1,1,0,0,1,1,1,1,1,1,0,0,1,1,1,1,1,1,0,0,1,1,1,1,1,1,0,0,0,0,0,0,0,0,0,32,0,Unicorn_Absent,-1,-1.0,7,315,1.0,36.0,0.36,64.0,0.6956521739130435,1.0,IN,1.0,1.0,0.0,0,LEFT,3,2
1055,73602893,48,289369,Absent,36,0,0,0,0,0,0,0,0,0,1,1,1,1,1,1,0,0,1,1,1,1,1,1,0,0,1,1,1,1,1,1,0,0,1,1,1,1,1,1,0,0,1,1,1,1,1,1,0,0,1,1,1,1,1,1,0,0,0,0,0,0,0,0,0,14,18,Unicorn_Absent,-1,-1.0,7,329,0.8875,36.0,1.0,50.0,0.6956521739130435,0.5,IN,1.0,0.36,0.6956521739130435,0,IN,3,2
1057,73602893,49,289369,Absent,32,1,1,1,1,0,0,0,0,1,1,1,1,0,0,0,0,1,1,1,1,0,0,0,0,1,1,1,1,0,0,0,0,1,1,1,1,0,0,0,0,1,1,1,1,0,0,0,0,1,1,1,1,0,0,0,0,1,1,1,1,0,0,0,0,0,32,Unicorn_Absent,-1,-1.0,5,329,0.8,32.0,0.36,32.0,0.64,0.0,LEFT,0.8875,1.0,0.6956521739130435,18,IN,3,2
1063,73602893,52,289369,Absent,36,0,0,0,0,0,0,0,0,0,1,1,1,1,1,1,0,0,1,1,1,1,1,1,0,0,1,1,1,1,1,1,0,0,1,1,1,1,1,1,0,0,1,1,1,1,1,1,0,0,1,1,1,1,1,1,0,0,0,0,0,0,0,0,0,14,18,Unicorn_Absent,-1,-1.0,7,407,0.8875,36.0,0.36,50.0,0.64,0.5,IN,0.8,0.36,0.64,32,LEFT,3,2
1065,73602893,53,289369,Absent,28,1,1,1,1,1,1,1,1,1,0,0,0,0,0,0,1,1,0,0,0,0,0,0,1,1,0,0,0,0,0,0,1,1,0,0,0,0,0,0,1,1,0,0,0,0,0,0,1,1,0,0,0,0,0,0,1,1,1,1,1,1,1,1,1,18,14,Unicorn_Absent,-1,-1.0,8,425,0.9125,28.0,0.0,46.0,1.0,0.5,OUT,0.8875,0.36,0.64,18,IN,3,2
1069,73602893,55,289369,Absent,36,0,0,0,0,0,0,0,0,0,1,1,1,1,1,1,0,0,1,1,1,1,1,1,0,0,1,1,1,1,1,1,0,0,1,1,1,1,1,1,0,0,1,1,1,1,1,1,0,0,1,1,1,1,1,1,0,0,0,0,0,0,0,0,0,32,0,Unicorn_Absent,-1,-1.0,7,476,1.0,36.0,0.0,64.0,1.0,1.0,IN,0.9125,0.0,1.0,14,OUT,3,2
1071,73602893,56,289369,Absent,36,0,0,0,0,0,0,0,0,0,1,1,1,1,1,1,0,0,1,1,1,1,1,1,0,0,1,1,1,1,1,1,0,0,1,1,1,1,1,1,0,0,1,1,1,1,1,1,0,0,1,1,1,1,1,1,0,0,0,0,0,0,0,0,0,32,0,Unicorn_Absent,-1,-1.0,7,508,1.0,36.0,1.0,64.0,0.0,1.0,IN,1.0,0.0,1.0,0,IN,3,2
1073,73602893,57,289369,Absent,32,0,0,0,0,1,1,1,1,0,0,0,0,1,1,1,1,0,0,0,0,1,1,1,1,0,0,0,0,1,1,1,1,0,0,0,0,1,1,1,1,0,0,0,0,1,1,1,1,0,0,0,0,1,1,1,1,0,0,0,0,1,1,1,1,18,14,Unicorn_Absent,-1,-1.0,6,526,0.9125,32.0,0.36,46.0,0.0,0.5,RIGHT,1.0,1.0,0.0,0,IN,3,2
1077,73602893,59,289369,Absent,32,0,0,0,0,0,0,0,0,0,0,0,0,0,0,0,0,0,0,0,0,0,0,0,0,0,0,0,0,0,0,0,0,1,1,1,1,1,1,1,1,1,1,1,1,1,1,1,1,1,1,1,1,1,1,1,1,1,1,1,1,1,1,1,1,18,14,Unicorn_Absent,-1,-1.0,3,466,0.9125,32.0,0.3333333333333333,46.0,0.4375,0.5,DOWN,0.9125,0.36,0.0,14,RIGHT,3,2
1079,73602893,60,289369,Absent,36,0,0,0,0,0,0,0,0,0,1,1,1,1,1,1,0,0,1,1,1,1,1,1,0,0,1,1,1,1,1,1,0,0,1,1,1,1,1,1,0,0,1,1,1,1,1,1,0,0,1,1,1,1,1,1,0,0,0,0,0,0,0,0,0,14,18,Unicorn_Absent,-1,-1.0,7,480,0.8875,36.0,0.36,50.0,0.4375,0.5,IN,0.9125,0.3333333333333333,0.4375,14,DOWN,3,2
962,73602893,2,736075,Absent,32,1,1,1,1,1,1,1,1,1,1,1,1,1,1,1,1,1,1,1,1,1,1,1,1,1,1,1,1,1,1,1,1,0,0,0,0,0,0,0,0,0,0,0,0,0,0,0,0,0,0,0,0,0,0,0,0,0,0,0,0,0,0,0,0,0,32,Unicorn_Absent,-1,-1.0,4,-73,0.8,32.0,1.0,64.0,0.30434782608695654,0.5,UP,,,,,,3,2
966,73602893,4,736075,Absent,0,0,0,0,0,0,0,0,0,0,0,0,0,0,0,0,0,0,0,0,0,0,0,0,0,0,0,0,0,0,0,0,0,0,0,0,0,0,0,0,0,0,0,0,0,0,0,0,0,0,0,0,0,0,0,0,0,0,0,0,0,0,0,0,0,32,0,Unicorn_Absent,-1,-1.0,2,-18,1.0,0.0,0.0,0.0,0.30434782608695654,0.0,NOTHING,0.8,1.0,0.30434782608695654,32,UP,3,2
970,73602893,6,736075,Absent,0,0,0,0,0,0,0,0,0,0,0,0,0,0,0,0,0,0,0,0,0,0,0,0,0,0,0,0,0,0,0,0,0,0,0,0,0,0,0,0,0,0,0,0,0,0,0,0,0,0,0,0,0,0,0,0,0,0,0,0,0,0,0,0,0,32,0,Unicorn_Absent,-1,-1.0,2,46,1.0,0.0,1.0,32.0,1.0,0.5,NOTHING,1.0,0.0,0.30434782608695654,0,NOTHING,3,2
972,73602893,7,736075,Absent,32,0,0,0,0,1,1,1,1,0,0,0,0,1,1,1,1,0,0,0,0,1,1,1,1,0,0,0,0,1,1,1,1,0,0,0,0,1,1,1,1,0,0,0,0,1,1,1,1,0,0,0,0,1,1,1,1,0,0,0,0,1,1,1,1,16,16,Unicorn_Absent,-1,-1.0,6,62,0.9,32.0,0.0,48.0,1.0,0.5,RIGHT,1.0,1.0,1.0,0,NOTHING,3,2
974,73602893,8,736075,Absent,0,0,0,0,0,0,0,0,0,0,0,0,0,0,0,0,0,0,0,0,0,0,0,0,0,0,0,0,0,0,0,0,0,0,0,0,0,0,0,0,0,0,0,0,0,0,0,0,0,0,0,0,0,0,0,0,0,0,0,0,0,0,0,0,0,32,0,Unicorn_Absent,-1,-1.0,2,94,1.0,0.0,0.0,38.0,0.6956521739130435,0.59375,NOTHING,0.9,0.0,1.0,16,RIGHT,3,2
976,73602893,9,736075,Absent,0,0,0,0,0,0,0,0,0,0,0,0,0,0,0,0,0,0,0,0,0,0,0,0,0,0,0,0,0,0,0,0,0,0,0,0,0,0,0,0,0,0,0,0,0,0,0,0,0,0,0,0,0,0,0,0,0,0,0,0,0,0,0,0,0,32,0,Unicorn_Absent,-1,-1.0,2,126,1.0,0.0,1.0,32.0,0.6956521739130435,0.5,NOTHING,1.0,0.0,0.6956521739130435,0,NOTHING,3,2
978,73602893,10,736075,Absent,0,0,0,0,0,0,0,0,0,0,0,0,0,0,0,0,0,0,0,0,0,0,0,0,0,0,0,0,0,0,0,0,0,0,0,0,0,0,0,0,0,0,0,0,0,0,0,0,0,0,0,0,0,0,0,0,0,0,0,0,0,0,0,0,0,32,0,Unicorn_Absent,-1,-1.0,2,158,1.0,0.0,1.0,32.0,0.028985507246376774,0.5,NOTHING,1.0,1.0,0.6956521739130435,0,NOTHING,3,2
982,73602893,12,736075,Absent,64,1,1,1,1,1,1,1,1,1,1,1,1,1,1,1,1,1,1,1,1,1,1,1,1,1,1,1,1,1,1,1,1,1,1,1,1,1,1,1,1,1,1,1,1,1,1,1,1,1,1,1,1,1,1,1,1,1,1,1,1,1,1,1,1,4,28,Unicorn_Absent,-1,-1.0,1,98,0.825,64.0,0.0,64.0,0.028985507246376774,0.5625,ALL,1.0,1.0,0.028985507246376774,0,NOTHING,3,2
984,73602893,13,736075,Absent,28,1,1,1,1,1,1,1,1,1,0,0,0,0,0,0,1,1,0,0,0,0,0,0,1,1,0,0,0,0,0,0,1,1,0,0,0,0,0,0,1,1,0,0,0,0,0,0,1,1,0,0,0,0,0,0,1,1,1,1,1,1,1,1,1,32,0,Unicorn_Absent,-1,-1.0,8,130,1.0,28.0,0.4375,64.0,0.0,1.0,OUT,0.825,0.0,0.028985507246376774,28,ALL,3,2
986,73602893,14,736075,Absent,28,1,1,1,1,1,1,1,1,1,0,0,0,0,0,0,1,1,0,0,0,0,0,0,1,1,0,0,0,0,0,0,1,1,0,0,0,0,0,0,1,1,0,0,0,0,0,0,1,1,0,0,0,0,0,0,1,1,1,1,1,1,1,1,1,32,0,Unicorn_Absent,-1,-1.0,8,162,1.0,28.0,1.0,64.0,0.0,1.0,OUT,1.0,0.4375,0.0,0,OUT,3,2
992,73602893,17,736075,Absent,32,1,1,1,1,0,0,0,0,1,1,1,1,0,0,0,0,1,1,1,1,0,0,0,0,1,1,1,1,0,0,0,0,1,1,1,1,0,0,0,0,1,1,1,1,0,0,0,0,1,1,1,1,0,0,0,0,1,1,1,1,0,0,0,0,14,18,Unicorn_Absent,-1,-1.0,5,144,0.8875,32.0,0.30434782608695654,50.0,0.055652173913043446,0.5,LEFT,1.0,1.0,0.0,0,OUT,3,2
998,73602893,20,736075,Absent,36,0,0,0,0,0,0,0,0,0,1,1,1,1,1,1,0,0,1,1,1,1,1,1,0,0,1,1,1,1,1,1,0,0,1,1,1,1,1,1,0,0,1,1,1,1,1,1,0,0,1,1,1,1,1,1,0,0,0,0,0,0,0,0,0,-4,36,Unicorn_Absent,-1,-1.0,7,105,0.775,36.0,0.36,36.0,0.055652173913043446,0.0,IN,0.8875,0.30434782608695654,0.055652173913043446,18,LEFT,3,2
1000,73602893,21,736075,Absent,36,0,0,0,0,0,0,0,0,0,1,1,1,1,1,1,0,0,1,1,1,1,1,1,0,0,1,1,1,1,1,1,0,0,1,1,1,1,1,1,0,0,1,1,1,1,1,1,0,0,1,1,1,1,1,1,0,0,0,0,0,0,0,0,0,32,0,Unicorn_Absent,-1,-1.0,7,137,1.0,36.0,1.0,64.0,0.6956521739130435,1.0,IN,0.775,0.36,0.055652173913043446,36,IN,3,2
1004,73602893,23,736075,Absent,36,0,0,0,0,0,0,0,0,0,1,1,1,1,1,1,0,0,1,1,1,1,1,1,0,0,1,1,1,1,1,1,0,0,1,1,1,1,1,1,0,0,1,1,1,1,1,1,0,0,1,1,1,1,1,1,0,0,0,0,0,0,0,0,0,32,0,Unicorn_Absent,-1,-1.0,7,201,1.0,36.0,1.0,64.0,0.6956521739130435,1.0,IN,1.0,1.0,0.6956521739130435,0,IN,3,2
1016,73602893,29,736075,Absent,64,1,1,1,1,1,1,1,1,1,1,1,1,1,1,1,1,1,1,1,1,1,1,1,1,1,1,1,1,1,1,1,1,1,1,1,1,1,1,1,1,1,1,1,1,1,1,1,1,1,1,1,1,1,1,1,1,1,1,1,1,1,1,1,1,4,28,Unicorn_Absent,-1,-1.0,1,365,0.825,64.0,0.5625,64.0,0.026666666666666672,0.5625,ALL,1.0,1.0,0.6956521739130435,0,IN,3,2
1018,73602893,30,736075,Absent,0,0,0,0,0,0,0,0,0,0,0,0,0,0,0,0,0,0,0,0,0,0,0,0,0,0,0,0,0,0,0,0,0,0,0,0,0,0,0,0,0,0,0,0,0,0,0,0,0,0,0,0,0,0,0,0,0,0,0,0,0,0,0,0,0,32,0,Unicorn_Absent,-1,-1.0,2,397,1.0,0.0,0.0,32.0,0.026666666666666672,0.5,NOTHING,0.825,0.5625,0.026666666666666672,28,ALL,3,2
1034,73602893,38,736075,Absent,32,1,1,1,1,1,1,1,1,1,1,1,1,1,1,1,1,1,1,1,1,1,1,1,1,1,1,1,1,1,1,1,1,0,0,0,0,0,0,0,0,0,0,0,0,0,0,0,0,0,0,0,0,0,0,0,0,0,0,0,0,0,0,0,0,32,0,Unicorn_Absent,-1,-1.0,4,145,1.0,32.0,0.0,64.0,0.36,1.0,UP,1.0,0.0,0.026666666666666672,0,NOTHING,3,2
1036,73602893,39,736075,Absent,32,1,1,1,1,1,1,1,1,1,1,1,1,1,1,1,1,1,1,1,1,1,1,1,1,1,1,1,1,1,1,1,1,0,0,0,0,0,0,0,0,0,0,0,0,0,0,0,0,0,0,0,0,0,0,0,0,0,0,0,0,0,0,0,0,18,14,Unicorn_Absent,-1,-1.0,4,163,0.9125,32.0,1.0,46.0,0.36,0.5,UP,1.0,0.0,0.36,0,UP,3,2
1038,73602893,40,736075,Absent,32,0,0,0,0,1,1,1,1,0,0,0,0,1,1,1,1,0,0,0,0,1,1,1,1,0,0,0,0,1,1,1,1,0,0,0,0,1,1,1,1,0,0,0,0,1,1,1,1,0,0,0,0,1,1,1,1,0,0,0,0,1,1,1,1,32,0,Unicorn_Absent,-1,-1.0,6,195,1.0,32.0,0.3333333333333333,64.0,0.0,1.0,RIGHT,0.9125,1.0,0.36,14,UP,3,2
1040,73602893,41,736075,Absent,32,0,0,0,0,1,1,1,1,0,0,0,0,1,1,1,1,0,0,0,0,1,1,1,1,0,0,0,0,1,1,1,1,0,0,0,0,1,1,1,1,0,0,0,0,1,1,1,1,0,0,0,0,1,1,1,1,0,0,0,0,1,1,1,1,32,0,Unicorn_Absent,-1,-1.0,6,227,1.0,32.0,1.0,64.0,0.0,1.0,RIGHT,1.0,0.3333333333333333,0.0,0,RIGHT,3,2
1052,73602893,47,736075,Absent,28,1,1,1,1,1,1,1,1,1,0,0,0,0,0,0,1,1,0,0,0,0,0,0,1,1,0,0,0,0,0,0,1,1,0,0,0,0,0,0,1,1,0,0,0,0,0,0,1,1,0,0,0,0,0,0,1,1,1,1,1,1,1,1,1,32,0,Unicorn_Absent,-1,-1.0,8,315,1.0,28.0,0.30434782608695654,64.0,0.30434782608695654,1.0,OUT,1.0,1.0,0.0,0,RIGHT,3,2
1054,73602893,48,736075,Absent,32,0,0,0,0,0,0,0,0,0,0,0,0,0,0,0,0,0,0,0,0,0,0,0,0,0,0,0,0,0,0,0,0,1,1,1,1,1,1,1,1,1,1,1,1,1,1,1,1,1,1,1,1,1,1,1,1,1,1,1,1,1,1,1,1,14,18,Unicorn_Absent,-1,-1.0,3,329,0.8875,32.0,0.30434782608695654,50.0,0.30434782608695654,0.5,DOWN,1.0,0.30434782608695654,0.30434782608695654,0,OUT,3,2
1056,73602893,49,736075,Absent,32,1,1,1,1,0,0,0,0,1,1,1,1,0,0,0,0,1,1,1,1,0,0,0,0,1,1,1,1,0,0,0,0,1,1,1,1,0,0,0,0,1,1,1,1,0,0,0,0,1,1,1,1,0,0,0,0,1,1,1,1,0,0,0,0,0,32,Unicorn_Absent,-1,-1.0,5,329,0.8,32.0,0.3333333333333333,32.0,0.0,0.0,LEFT,0.8875,0.30434782608695654,0.30434782608695654,18,DOWN,3,2
1062,73602893,52,736075,Absent,32,0,0,0,0,1,1,1,1,0,0,0,0,1,1,1,1,0,0,0,0,1,1,1,1,0,0,0,0,1,1,1,1,0,0,0,0,1,1,1,1,0,0,0,0,1,1,1,1,0,0,0,0,1,1,1,1,0,0,0,0,1,1,1,1,14,18,Unicorn_Absent,-1,-1.0,6,407,0.8875,32.0,0.0,50.0,0.0,0.5,RIGHT,0.8,0.3333333333333333,0.0,32,LEFT,3,2
1064,73602893,53,736075,Absent,32,1,1,1,1,0,0,0,0,1,1,1,1,0,0,0,0,1,1,1,1,0,0,0,0,1,1,1,1,0,0,0,0,1,1,1,1,0,0,0,0,1,1,1,1,0,0,0,0,1,1,1,1,0,0,0,0,1,1,1,1,0,0,0,0,18,14,Unicorn_Absent,-1,-1.0,5,425,0.9125,32.0,0.0,46.0,0.64,0.5,LEFT,0.8875,0.0,0.0,18,RIGHT,3,2
1068,73602893,55,736075,Absent,28,1,1,1,1,1,1,1,1,1,0,0,0,0,0,0,1,1,0,0,0,0,0,0,1,1,0,0,0,0,0,0,1,1,0,0,0,0,0,0,1,1,0,0,0,0,0,0,1,1,0,0,0,0,0,0,1,1,1,1,1,1,1,1,1,32,0,Unicorn_Absent,-1,-1.0,8,476,1.0,28.0,0.30434782608695654,64.0,0.64,1.0,OUT,0.9125,0.0,0.64,14,LEFT,3,2
1070,73602893,56,736075,Absent,28,1,1,1,1,1,1,1,1,1,0,0,0,0,0,0,1,1,0,0,0,0,0,0,1,1,0,0,0,0,0,0,1,1,0,0,0,0,0,0,1,1,0,0,0,0,0,0,1,1,0,0,0,0,0,0,1,1,1,1,1,1,1,1,1,32,0,Unicorn_Absent,-1,-1.0,8,508,1.0,28.0,1.0,64.0,0.6666666666666667,1.0,OUT,1.0,0.30434782608695654,0.64,0,OUT,3,2
1072,73602893,57,736075,Absent,28,1,1,1,1,1,1,1,1,1,0,0,0,0,0,0,1,1,0,0,0,0,0,0,1,1,0,0,0,0,0,0,1,1,0,0,0,0,0,0,1,1,0,0,0,0,0,0,1,1,0,0,0,0,0,0,1,1,1,1,1,1,1,1,1,18,14,Unicorn_Absent,-1,-1.0,8,526,0.9125,28.0,1.0,46.0,0.6666666666666667,0.5,OUT,1.0,1.0,0.6666666666666667,0,OUT,3,2
1076,73602893,59,736075,Absent,28,1,1,1,1,1,1,1,1,1,0,0,0,0,0,0,1,1,0,0,0,0,0,0,1,1,0,0,0,0,0,0,1,1,0,0,0,0,0,0,1,1,0,0,0,0,0,0,1,1,0,0,0,0,0,0,1,1,1,1,1,1,1,1,1,18,14,Unicorn_Absent,-1,-1.0,8,466,0.9125,28.0,1.0,46.0,0.055652173913043446,0.5,OUT,0.9125,1.0,0.6666666666666667,14,OUT,3,2
1078,73602893,60,736075,Absent,32,1,1,1,1,1,1,1,1,1,1,1,1,1,1,1,1,1,1,1,1,1,1,1,1,1,1,1,1,1,1,1,1,0,0,0,0,0,0,0,0,0,0,0,0,0,0,0,0,0,0,0,0,0,0,0,0,0,0,0,0,0,0,0,0,14,18,Unicorn_Absent,-1,-1.0,4,480,0.8875,32.0,0.30434782608695654,50.0,0.055652173913043446,0.5,UP,0.9125,1.0,0.055652173913043446,14,OUT,3,2
2527,74272926,4,292688,Absent,13,0,0,0,0,0,1,0,0,0,0,1,0,0,0,0,0,0,1,0,0,0,0,0,1,0,1,1,0,0,0,0,0,0,0,0,1,1,0,0,0,0,0,1,0,0,1,0,0,0,0,0,0,1,0,0,0,0,0,0,0,0,1,0,0,24,8,Unicorn_Absent,-1,-1.0,9,119,0.95,12.0,1.0,40.0,0.0,0.5,,,,,,,3,2
2529,74272926,5,292688,Absent,0,0,0,0,0,0,0,0,0,0,0,0,0,0,0,0,0,0,0,0,0,0,0,0,0,0,0,0,0,0,0,0,0,0,0,0,0,0,0,0,0,0,0,0,0,0,0,0,0,0,0,0,0,0,0,0,0,0,0,0,0,0,0,0,0,32,0,Unicorn_Absent,-1,-1.0,2,151,1.0,0.0,0.0,32.0,0.0,0.5,NOTHING,0.95,1.0,0.0,8,,3,2
2531,74272926,6,292688,Absent,0,0,0,0,0,0,0,0,0,0,0,0,0,0,0,0,0,0,0,0,0,0,0,0,0,0,0,0,0,0,0,0,0,0,0,0,0,0,0,0,0,0,0,0,0,0,0,0,0,0,0,0,0,0,0,0,0,0,0,0,0,0,0,0,0,32,0,Unicorn_Absent,-1,-1.0,2,183,1.0,0.0,1.0,32.0,0.44680851063829785,0.5,NOTHING,1.0,0.0,0.0,0,NOTHING,3,2
2533,74272926,7,292688,Absent,0,0,0,0,0,0,0,0,0,0,0,0,0,0,0,0,0,0,0,0,0,0,0,0,0,0,0,0,0,0,0,0,0,0,0,0,0,0,0,0,0,0,0,0,0,0,0,0,0,0,0,0,0,0,0,0,0,0,0,0,0,0,0,0,0,32,0,Unicorn_Absent,-1,-1.0,2,215,1.0,0.0,1.0,32.0,0.44680851063829785,0.5,NOTHING,1.0,1.0,0.44680851063829785,0,NOTHING,3,2
2543,74272926,12,292688,Absent,28,1,1,1,1,1,1,1,1,1,0,0,0,0,0,0,1,1,0,0,0,0,0,0,1,1,0,0,0,0,0,0,1,1,0,0,0,0,0,0,1,1,0,0,0,0,0,0,1,1,0,0,0,0,0,0,1,1,1,1,1,1,1,1,1,32,0,Unicorn_Absent,-1,-1.0,8,252,1.0,28.0,0.0,28.0,0.0,0.4375,OUT,1.0,1.0,0.44680851063829785,0,NOTHING,3,2
2555,74272926,18,292688,Absent,54,1,0,1,0,1,1,0,0,1,1,1,0,1,0,1,1,0,0,1,0,0,1,1,0,0,0,0,0,1,1,1,0,0,1,0,1,1,1,0,1,1,0,1,1,0,0,0,1,1,1,1,1,1,1,1,0,0,0,0,1,0,0,1,1,-3,35,Unicorn_Absent,-1,-1.0,9,155,0.78125,35.0,0.26,64.0,0.0,0.453125,,1.0,0.0,0.0,0,OUT,3,2
2557,74272926,19,292688,Absent,28,1,1,1,1,1,1,1,1,1,0,0,0,0,0,0,1,1,0,0,0,0,0,0,1,1,0,0,0,0,0,0,1,1,0,0,0,0,0,0,1,1,0,0,0,0,0,0,1,1,0,0,0,0,0,0,1,1,1,1,1,1,1,1,1,4,28,Unicorn_Absent,-1,-1.0,8,159,0.825,28.0,0.26,64.0,0.0,0.5625,OUT,0.78125,0.26,0.0,35,,3,2
2559,74272926,20,292688,Absent,0,0,0,0,0,0,0,0,0,0,0,0,0,0,0,0,0,0,0,0,0,0,0,0,0,0,0,0,0,0,0,0,0,0,0,0,0,0,0,0,0,0,0,0,0,0,0,0,0,0,0,0,0,0,0,0,0,0,0,0,0,0,0,0,0,32,0,Unicorn_Absent,-1,-1.0,2,191,1.0,0.0,0.0,32.0,0.0,0.5,NOTHING,0.825,0.26,0.0,28,OUT,3,2
2563,74272926,22,292688,Absent,0,0,0,0,0,0,0,0,0,0,0,0,0,0,0,0,0,0,0,0,0,0,0,0,0,0,0,0,0,0,0,0,0,0,0,0,0,0,0,0,0,0,0,0,0,0,0,0,0,0,0,0,0,0,0,0,0,0,0,0,0,0,0,0,0,32,0,Unicorn_Absent,-1,-1.0,2,255,1.0,0.0,1.0,32.0,0.0,0.5,NOTHING,1.0,0.0,0.0,0,NOTHING,3,2
2571,74272926,26,292688,Absent,32,1,1,1,1,0,0,0,0,1,1,1,1,0,0,0,0,1,1,1,1,0,0,0,0,1,1,1,1,0,0,0,0,1,1,1,1,0,0,0,0,1,1,1,1,0,0,0,0,1,1,1,1,0,0,0,0,1,1,1,1,0,0,0,0,18,14,Unicorn_Absent,-1,-1.0,5,256,0.9125,32.0,0.0,46.0,0.0,0.5,LEFT,1.0,1.0,0.0,0,NOTHING,3,2
2575,74272926,28,292688,Absent,0,0,0,0,0,0,0,0,0,0,0,0,0,0,0,0,0,0,0,0,0,0,0,0,0,0,0,0,0,0,0,0,0,0,0,0,0,0,0,0,0,0,0,0,0,0,0,0,0,0,0,0,0,0,0,0,0,0,0,0,0,0,0,0,0,32,0,Unicorn_Absent,-1,-1.0,2,320,1.0,0.0,0.0,32.0,0.26,0.5,NOTHING,0.9125,0.0,0.0,14,LEFT,3,2
2577,74272926,29,292688,Absent,0,0,0,0,0,0,0,0,0,0,0,0,0,0,0,0,0,0,0,0,0,0,0,0,0,0,0,0,0,0,0,0,0,0,0,0,0,0,0,0,0,0,0,0,0,0,0,0,0,0,0,0,0,0,0,0,0,0,0,0,0,0,0,0,0,32,0,Unicorn_Absent,-1,-1.0,2,352,1.0,0.0,1.0,32.0,0.26,0.5,NOTHING,1.0,0.0,0.26,0,NOTHING,3,2
2581,74272926,31,292688,Absent,0,0,0,0,0,0,0,0,0,0,0,0,0,0,0,0,0,0,0,0,0,0,0,0,0,0,0,0,0,0,0,0,0,0,0,0,0,0,0,0,0,0,0,0,0,0,0,0,0,0,0,0,0,0,0,0,0,0,0,0,0,0,0,0,0,32,0,Unicorn_Absent,-1,-1.0,2,416,1.0,0.0,1.0,32.0,0.74,0.5,NOTHING,1.0,1.0,0.26,0,NOTHING,3,2
2583,74272926,32,292688,Absent,0,0,0,0,0,0,0,0,0,0,0,0,0,0,0,0,0,0,0,0,0,0,0,0,0,0,0,0,0,0,0,0,0,0,0,0,0,0,0,0,0,0,0,0,0,0,0,0,0,0,0,0,0,0,0,0,0,0,0,0,0,0,0,0,0,32,0,Unicorn_Absent,-1,-1.0,2,448,1.0,0.0,1.0,32.0,0.74,0.5,NOTHING,1.0,1.0,0.74,0,NOTHING,3,2
2585,74272926,33,292688,Absent,0,0,0,0,0,0,0,0,0,0,0,0,0,0,0,0,0,0,0,0,0,0,0,0,0,0,0,0,0,0,0,0,0,0,0,0,0,0,0,0,0,0,0,0,0,0,0,0,0,0,0,0,0,0,0,0,0,0,0,0,0,0,0,0,0,32,0,Unicorn_Absent,-1,-1.0,2,480,1.0,0.0,1.0,32.0,0.5,0.5,NOTHING,1.0,1.0,0.74,0,NOTHING,3,2
2593,74272926,37,292688,Absent,0,0,0,0,0,0,0,0,0,0,0,0,0,0,0,0,0,0,0,0,0,0,0,0,0,0,0,0,0,0,0,0,0,0,0,0,0,0,0,0,0,0,0,0,0,0,0,0,0,0,0,0,0,0,0,0,0,0,0,0,0,0,0,0,0,32,0,Unicorn_Absent,-1,-1.0,2,608,1.0,0.0,1.0,28.0,0.5,0.4375,NOTHING,1.0,1.0,0.5,0,NOTHING,3,2
2595,74272926,38,292688,Absent,32,1,1,1,1,1,1,1,1,1,1,1,1,1,1,1,1,1,1,1,1,1,1,1,1,1,1,1,1,1,1,1,1,0,0,0,0,0,0,0,0,0,0,0,0,0,0,0,0,0,0,0,0,0,0,0,0,0,0,0,0,0,0,0,0,18,14,Unicorn_Absent,-1,-1.0,4,626,0.9125,32.0,0.0,46.0,0.0,0.5,UP,1.0,1.0,0.5,0,NOTHING,3,2
2599,74272926,40,292688,Absent,32,0,0,0,0,0,0,0,0,0,0,0,0,0,0,0,0,0,0,0,0,0,0,0,0,0,0,0,0,0,0,0,0,1,1,1,1,1,1,1,1,1,1,1,1,1,1,1,1,1,1,1,1,1,1,1,1,1,1,1,1,1,1,1,1,32,0,Unicorn_Absent,-1,-1.0,3,690,1.0,32.0,0.0,64.0,0.0,1.0,DOWN,0.9125,0.0,0.0,14,UP,3,2
2601,74272926,41,292688,Absent,32,0,0,0,0,0,0,0,0,0,0,0,0,0,0,0,0,0,0,0,0,0,0,0,0,0,0,0,0,0,0,0,0,1,1,1,1,1,1,1,1,1,1,1,1,1,1,1,1,1,1,1,1,1,1,1,1,1,1,1,1,1,1,1,1,0,32,Unicorn_Absent,-1,-1.0,3,690,0.8,32.0,1.0,32.0,0.30434782608695654,0.0,DOWN,1.0,0.0,0.0,0,DOWN,3,2
2605,74272926,43,292688,Absent,64,1,1,1,1,1,1,1,1,1,1,1,1,1,1,1,1,1,1,1,1,1,1,1,1,1,1,1,1,1,1,1,1,1,1,1,1,1,1,1,1,1,1,1,1,1,1,1,1,1,1,1,1,1,1,1,1,1,1,1,1,1,1,1,1,0,32,Unicorn_Absent,-1,-1.0,1,722,0.8,64.0,0.5,64.0,0.30434782608695654,0.5,ALL,0.8,1.0,0.30434782608695654,32,DOWN,3,2
2609,74272926,45,292688,Absent,32,1,1,1,1,0,0,0,0,1,1,1,1,0,0,0,0,1,1,1,1,0,0,0,0,1,1,1,1,0,0,0,0,1,1,1,1,0,0,0,0,1,1,1,1,0,0,0,0,1,1,1,1,0,0,0,0,1,1,1,1,0,0,0,0,32,0,Unicorn_Absent,-1,-1.0,5,786,1.0,32.0,0.5,32.0,0.30434782608695654,0.5,LEFT,0.8,0.5,0.30434782608695654,32,ALL,3,2
2611,74272926,46,292688,Absent,32,1,1,1,1,0,0,0,0,1,1,1,1,0,0,0,0,1,1,1,1,0,0,0,0,1,1,1,1,0,0,0,0,1,1,1,1,0,0,0,0,1,1,1,1,0,0,0,0,1,1,1,1,0,0,0,0,1,1,1,1,0,0,0,0,32,0,Unicorn_Absent,-1,-1.0,5,818,1.0,32.0,1.0,32.0,0.30434782608695654,0.5,LEFT,1.0,0.5,0.30434782608695654,0,LEFT,3,2
2615,74272926,48,292688,Absent,32,1,1,1,1,0,0,0,0,1,1,1,1,0,0,0,0,1,1,1,1,0,0,0,0,1,1,1,1,0,0,0,0,1,1,1,1,0,0,0,0,1,1,1,1,0,0,0,0,1,1,1,1,0,0,0,0,1,1,1,1,0,0,0,0,0,32,Unicorn_Absent,-1,-1.0,5,754,0.8,32.0,1.0,64.0,0.0,0.5,LEFT,1.0,1.0,0.30434782608695654,0,LEFT,3,2
2621,74272926,51,292688,Absent,32,1,1,1,1,0,0,0,0,1,1,1,1,0,0,0,0,1,1,1,1,0,0,0,0,1,1,1,1,0,0,0,0,1,1,1,1,0,0,0,0,1,1,1,1,0,0,0,0,1,1,1,1,0,0,0,0,1,1,1,1,0,0,0,0,16,16,Unicorn_Absent,-1,-1.0,5,578,0.9,32.0,1.0,48.0,0.0,0.5,LEFT,0.8,1.0,0.0,32,LEFT,3,2
2623,74272926,52,292688,Absent,36,0,0,0,0,0,0,0,0,0,1,1,1,1,1,1,0,0,1,1,1,1,1,1,0,0,1,1,1,1,1,1,0,0,1,1,1,1,1,1,0,0,1,1,1,1,1,1,0,0,1,1,1,1,1,1,0,0,0,0,0,0,0,0,0,14,18,Unicorn_Absent,-1,-1.0,7,592,0.8875,36.0,0.36,50.0,0.0,0.5,IN,0.9,1.0,0.0,16,LEFT,3,2
2625,74272926,53,292688,Absent,0,0,0,0,0,0,0,0,0,0,0,0,0,0,0,0,0,0,0,0,0,0,0,0,0,0,0,0,0,0,0,0,0,0,0,0,0,0,0,0,0,0,0,0,0,0,0,0,0,0,0,0,0,0,0,0,0,0,0,0,0,0,0,0,0,32,0,Unicorn_Absent,-1,-1.0,2,624,1.0,0.0,0.0,32.0,0.0,0.5,NOTHING,0.8875,0.36,0.0,18,IN,3,2
2631,74272926,56,292688,Absent,0,0,0,0,0,0,0,0,0,0,0,0,0,0,0,0,0,0,0,0,0,0,0,0,0,0,0,0,0,0,0,0,0,0,0,0,0,0,0,0,0,0,0,0,0,0,0,0,0,0,0,0,0,0,0,0,0,0,0,0,0,0,0,0,0,32,0,Unicorn_Absent,-1,-1.0,2,720,1.0,0.0,1.0,32.0,0.0,0.5,NOTHING,1.0,0.0,0.0,0,NOTHING,3,2
2633,74272926,57,292688,Absent,0,0,0,0,0,0,0,0,0,0,0,0,0,0,0,0,0,0,0,0,0,0,0,0,0,0,0,0,0,0,0,0,0,0,0,0,0,0,0,0,0,0,0,0,0,0,0,0,0,0,0,0,0,0,0,0,0,0,0,0,0,0,0,0,0,32,0,Unicorn_Absent,-1,-1.0,2,752,1.0,0.0,1.0,32.0,0.0,0.5,NOTHING,1.0,1.0,0.0,0,NOTHING,3,2
2639,74272926,60,292688,Absent,32,1,1,1,1,1,1,1,1,1,1,1,1,1,1,1,1,1,1,1,1,1,1,1,1,1,1,1,1,1,1,1,1,0,0,0,0,0,0,0,0,0,0,0,0,0,0,0,0,0,0,0,0,0,0,0,0,0,0,0,0,0,0,0,0,14,18,Unicorn_Absent,-1,-1.0,4,717,0.8875,32.0,0.0,50.0,0.0,0.5,UP,1.0,1.0,0.0,0,NOTHING,3,2
2526,74272926,4,742718,Absent,51,1,1,1,0,1,1,0,0,1,1,1,0,1,1,1,1,0,1,1,0,1,1,1,1,0,1,0,0,1,0,0,1,1,1,0,1,0,1,1,0,1,1,1,1,0,0,0,0,1,1,0,0,1,1,0,0,0,1,0,0,1,0,0,0,24,8,Unicorn_Absent,-1,-1.0,0,119,0.95,36.0,1.0,40.0,0.0,0.5,RS,,,,,,3,2
2528,74272926,5,742718,Absent,32,1,1,1,1,1,1,1,1,1,1,1,1,1,1,1,1,1,1,1,1,1,1,1,1,1,1,1,1,1,1,1,1,0,0,0,0,0,0,0,0,0,0,0,0,0,0,0,0,0,0,0,0,0,0,0,0,0,0,0,0,0,0,0,0,32,0,Unicorn_Absent,-1,-1.0,4,151,1.0,32.0,0.44680851063829785,32.0,0.6956521739130435,0.5,UP,0.95,1.0,0.0,8,RS,3,2
2530,74272926,6,742718,Absent,32,1,1,1,1,1,1,1,1,1,1,1,1,1,1,1,1,1,1,1,1,1,1,1,1,1,1,1,1,1,1,1,1,0,0,0,0,0,0,0,0,0,0,0,0,0,0,0,0,0,0,0,0,0,0,0,0,0,0,0,0,0,0,0,0,32,0,Unicorn_Absent,-1,-1.0,4,183,1.0,32.0,1.0,32.0,0.6956521739130435,0.5,UP,1.0,0.44680851063829785,0.6956521739130435,0,UP,3,2
2532,74272926,7,742718,Absent,32,1,1,1,1,1,1,1,1,1,1,1,1,1,1,1,1,1,1,1,1,1,1,1,1,1,1,1,1,1,1,1,1,0,0,0,0,0,0,0,0,0,0,0,0,0,0,0,0,0,0,0,0,0,0,0,0,0,0,0,0,0,0,0,0,32,0,Unicorn_Absent,-1,-1.0,4,215,1.0,32.0,1.0,32.0,1.0,0.5,UP,1.0,1.0,0.6956521739130435,0,UP,3,2
2542,74272926,12,742718,Absent,0,0,0,0,0,0,0,0,0,0,0,0,0,0,0,0,0,0,0,0,0,0,0,0,0,0,0,0,0,0,0,0,0,0,0,0,0,0,0,0,0,0,0,0,0,0,0,0,0,0,0,0,0,0,0,0,0,0,0,0,0,0,0,0,0,32,0,Unicorn_Absent,-1,-1.0,2,252,1.0,0.0,0.0,28.0,1.0,0.4375,NOTHING,1.0,1.0,1.0,0,UP,3,2
2554,74272926,18,742718,Absent,64,1,1,1,1,1,1,1,1,1,1,1,1,1,1,1,1,1,1,1,1,1,1,1,1,1,1,1,1,1,1,1,1,1,1,1,1,1,1,1,1,1,1,1,1,1,1,1,1,1,1,1,1,1,1,1,1,1,1,1,1,1,1,1,1,-3,35,Unicorn_Absent,-1,-1.0,1,155,0.78125,64.0,0.0,64.0,0.30434782608695654,0.453125,ALL,1.0,0.0,1.0,0,NOTHING,3,2
2556,74272926,19,742718,Absent,64,1,1,1,1,1,1,1,1,1,1,1,1,1,1,1,1,1,1,1,1,1,1,1,1,1,1,1,1,1,1,1,1,1,1,1,1,1,1,1,1,1,1,1,1,1,1,1,1,1,1,1,1,1,1,1,1,1,1,1,1,1,1,1,1,4,28,Unicorn_Absent,-1,-1.0,1,159,0.825,64.0,1.0,64.0,0.30434782608695654,0.5625,ALL,0.78125,0.0,0.30434782608695654,35,ALL,3,2
2558,74272926,20,742718,Absent,32,0,0,0,0,0,0,0,0,0,0,0,0,0,0,0,0,0,0,0,0,0,0,0,0,0,0,0,0,0,0,0,0,1,1,1,1,1,1,1,1,1,1,1,1,1,1,1,1,1,1,1,1,1,1,1,1,1,1,1,1,1,1,1,1,32,0,Unicorn_Absent,-1,-1.0,3,191,1.0,32.0,0.5,32.0,1.0,0.5,DOWN,0.825,1.0,0.30434782608695654,28,ALL,3,2
2562,74272926,22,742718,Absent,32,0,0,0,0,0,0,0,0,0,0,0,0,0,0,0,0,0,0,0,0,0,0,0,0,0,0,0,0,0,0,0,0,1,1,1,1,1,1,1,1,1,1,1,1,1,1,1,1,1,1,1,1,1,1,1,1,1,1,1,1,1,1,1,1,32,0,Unicorn_Absent,-1,-1.0,3,255,1.0,32.0,1.0,32.0,1.0,0.5,DOWN,1.0,0.5,1.0,0,DOWN,3,2
2570,74272926,26,742718,Absent,28,1,1,1,1,1,1,1,1,1,0,0,0,0,0,0,1,1,0,0,0,0,0,0,1,1,0,0,0,0,0,0,1,1,0,0,0,0,0,0,1,1,0,0,0,0,0,0,1,1,0,0,0,0,0,0,1,1,1,1,1,1,1,1,1,18,14,Unicorn_Absent,-1,-1.0,8,256,0.9125,28.0,0.30434782608695654,46.0,0.5,0.5,OUT,1.0,1.0,1.0,0,DOWN,3,2
2574,74272926,28,742718,Absent,32,0,0,0,0,1,1,1,1,0,0,0,0,1,1,1,1,0,0,0,0,1,1,1,1,0,0,0,0,1,1,1,1,0,0,0,0,1,1,1,1,0,0,0,0,1,1,1,1,0,0,0,0,1,1,1,1,0,0,0,0,1,1,1,1,32,0,Unicorn_Absent,-1,-1.0,6,320,1.0,32.0,0.30434782608695654,32.0,0.5,0.5,RIGHT,0.9125,0.30434782608695654,0.5,14,OUT,3,2
2576,74272926,29,742718,Absent,32,0,0,0,0,1,1,1,1,0,0,0,0,1,1,1,1,0,0,0,0,1,1,1,1,0,0,0,0,1,1,1,1,0,0,0,0,1,1,1,1,0,0,0,0,1,1,1,1,0,0,0,0,1,1,1,1,0,0,0,0,1,1,1,1,32,0,Unicorn_Absent,-1,-1.0,6,352,1.0,32.0,1.0,32.0,0.5,0.5,RIGHT,1.0,0.30434782608695654,0.5,0,RIGHT,3,2
2580,74272926,31,742718,Absent,32,0,0,0,0,1,1,1,1,0,0,0,0,1,1,1,1,0,0,0,0,1,1,1,1,0,0,0,0,1,1,1,1,0,0,0,0,1,1,1,1,0,0,0,0,1,1,1,1,0,0,0,0,1,1,1,1,0,0,0,0,1,1,1,1,32,0,Unicorn_Absent,-1,-1.0,6,416,1.0,32.0,1.0,32.0,0.5,0.5,RIGHT,1.0,1.0,0.5,0,RIGHT,3,2
2582,74272926,32,742718,Absent,32,0,0,0,0,1,1,1,1,0,0,0,0,1,1,1,1,0,0,0,0,1,1,1,1,0,0,0,0,1,1,1,1,0,0,0,0,1,1,1,1,0,0,0,0,1,1,1,1,0,0,0,0,1,1,1,1,0,0,0,0,1,1,1,1,32,0,Unicorn_Absent,-1,-1.0,6,448,1.0,32.0,1.0,32.0,0.0,0.5,RIGHT,1.0,1.0,0.5,0,RIGHT,3,2
2584,74272926,33,742718,Absent,32,0,0,0,0,1,1,1,1,0,0,0,0,1,1,1,1,0,0,0,0,1,1,1,1,0,0,0,0,1,1,1,1,0,0,0,0,1,1,1,1,0,0,0,0,1,1,1,1,0,0,0,0,1,1,1,1,0,0,0,0,1,1,1,1,32,0,Unicorn_Absent,-1,-1.0,6,480,1.0,32.0,1.0,32.0,0.0,0.5,RIGHT,1.0,1.0,0.0,0,RIGHT,3,2
2592,74272926,37,742718,Absent,28,1,1,1,1,1,1,1,1,1,0,0,0,0,0,0,1,1,0,0,0,0,0,0,1,1,0,0,0,0,0,0,1,1,0,0,0,0,0,0,1,1,0,0,0,0,0,0,1,1,0,0,0,0,0,0,1,1,1,1,1,1,1,1,1,32,0,Unicorn_Absent,-1,-1.0,8,608,1.0,28.0,0.30434782608695654,28.0,1.0,0.4375,OUT,1.0,1.0,0.0,0,RIGHT,3,2
2594,74272926,38,742718,Absent,28,1,1,1,1,1,1,1,1,1,0,0,0,0,0,0,1,1,0,0,0,0,0,0,1,1,0,0,0,0,0,0,1,1,0,0,0,0,0,0,1,1,0,0,0,0,0,0,1,1,0,0,0,0,0,0,1,1,1,1,1,1,1,1,1,18,14,Unicorn_Absent,-1,-1.0,8,626,0.9125,28.0,1.0,46.0,1.0,0.5,OUT,1.0,0.30434782608695654,1.0,0,OUT,3,2
2598,74272926,40,742718,Absent,32,1,1,1,1,1,1,1,1,1,1,1,1,1,1,1,1,1,1,1,1,1,1,1,1,1,1,1,1,1,1,1,1,0,0,0,0,0,0,0,0,0,0,0,0,0,0,0,0,0,0,0,0,0,0,0,0,0,0,0,0,0,0,0,0,32,0,Unicorn_Absent,-1,-1.0,4,690,1.0,32.0,0.30434782608695654,64.0,0.5,1.0,UP,0.9125,1.0,1.0,14,OUT,3,2
2600,74272926,41,742718,Absent,32,0,0,0,0,0,0,0,0,0,0,0,0,0,0,0,0,0,0,0,0,0,0,0,0,0,0,0,0,0,0,0,0,1,1,1,1,1,1,1,1,1,1,1,1,1,1,1,1,1,1,1,1,1,1,1,1,1,1,1,1,1,1,1,1,0,32,Unicorn_Absent,-1,-1.0,3,690,0.8,32.0,0.0,32.0,0.5,0.0,DOWN,1.0,0.30434782608695654,0.5,0,UP,3,2
2604,74272926,43,742718,Absent,32,0,0,0,0,0,0,0,0,0,0,0,0,0,0,0,0,0,0,0,0,0,0,0,0,0,0,0,0,0,0,0,0,1,1,1,1,1,1,1,1,1,1,1,1,1,1,1,1,1,1,1,1,1,1,1,1,1,1,1,1,1,1,1,1,0,32,Unicorn_Absent,-1,-1.0,3,722,0.8,32.0,1.0,64.0,0.026666666666666672,0.5,DOWN,0.8,0.0,0.5,32,DOWN,3,2
2608,74272926,45,742718,Absent,0,0,0,0,0,0,0,0,0,0,0,0,0,0,0,0,0,0,0,0,0,0,0,0,0,0,0,0,0,0,0,0,0,0,0,0,0,0,0,0,0,0,0,0,0,0,0,0,0,0,0,0,0,0,0,0,0,0,0,0,0,0,0,0,0,32,0,Unicorn_Absent,-1,-1.0,2,786,1.0,0.0,0.0,32.0,0.026666666666666672,0.5,NOTHING,0.8,1.0,0.026666666666666672,32,DOWN,3,2
2610,74272926,46,742718,Absent,0,0,0,0,0,0,0,0,0,0,0,0,0,0,0,0,0,0,0,0,0,0,0,0,0,0,0,0,0,0,0,0,0,0,0,0,0,0,0,0,0,0,0,0,0,0,0,0,0,0,0,0,0,0,0,0,0,0,0,0,0,0,0,0,0,32,0,Unicorn_Absent,-1,-1.0,2,818,1.0,0.0,1.0,32.0,0.3333333333333333,0.5,NOTHING,1.0,0.0,0.026666666666666672,0,NOTHING,3,2
2614,74272926,48,742718,Absent,64,1,1,1,1,1,1,1,1,1,1,1,1,1,1,1,1,1,1,1,1,1,1,1,1,1,1,1,1,1,1,1,1,1,1,1,1,1,1,1,1,1,1,1,1,1,1,1,1,1,1,1,1,1,1,1,1,1,1,1,1,1,1,1,1,0,32,Unicorn_Absent,-1,-1.0,1,754,0.8,64.0,0.0,64.0,0.3333333333333333,0.5,ALL,1.0,1.0,0.3333333333333333,0,NOTHING,3,2
2620,74272926,51,742718,Absent,32,0,0,0,0,0,0,0,0,0,0,0,0,0,0,0,0,0,0,0,0,0,0,0,0,0,0,0,0,0,0,0,0,1,1,1,1,1,1,1,1,1,1,1,1,1,1,1,1,1,1,1,1,1,1,1,1,1,1,1,1,1,1,1,1,16,16,Unicorn_Absent,-1,-1.0,3,578,0.9,32.0,0.5,48.0,0.0,0.5,DOWN,0.8,0.0,0.3333333333333333,32,ALL,3,2
2622,74272926,52,742718,Absent,32,1,1,1,1,0,0,0,0,1,1,1,1,0,0,0,0,1,1,1,1,0,0,0,0,1,1,1,1,0,0,0,0,1,1,1,1,0,0,0,0,1,1,1,1,0,0,0,0,1,1,1,1,0,0,0,0,1,1,1,1,0,0,0,0,14,18,Unicorn_Absent,-1,-1.0,5,592,0.8875,32.0,0.3333333333333333,50.0,0.0,0.5,LEFT,0.9,0.5,0.0,16,DOWN,3,2
2624,74272926,53,742718,Absent,32,0,0,0,0,0,0,0,0,0,0,0,0,0,0,0,0,0,0,0,0,0,0,0,0,0,0,0,0,0,0,0,0,1,1,1,1,1,1,1,1,1,1,1,1,1,1,1,1,1,1,1,1,1,1,1,1,1,1,1,1,1,1,1,1,32,0,Unicorn_Absent,-1,-1.0,3,624,1.0,32.0,0.3333333333333333,32.0,0.0,0.5,DOWN,0.8875,0.3333333333333333,0.0,18,LEFT,3,2
2630,74272926,56,742718,Absent,32,0,0,0,0,0,0,0,0,0,0,0,0,0,0,0,0,0,0,0,0,0,0,0,0,0,0,0,0,0,0,0,0,1,1,1,1,1,1,1,1,1,1,1,1,1,1,1,1,1,1,1,1,1,1,1,1,1,1,1,1,1,1,1,1,32,0,Unicorn_Absent,-1,-1.0,3,720,1.0,32.0,1.0,32.0,0.0,0.5,DOWN,1.0,0.3333333333333333,0.0,0,DOWN,3,2
2632,74272926,57,742718,Absent,32,0,0,0,0,0,0,0,0,0,0,0,0,0,0,0,0,0,0,0,0,0,0,0,0,0,0,0,0,0,0,0,0,1,1,1,1,1,1,1,1,1,1,1,1,1,1,1,1,1,1,1,1,1,1,1,1,1,1,1,1,1,1,1,1,32,0,Unicorn_Absent,-1,-1.0,3,752,1.0,32.0,1.0,32.0,0.36,0.5,DOWN,1.0,1.0,0.0,0,DOWN,3,2
2638,74272926,60,742718,Absent,36,0,0,0,0,0,0,0,0,0,1,1,1,1,1,1,0,0,1,1,1,1,1,1,0,0,1,1,1,1,1,1,0,0,1,1,1,1,1,1,0,0,1,1,1,1,1,1,0,0,1,1,1,1,1,1,0,0,0,0,0,0,0,0,0,14,18,Unicorn_Absent,-1,-1.0,7,717,0.8875,36.0,0.36,50.0,0.36,0.5,IN,1.0,1.0,0.36,0,DOWN,3,2
2761,74912367,1,236771,Absent,60,0,0,1,1,0,1,1,1,0,1,1,0,1,1,1,0,0,1,1,0,1,1,1,1,1,1,1,0,1,1,1,0,0,1,1,1,0,0,1,1,0,1,0,1,0,0,0,1,1,1,0,1,1,1,1,1,0,1,1,1,1,0,0,0,24,8,Unicorn_Absent,-1,-1.0,9,24,0.95,41.0,1.0,49.0,0.0,0.640625,,,,,,,3,2
2763,74912367,2,236771,Absent,32,1,1,1,1,0,0,0,0,1,1,1,1,0,0,0,0,1,1,1,1,0,0,0,0,1,1,1,1,0,0,0,0,1,1,1,1,0,0,0,0,1,1,1,1,0,0,0,0,1,1,1,1,0,0,0,0,1,1,1,1,0,0,0,0,32,0,Unicorn_Absent,-1,-1.0,5,56,1.0,32.0,0.37735849056603776,32.0,0.0,0.5,LEFT,0.95,1.0,0.0,8,,3,2
2765,74912367,3,236771,Absent,32,1,1,1,1,0,0,0,0,1,1,1,1,0,0,0,0,1,1,1,1,0,0,0,0,1,1,1,1,0,0,0,0,1,1,1,1,0,0,0,0,1,1,1,1,0,0,0,0,1,1,1,1,0,0,0,0,1,1,1,1,0,0,0,0,32,0,Unicorn_Absent,-1,-1.0,5,88,1.0,32.0,1.0,32.0,0.37735849056603776,0.5,LEFT,1.0,0.37735849056603776,0.0,0,LEFT,3,2
2767,74912367,4,236771,Absent,32,1,1,1,1,0,0,0,0,1,1,1,1,0,0,0,0,1,1,1,1,0,0,0,0,1,1,1,1,0,0,0,0,1,1,1,1,0,0,0,0,1,1,1,1,0,0,0,0,1,1,1,1,0,0,0,0,1,1,1,1,0,0,0,0,32,0,Unicorn_Absent,-1,-1.0,5,120,1.0,32.0,1.0,32.0,0.37735849056603776,0.5,LEFT,1.0,1.0,0.37735849056603776,0,LEFT,3,2
2771,74912367,6,236771,Absent,36,0,0,0,0,0,0,0,0,0,1,1,1,1,1,1,0,0,1,1,1,1,1,1,0,0,1,1,1,1,1,1,0,0,1,1,1,1,1,1,0,0,1,1,1,1,1,1,0,0,1,1,1,1,1,1,0,0,0,0,0,0,0,0,0,14,18,Unicorn_Absent,-1,-1.0,7,166,0.8875,36.0,0.36,50.0,0.0,0.5,IN,1.0,1.0,0.37735849056603776,0,LEFT,3,2
2773,74912367,7,236771,Absent,32,1,1,1,1,0,0,0,0,1,1,1,1,0,0,0,0,1,1,1,1,0,0,0,0,1,1,1,1,0,0,0,0,1,1,1,1,0,0,0,0,1,1,1,1,0,0,0,0,1,1,1,1,0,0,0,0,1,1,1,1,0,0,0,0,18,14,Unicorn_Absent,-1,-1.0,5,184,0.9125,32.0,0.36,46.0,0.0,0.5,LEFT,0.8875,0.36,0.0,18,IN,3,2
2775,74912367,8,236771,Absent,0,0,0,0,0,0,0,0,0,0,0,0,0,0,0,0,0,0,0,0,0,0,0,0,0,0,0,0,0,0,0,0,0,0,0,0,0,0,0,0,0,0,0,0,0,0,0,0,0,0,0,0,0,0,0,0,0,0,0,0,0,0,0,0,0,32,0,Unicorn_Absent,-1,-1.0,2,216,1.0,0.0,0.0,64.0,0.0,1.0,NOTHING,0.9125,0.36,0.0,14,LEFT,3,2
2777,74912367,9,236771,Absent,0,0,0,0,0,0,0,0,0,0,0,0,0,0,0,0,0,0,0,0,0,0,0,0,0,0,0,0,0,0,0,0,0,0,0,0,0,0,0,0,0,0,0,0,0,0,0,0,0,0,0,0,0,0,0,0,0,0,0,0,0,0,0,0,0,32,0,Unicorn_Absent,-1,-1.0,2,248,1.0,0.0,1.0,32.0,0.0,0.5,NOTHING,1.0,0.0,0.0,0,NOTHING,3,2
2779,74912367,10,236771,Absent,36,0,0,0,0,0,0,0,0,0,1,1,1,1,1,1,0,0,1,1,1,1,1,1,0,0,1,1,1,1,1,1,0,0,1,1,1,1,1,1,0,0,1,1,1,1,1,1,0,0,1,1,1,1,1,1,0,0,0,0,0,0,0,0,0,14,18,Unicorn_Absent,-1,-1.0,7,262,0.8875,36.0,0.0,50.0,0.36,0.5,IN,1.0,1.0,0.0,0,NOTHING,3,2
2781,74912367,11,236771,Absent,32,0,0,0,0,0,0,0,0,0,0,0,0,0,0,0,0,0,0,0,0,0,0,0,0,0,0,0,0,0,0,0,0,1,1,1,1,1,1,1,1,1,1,1,1,1,1,1,1,1,1,1,1,1,1,1,1,1,1,1,1,1,1,1,1,32,0,Unicorn_Absent,-1,-1.0,3,294,1.0,32.0,0.36,32.0,0.36,0.5,DOWN,0.8875,0.0,0.36,18,IN,3,2
2783,74912367,12,236771,Absent,32,0,0,0,0,0,0,0,0,0,0,0,0,0,0,0,0,0,0,0,0,0,0,0,0,0,0,0,0,0,0,0,0,1,1,1,1,1,1,1,1,1,1,1,1,1,1,1,1,1,1,1,1,1,1,1,1,1,1,1,1,1,1,1,1,0,32,Unicorn_Absent,-1,-1.0,3,294,0.8,32.0,1.0,32.0,0.055652173913043446,0.0,DOWN,1.0,0.36,0.36,0,DOWN,3,2
2789,74912367,15,236771,Absent,32,0,0,0,0,1,1,1,1,0,0,0,0,1,1,1,1,0,0,0,0,1,1,1,1,0,0,0,0,1,1,1,1,0,0,0,0,1,1,1,1,0,0,0,0,1,1,1,1,0,0,0,0,1,1,1,1,0,0,0,0,1,1,1,1,14,18,Unicorn_Absent,-1,-1.0,6,254,0.8875,32.0,0.3333333333333333,50.0,0.055652173913043446,0.5,RIGHT,0.8,1.0,0.055652173913043446,32,DOWN,3,2
2797,74912367,19,236771,Absent,28,1,1,1,1,1,1,1,1,1,0,0,0,0,0,0,1,1,0,0,0,0,0,0,1,1,0,0,0,0,0,0,1,1,0,0,0,0,0,0,1,1,0,0,0,0,0,0,1,1,0,0,0,0,0,0,1,1,1,1,1,1,1,1,1,18,14,Unicorn_Absent,-1,-1.0,8,148,0.9125,28.0,0.30434782608695654,46.0,0.4375,0.5,OUT,0.8875,0.3333333333333333,0.055652173913043446,18,RIGHT,3,2
2799,74912367,20,236771,Absent,32,1,1,1,1,1,1,1,1,1,1,1,1,1,1,1,1,1,1,1,1,1,1,1,1,1,1,1,1,1,1,1,1,0,0,0,0,0,0,0,0,0,0,0,0,0,0,0,0,0,0,0,0,0,0,0,0,0,0,0,0,0,0,0,0,14,18,Unicorn_Absent,-1,-1.0,4,162,0.8875,32.0,0.30434782608695654,50.0,0.4375,0.5,UP,0.9125,0.30434782608695654,0.4375,14,OUT,3,2
2803,74912367,22,236771,Absent,32,1,1,1,1,1,1,1,1,1,1,1,1,1,1,1,1,1,1,1,1,1,1,1,1,1,1,1,1,1,1,1,1,0,0,0,0,0,0,0,0,0,0,0,0,0,0,0,0,0,0,0,0,0,0,0,0,0,0,0,0,0,0,0,0,16,16,Unicorn_Absent,-1,-1.0,4,201,0.9,32.0,1.0,48.0,0.5,0.5,UP,0.8875,0.30434782608695654,0.4375,18,UP,3,2
2805,74912367,23,236771,Absent,32,1,1,1,1,0,0,0,0,1,1,1,1,0,0,0,0,1,1,1,1,0,0,0,0,1,1,1,1,0,0,0,0,1,1,1,1,0,0,0,0,1,1,1,1,0,0,0,0,1,1,1,1,0,0,0,0,1,1,1,1,0,0,0,0,32,0,Unicorn_Absent,-1,-1.0,5,233,1.0,32.0,0.3333333333333333,64.0,0.5,1.0,LEFT,0.9,1.0,0.5,16,UP,3,2
2809,74912367,25,236771,Absent,32,1,1,1,1,0,0,0,0,1,1,1,1,0,0,0,0,1,1,1,1,0,0,0,0,1,1,1,1,0,0,0,0,1,1,1,1,0,0,0,0,1,1,1,1,0,0,0,0,1,1,1,1,0,0,0,0,1,1,1,1,0,0,0,0,32,0,Unicorn_Absent,-1,-1.0,5,297,1.0,32.0,1.0,64.0,1.0,1.0,LEFT,1.0,0.3333333333333333,0.5,0,LEFT,3,2
2811,74912367,26,236771,Absent,32,1,1,1,1,0,0,0,0,1,1,1,1,0,0,0,0,1,1,1,1,0,0,0,0,1,1,1,1,0,0,0,0,1,1,1,1,0,0,0,0,1,1,1,1,0,0,0,0,1,1,1,1,0,0,0,0,1,1,1,1,0,0,0,0,32,0,Unicorn_Absent,-1,-1.0,5,329,1.0,32.0,1.0,64.0,1.0,1.0,LEFT,1.0,1.0,1.0,0,LEFT,3,2
2817,74912367,29,236771,Absent,36,0,0,0,0,0,0,0,0,0,1,1,1,1,1,1,0,0,1,1,1,1,1,1,0,0,1,1,1,1,1,1,0,0,1,1,1,1,1,1,0,0,1,1,1,1,1,1,0,0,1,1,1,1,1,1,0,0,0,0,0,0,0,0,0,14,18,Unicorn_Absent,-1,-1.0,7,395,0.8875,36.0,0.36,50.0,0.36,0.5,IN,1.0,1.0,1.0,0,LEFT,3,2
2819,74912367,30,236771,Absent,32,0,0,0,0,0,0,0,0,0,0,0,0,0,0,0,0,0,0,0,0,0,0,0,0,0,0,0,0,0,0,0,0,1,1,1,1,1,1,1,1,1,1,1,1,1,1,1,1,1,1,1,1,1,1,1,1,1,1,1,1,1,1,1,1,16,16,Unicorn_Absent,-1,-1.0,3,411,0.9,32.0,0.36,48.0,0.36,0.5,DOWN,0.8875,0.36,0.36,18,IN,3,2
2823,74912367,32,236771,Absent,32,0,0,0,0,1,1,1,1,0,0,0,0,1,1,1,1,0,0,0,0,1,1,1,1,0,0,0,0,1,1,1,1,0,0,0,0,1,1,1,1,0,0,0,0,1,1,1,1,0,0,0,0,1,1,1,1,0,0,0,0,1,1,1,1,32,0,Unicorn_Absent,-1,-1.0,6,475,1.0,32.0,0.3333333333333333,64.0,1.0,1.0,RIGHT,0.9,0.36,0.36,16,DOWN,3,2
2829,74912367,35,236771,Absent,32,0,0,0,0,1,1,1,1,0,0,0,0,1,1,1,1,0,0,0,0,1,1,1,1,0,0,0,0,1,1,1,1,0,0,0,0,1,1,1,1,0,0,0,0,1,1,1,1,0,0,0,0,1,1,1,1,0,0,0,0,1,1,1,1,32,0,Unicorn_Absent,-1,-1.0,6,571,1.0,32.0,1.0,64.0,1.0,1.0,RIGHT,1.0,0.3333333333333333,1.0,0,RIGHT,3,2
2831,74912367,36,236771,Absent,32,0,0,0,0,1,1,1,1,0,0,0,0,1,1,1,1,0,0,0,0,1,1,1,1,0,0,0,0,1,1,1,1,0,0,0,0,1,1,1,1,0,0,0,0,1,1,1,1,0,0,0,0,1,1,1,1,0,0,0,0,1,1,1,1,32,0,Unicorn_Absent,-1,-1.0,6,603,1.0,32.0,1.0,64.0,0.026666666666666672,1.0,RIGHT,1.0,1.0,1.0,0,RIGHT,3,2
2833,74912367,37,236771,Absent,32,0,0,0,0,1,1,1,1,0,0,0,0,1,1,1,1,0,0,0,0,1,1,1,1,0,0,0,0,1,1,1,1,0,0,0,0,1,1,1,1,0,0,0,0,1,1,1,1,0,0,0,0,1,1,1,1,0,0,0,0,1,1,1,1,32,0,Unicorn_Absent,-1,-1.0,6,635,1.0,32.0,1.0,64.0,0.026666666666666672,1.0,RIGHT,1.0,1.0,0.026666666666666672,0,RIGHT,3,2
2837,74912367,39,236771,Absent,36,0,0,0,0,0,0,0,0,0,1,1,1,1,1,1,0,0,1,1,1,1,1,1,0,0,1,1,1,1,1,1,0,0,1,1,1,1,1,1,0,0,1,1,1,1,1,1,0,0,1,1,1,1,1,1,0,0,0,0,0,0,0,0,0,14,18,Unicorn_Absent,-1,-1.0,7,681,0.8875,36.0,0.36,50.0,0.055652173913043446,0.5,IN,1.0,1.0,0.026666666666666672,0,RIGHT,3,2
2839,74912367,40,236771,Absent,32,0,0,0,0,1,1,1,1,0,0,0,0,1,1,1,1,0,0,0,0,1,1,1,1,0,0,0,0,1,1,1,1,0,0,0,0,1,1,1,1,0,0,0,0,1,1,1,1,0,0,0,0,1,1,1,1,0,0,0,0,1,1,1,1,14,18,Unicorn_Absent,-1,-1.0,6,695,0.8875,32.0,0.36,50.0,0.055652173913043446,0.5,RIGHT,0.8875,0.36,0.055652173913043446,18,IN,3,2
2841,74912367,41,236771,Absent,32,0,0,0,0,0,0,0,0,0,0,0,0,0,0,0,0,0,0,0,0,0,0,0,0,0,0,0,0,0,0,0,0,1,1,1,1,1,1,1,1,1,1,1,1,1,1,1,1,1,1,1,1,1,1,1,1,1,1,1,1,1,1,1,1,32,0,Unicorn_Absent,-1,-1.0,3,727,1.0,32.0,0.3333333333333333,32.0,0.055652173913043446,0.5,DOWN,0.8875,0.36,0.055652173913043446,18,RIGHT,3,2
2843,74912367,42,236771,Absent,32,0,0,0,0,0,0,0,0,0,0,0,0,0,0,0,0,0,0,0,0,0,0,0,0,0,0,0,0,0,0,0,0,1,1,1,1,1,1,1,1,1,1,1,1,1,1,1,1,1,1,1,1,1,1,1,1,1,1,1,1,1,1,1,1,32,0,Unicorn_Absent,-1,-1.0,3,759,1.0,32.0,1.0,32.0,0.055652173913043446,0.5,DOWN,1.0,0.3333333333333333,0.055652173913043446,0,DOWN,3,2
2845,74912367,43,236771,Absent,32,0,0,0,0,0,0,0,0,0,0,0,0,0,0,0,0,0,0,0,0,0,0,0,0,0,0,0,0,0,0,0,0,1,1,1,1,1,1,1,1,1,1,1,1,1,1,1,1,1,1,1,1,1,1,1,1,1,1,1,1,1,1,1,1,32,0,Unicorn_Absent,-1,-1.0,3,791,1.0,32.0,1.0,32.0,0.64,0.5,DOWN,1.0,1.0,0.055652173913043446,0,DOWN,3,2
2847,74912367,44,236771,Absent,32,0,0,0,0,0,0,0,0,0,0,0,0,0,0,0,0,0,0,0,0,0,0,0,0,0,0,0,0,0,0,0,0,1,1,1,1,1,1,1,1,1,1,1,1,1,1,1,1,1,1,1,1,1,1,1,1,1,1,1,1,1,1,1,1,32,0,Unicorn_Absent,-1,-1.0,3,823,1.0,32.0,1.0,32.0,0.64,0.5,DOWN,1.0,1.0,0.64,0,DOWN,3,2
2851,74912367,46,236771,Absent,32,0,0,0,0,1,1,1,1,0,0,0,0,1,1,1,1,0,0,0,0,1,1,1,1,0,0,0,0,1,1,1,1,0,0,0,0,1,1,1,1,0,0,0,0,1,1,1,1,0,0,0,0,1,1,1,1,0,0,0,0,1,1,1,1,16,16,Unicorn_Absent,-1,-1.0,6,775,0.9,32.0,0.3333333333333333,48.0,0.3333333333333333,0.5,RIGHT,1.0,1.0,0.64,0,DOWN,3,2
2859,74912367,50,236771,Absent,32,1,1,1,1,1,1,1,1,1,1,1,1,1,1,1,1,1,1,1,1,1,1,1,1,1,1,1,1,1,1,1,1,0,0,0,0,0,0,0,0,0,0,0,0,0,0,0,0,0,0,0,0,0,0,0,0,0,0,0,0,0,0,0,0,0,32,Unicorn_Absent,-1,-1.0,4,665,0.8,32.0,0.3333333333333333,32.0,0.3333333333333333,0.0,UP,0.9,0.3333333333333333,0.3333333333333333,16,RIGHT,3,2
2861,74912367,51,236771,Absent,32,1,1,1,1,0,0,0,0,1,1,1,1,0,0,0,0,1,1,1,1,0,0,0,0,1,1,1,1,0,0,0,0,1,1,1,1,0,0,0,0,1,1,1,1,0,0,0,0,1,1,1,1,0,0,0,0,1,1,1,1,0,0,0,0,14,18,Unicorn_Absent,-1,-1.0,5,679,0.8875,32.0,0.3333333333333333,50.0,0.0,0.5,LEFT,0.8,0.3333333333333333,0.3333333333333333,32,UP,3,2
2869,74912367,55,236771,Absent,32,0,0,0,0,1,1,1,1,0,0,0,0,1,1,1,1,0,0,0,0,1,1,1,1,0,0,0,0,1,1,1,1,0,0,0,0,1,1,1,1,0,0,0,0,1,1,1,1,0,0,0,0,1,1,1,1,0,0,0,0,1,1,1,1,16,16,Unicorn_Absent,-1,-1.0,6,780,0.9,32.0,0.0,48.0,0.0,0.5,RIGHT,0.8875,0.3333333333333333,0.0,18,LEFT,3,2
2873,74912367,57,236771,Absent,28,1,1,1,1,1,1,1,1,1,0,0,0,0,0,0,1,1,0,0,0,0,0,0,1,1,0,0,0,0,0,0,1,1,0,0,0,0,0,0,1,1,0,0,0,0,0,0,1,1,0,0,0,0,0,0,1,1,1,1,1,1,1,1,1,18,14,Unicorn_Absent,-1,-1.0,8,830,0.9125,28.0,0.30434782608695654,46.0,0.0,0.5,OUT,0.9,0.0,0.0,16,RIGHT,3,2
2875,74912367,58,236771,Absent,36,0,0,0,0,0,0,0,0,0,1,1,1,1,1,1,0,0,1,1,1,1,1,1,0,0,1,1,1,1,1,1,0,0,1,1,1,1,1,1,0,0,1,1,1,1,1,1,0,0,1,1,1,1,1,1,0,0,0,0,0,0,0,0,0,32,0,Unicorn_Absent,-1,-1.0,7,862,1.0,36.0,0.0,36.0,0.0,0.5625,IN,0.9125,0.30434782608695654,0.0,14,OUT,3,2
2877,74912367,59,236771,Absent,36,0,0,0,0,0,0,0,0,0,1,1,1,1,1,1,0,0,1,1,1,1,1,1,0,0,1,1,1,1,1,1,0,0,1,1,1,1,1,1,0,0,1,1,1,1,1,1,0,0,1,1,1,1,1,1,0,0,0,0,0,0,0,0,0,14,18,Unicorn_Absent,-1,-1.0,7,876,0.8875,36.0,1.0,50.0,0.36,0.5,IN,1.0,0.0,0.0,0,IN,3,2
2760,74912367,1,749168,Absent,20,0,0,0,0,0,0,0,0,0,1,0,0,0,0,0,0,0,0,0,1,0,0,0,0,0,0,0,1,0,0,0,0,0,0,0,0,1,1,1,1,1,1,0,1,1,0,0,0,0,0,1,1,0,0,0,0,0,1,0,1,0,1,0,0,24,8,Unicorn_Absent,-1,-1.0,0,24,0.95,16.0,1.0,49.0,0.36,0.640625,RS,,,,,,3,2
2762,74912367,2,749168,Absent,0,0,0,0,0,0,0,0,0,0,0,0,0,0,0,0,0,0,0,0,0,0,0,0,0,0,0,0,0,0,0,0,0,0,0,0,0,0,0,0,0,0,0,0,0,0,0,0,0,0,0,0,0,0,0,0,0,0,0,0,0,0,0,0,0,32,0,Unicorn_Absent,-1,-1.0,2,56,1.0,0.0,0.0,32.0,0.36,0.5,NOTHING,0.95,1.0,0.36,8,RS,3,2
2764,74912367,3,749168,Absent,0,0,0,0,0,0,0,0,0,0,0,0,0,0,0,0,0,0,0,0,0,0,0,0,0,0,0,0,0,0,0,0,0,0,0,0,0,0,0,0,0,0,0,0,0,0,0,0,0,0,0,0,0,0,0,0,0,0,0,0,0,0,0,0,0,32,0,Unicorn_Absent,-1,-1.0,2,88,1.0,0.0,1.0,32.0,0.36,0.5,NOTHING,1.0,0.0,0.36,0,NOTHING,3,2
2766,74912367,4,749168,Absent,0,0,0,0,0,0,0,0,0,0,0,0,0,0,0,0,0,0,0,0,0,0,0,0,0,0,0,0,0,0,0,0,0,0,0,0,0,0,0,0,0,0,0,0,0,0,0,0,0,0,0,0,0,0,0,0,0,0,0,0,0,0,0,0,0,32,0,Unicorn_Absent,-1,-1.0,2,120,1.0,0.0,1.0,32.0,0.3333333333333333,0.5,NOTHING,1.0,1.0,0.36,0,NOTHING,3,2
2770,74912367,6,749168,Absent,32,0,0,0,0,0,0,0,0,0,0,0,0,0,0,0,0,0,0,0,0,0,0,0,0,0,0,0,0,0,0,0,0,1,1,1,1,1,1,1,1,1,1,1,1,1,1,1,1,1,1,1,1,1,1,1,1,1,1,1,1,1,1,1,1,14,18,Unicorn_Absent,-1,-1.0,3,166,0.8875,32.0,0.0,50.0,0.3333333333333333,0.5,DOWN,1.0,1.0,0.3333333333333333,0,NOTHING,3,2
2772,74912367,7,749168,Absent,28,1,1,1,1,1,1,1,1,1,0,0,0,0,0,0,1,1,0,0,0,0,0,0,1,1,0,0,0,0,0,0,1,1,0,0,0,0,0,0,1,1,0,0,0,0,0,0,1,1,0,0,0,0,0,0,1,1,1,1,1,1,1,1,1,18,14,Unicorn_Absent,-1,-1.0,8,184,0.9125,28.0,0.30434782608695654,46.0,0.0,0.5,OUT,0.8875,0.0,0.3333333333333333,18,DOWN,3,2
2774,74912367,8,749168,Absent,64,1,1,1,1,1,1,1,1,1,1,1,1,1,1,1,1,1,1,1,1,1,1,1,1,1,1,1,1,1,1,1,1,1,1,1,1,1,1,1,1,1,1,1,1,1,1,1,1,1,1,1,1,1,1,1,1,1,1,1,1,1,1,1,1,32,0,Unicorn_Absent,-1,-1.0,1,216,1.0,64.0,0.4375,64.0,0.0,1.0,ALL,0.9125,0.30434782608695654,0.0,14,OUT,3,2
2776,74912367,9,749168,Absent,32,1,1,1,1,0,0,0,0,1,1,1,1,0,0,0,0,1,1,1,1,0,0,0,0,1,1,1,1,0,0,0,0,1,1,1,1,0,0,0,0,1,1,1,1,0,0,0,0,1,1,1,1,0,0,0,0,1,1,1,1,0,0,0,0,32,0,Unicorn_Absent,-1,-1.0,5,248,1.0,32.0,0.5,32.0,0.0,0.5,LEFT,1.0,0.4375,0.0,0,ALL,3,2
2778,74912367,10,749168,Absent,32,1,1,1,1,0,0,0,0,1,1,1,1,0,0,0,0,1,1,1,1,0,0,0,0,1,1,1,1,0,0,0,0,1,1,1,1,0,0,0,0,1,1,1,1,0,0,0,0,1,1,1,1,0,0,0,0,1,1,1,1,0,0,0,0,14,18,Unicorn_Absent,-1,-1.0,5,262,0.8875,32.0,1.0,50.0,0.0,0.5,LEFT,1.0,0.5,0.0,0,LEFT,3,2
2780,74912367,11,749168,Absent,0,0,0,0,0,0,0,0,0,0,0,0,0,0,0,0,0,0,0,0,0,0,0,0,0,0,0,0,0,0,0,0,0,0,0,0,0,0,0,0,0,0,0,0,0,0,0,0,0,0,0,0,0,0,0,0,0,0,0,0,0,0,0,0,0,32,0,Unicorn_Absent,-1,-1.0,2,294,1.0,0.0,0.0,32.0,0.0,0.5,NOTHING,0.8875,1.0,0.0,18,LEFT,3,2
2782,74912367,12,749168,Absent,32,0,0,0,0,0,0,0,0,0,0,0,0,0,0,0,0,0,0,0,0,0,0,0,0,0,0,0,0,0,0,0,0,1,1,1,1,1,1,1,1,1,1,1,1,1,1,1,1,1,1,1,1,1,1,1,1,1,1,1,1,1,1,1,1,0,32,Unicorn_Absent,-1,-1.0,3,294,0.8,32.0,0.0,32.0,0.0,0.0,DOWN,1.0,0.0,0.0,0,NOTHING,3,2
2788,74912367,15,749168,Absent,36,0,0,0,0,0,0,0,0,0,1,1,1,1,1,1,0,0,1,1,1,1,1,1,0,0,1,1,1,1,1,1,0,0,1,1,1,1,1,1,0,0,1,1,1,1,1,1,0,0,1,1,1,1,1,1,0,0,0,0,0,0,0,0,0,14,18,Unicorn_Absent,-1,-1.0,7,254,0.8875,36.0,0.36,50.0,0.64,0.5,IN,0.8,0.0,0.0,32,DOWN,3,2
2796,74912367,19,749168,Absent,32,0,0,0,0,1,1,1,1,0,0,0,0,1,1,1,1,0,0,0,0,1,1,1,1,0,0,0,0,1,1,1,1,0,0,0,0,1,1,1,1,0,0,0,0,1,1,1,1,0,0,0,0,1,1,1,1,0,0,0,0,1,1,1,1,18,14,Unicorn_Absent,-1,-1.0,6,148,0.9125,32.0,0.36,46.0,0.64,0.5,RIGHT,0.8875,0.36,0.64,18,IN,3,2
2798,74912367,20,749168,Absent,36,0,0,0,0,0,0,0,0,0,1,1,1,1,1,1,0,0,1,1,1,1,1,1,0,0,1,1,1,1,1,1,0,0,1,1,1,1,1,1,0,0,1,1,1,1,1,1,0,0,1,1,1,1,1,1,0,0,0,0,0,0,0,0,0,14,18,Unicorn_Absent,-1,-1.0,7,162,0.8875,36.0,0.36,50.0,0.0,0.5,IN,0.9125,0.36,0.64,14,RIGHT,3,2
2802,74912367,22,749168,Absent,32,1,1,1,1,0,0,0,0,1,1,1,1,0,0,0,0,1,1,1,1,0,0,0,0,1,1,1,1,0,0,0,0,1,1,1,1,0,0,0,0,1,1,1,1,0,0,0,0,1,1,1,1,0,0,0,0,1,1,1,1,0,0,0,0,16,16,Unicorn_Absent,-1,-1.0,5,201,0.9,32.0,0.36,48.0,0.0,0.5,LEFT,0.8875,0.36,0.0,18,IN,3,2
2804,74912367,23,749168,Absent,32,0,0,0,0,1,1,1,1,0,0,0,0,1,1,1,1,0,0,0,0,1,1,1,1,0,0,0,0,1,1,1,1,0,0,0,0,1,1,1,1,0,0,0,0,1,1,1,1,0,0,0,0,1,1,1,1,0,0,0,0,1,1,1,1,32,0,Unicorn_Absent,-1,-1.0,6,233,1.0,32.0,0.0,64.0,0.3333333333333333,1.0,RIGHT,0.9,0.36,0.0,16,LEFT,3,2
2808,74912367,25,749168,Absent,32,0,0,0,0,1,1,1,1,0,0,0,0,1,1,1,1,0,0,0,0,1,1,1,1,0,0,0,0,1,1,1,1,0,0,0,0,1,1,1,1,0,0,0,0,1,1,1,1,0,0,0,0,1,1,1,1,0,0,0,0,1,1,1,1,32,0,Unicorn_Absent,-1,-1.0,6,297,1.0,32.0,1.0,64.0,0.3333333333333333,1.0,RIGHT,1.0,0.0,0.3333333333333333,0,RIGHT,3,2
2810,74912367,26,749168,Absent,32,0,0,0,0,1,1,1,1,0,0,0,0,1,1,1,1,0,0,0,0,1,1,1,1,0,0,0,0,1,1,1,1,0,0,0,0,1,1,1,1,0,0,0,0,1,1,1,1,0,0,0,0,1,1,1,1,0,0,0,0,1,1,1,1,32,0,Unicorn_Absent,-1,-1.0,6,329,1.0,32.0,1.0,64.0,0.0,1.0,RIGHT,1.0,1.0,0.3333333333333333,0,RIGHT,3,2
2816,74912367,29,749168,Absent,32,1,1,1,1,0,0,0,0,1,1,1,1,0,0,0,0,1,1,1,1,0,0,0,0,1,1,1,1,0,0,0,0,1,1,1,1,0,0,0,0,1,1,1,1,0,0,0,0,1,1,1,1,0,0,0,0,1,1,1,1,0,0,0,0,14,18,Unicorn_Absent,-1,-1.0,5,395,0.8875,32.0,0.0,50.0,0.0,0.5,LEFT,1.0,1.0,0.0,0,RIGHT,3,2
2818,74912367,30,749168,Absent,32,0,0,0,0,1,1,1,1,0,0,0,0,1,1,1,1,0,0,0,0,1,1,1,1,0,0,0,0,1,1,1,1,0,0,0,0,1,1,1,1,0,0,0,0,1,1,1,1,0,0,0,0,1,1,1,1,0,0,0,0,1,1,1,1,16,16,Unicorn_Absent,-1,-1.0,6,411,0.9,32.0,0.0,48.0,0.0,0.5,RIGHT,0.8875,0.0,0.0,18,LEFT,3,2
2822,74912367,32,749168,Absent,32,1,1,1,1,0,0,0,0,1,1,1,1,0,0,0,0,1,1,1,1,0,0,0,0,1,1,1,1,0,0,0,0,1,1,1,1,0,0,0,0,1,1,1,1,0,0,0,0,1,1,1,1,0,0,0,0,1,1,1,1,0,0,0,0,32,0,Unicorn_Absent,-1,-1.0,5,475,1.0,32.0,0.0,64.0,0.0,1.0,LEFT,0.9,0.0,0.0,16,RIGHT,3,2
2828,74912367,35,749168,Absent,32,1,1,1,1,0,0,0,0,1,1,1,1,0,0,0,0,1,1,1,1,0,0,0,0,1,1,1,1,0,0,0,0,1,1,1,1,0,0,0,0,1,1,1,1,0,0,0,0,1,1,1,1,0,0,0,0,1,1,1,1,0,0,0,0,32,0,Unicorn_Absent,-1,-1.0,5,571,1.0,32.0,1.0,64.0,0.0,1.0,LEFT,1.0,0.0,0.0,0,LEFT,3,2
2830,74912367,36,749168,Absent,32,1,1,1,1,0,0,0,0,1,1,1,1,0,0,0,0,1,1,1,1,0,0,0,0,1,1,1,1,0,0,0,0,1,1,1,1,0,0,0,0,1,1,1,1,0,0,0,0,1,1,1,1,0,0,0,0,1,1,1,1,0,0,0,0,32,0,Unicorn_Absent,-1,-1.0,5,603,1.0,32.0,1.0,64.0,0.0,1.0,LEFT,1.0,1.0,0.0,0,LEFT,3,2
2832,74912367,37,749168,Absent,32,1,1,1,1,0,0,0,0,1,1,1,1,0,0,0,0,1,1,1,1,0,0,0,0,1,1,1,1,0,0,0,0,1,1,1,1,0,0,0,0,1,1,1,1,0,0,0,0,1,1,1,1,0,0,0,0,1,1,1,1,0,0,0,0,32,0,Unicorn_Absent,-1,-1.0,5,635,1.0,32.0,1.0,64.0,0.3333333333333333,1.0,LEFT,1.0,1.0,0.0,0,LEFT,3,2
2836,74912367,39,749168,Absent,32,1,1,1,1,0,0,0,0,1,1,1,1,0,0,0,0,1,1,1,1,0,0,0,0,1,1,1,1,0,0,0,0,1,1,1,1,0,0,0,0,1,1,1,1,0,0,0,0,1,1,1,1,0,0,0,0,1,1,1,1,0,0,0,0,14,18,Unicorn_Absent,-1,-1.0,5,681,0.8875,32.0,1.0,50.0,0.3333333333333333,0.5,LEFT,1.0,1.0,0.3333333333333333,0,LEFT,3,2
2838,74912367,40,749168,Absent,36,0,0,0,0,0,0,0,0,0,1,1,1,1,1,1,0,0,1,1,1,1,1,1,0,0,1,1,1,1,1,1,0,0,1,1,1,1,1,1,0,0,1,1,1,1,1,1,0,0,1,1,1,1,1,1,0,0,0,0,0,0,0,0,0,14,18,Unicorn_Absent,-1,-1.0,7,695,0.8875,36.0,0.36,50.0,0.6666666666666667,0.5,IN,0.8875,1.0,0.3333333333333333,18,LEFT,3,2
2840,74912367,41,749168,Absent,0,0,0,0,0,0,0,0,0,0,0,0,0,0,0,0,0,0,0,0,0,0,0,0,0,0,0,0,0,0,0,0,0,0,0,0,0,0,0,0,0,0,0,0,0,0,0,0,0,0,0,0,0,0,0,0,0,0,0,0,0,0,0,0,0,32,0,Unicorn_Absent,-1,-1.0,2,727,1.0,0.0,0.0,32.0,0.6666666666666667,0.5,NOTHING,0.8875,0.36,0.6666666666666667,18,IN,3,2
2842,74912367,42,749168,Absent,0,0,0,0,0,0,0,0,0,0,0,0,0,0,0,0,0,0,0,0,0,0,0,0,0,0,0,0,0,0,0,0,0,0,0,0,0,0,0,0,0,0,0,0,0,0,0,0,0,0,0,0,0,0,0,0,0,0,0,0,0,0,0,0,0,32,0,Unicorn_Absent,-1,-1.0,2,759,1.0,0.0,1.0,32.0,0.026666666666666672,0.5,NOTHING,1.0,0.0,0.6666666666666667,0,NOTHING,3,2
2844,74912367,43,749168,Absent,0,0,0,0,0,0,0,0,0,0,0,0,0,0,0,0,0,0,0,0,0,0,0,0,0,0,0,0,0,0,0,0,0,0,0,0,0,0,0,0,0,0,0,0,0,0,0,0,0,0,0,0,0,0,0,0,0,0,0,0,0,0,0,0,0,32,0,Unicorn_Absent,-1,-1.0,2,791,1.0,0.0,1.0,32.0,0.026666666666666672,0.5,NOTHING,1.0,1.0,0.026666666666666672,0,NOTHING,3,2
2846,74912367,44,749168,Absent,0,0,0,0,0,0,0,0,0,0,0,0,0,0,0,0,0,0,0,0,0,0,0,0,0,0,0,0,0,0,0,0,0,0,0,0,0,0,0,0,0,0,0,0,0,0,0,0,0,0,0,0,0,0,0,0,0,0,0,0,0,0,0,0,0,32,0,Unicorn_Absent,-1,-1.0,2,823,1.0,0.0,1.0,32.0,0.36,0.5,NOTHING,1.0,1.0,0.026666666666666672,0,NOTHING,3,2
2850,74912367,46,749168,Absent,32,1,1,1,1,1,1,1,1,1,1,1,1,1,1,1,1,1,1,1,1,1,1,1,1,1,1,1,1,1,1,1,1,0,0,0,0,0,0,0,0,0,0,0,0,0,0,0,0,0,0,0,0,0,0,0,0,0,0,0,0,0,0,0,0,16,16,Unicorn_Absent,-1,-1.0,4,775,0.9,32.0,0.0,48.0,0.36,0.5,UP,1.0,1.0,0.36,0,NOTHING,3,2
2858,74912367,50,749168,Absent,32,1,1,1,1,1,1,1,1,1,1,1,1,1,1,1,1,1,1,1,1,1,1,1,1,1,1,1,1,1,1,1,1,0,0,0,0,0,0,0,0,0,0,0,0,0,0,0,0,0,0,0,0,0,0,0,0,0,0,0,0,0,0,0,0,0,32,Unicorn_Absent,-1,-1.0,4,665,0.8,32.0,1.0,32.0,0.028985507246376774,0.0,UP,0.9,0.0,0.36,16,UP,3,2
2860,74912367,51,749168,Absent,36,0,0,0,0,0,0,0,0,0,1,1,1,1,1,1,0,0,1,1,1,1,1,1,0,0,1,1,1,1,1,1,0,0,1,1,1,1,1,1,0,0,1,1,1,1,1,1,0,0,1,1,1,1,1,1,0,0,0,0,0,0,0,0,0,14,18,Unicorn_Absent,-1,-1.0,7,679,0.8875,36.0,0.36,50.0,0.028985507246376774,0.5,IN,0.8,1.0,0.028985507246376774,32,UP,3,2
2868,74912367,55,749168,Absent,32,1,1,1,1,1,1,1,1,1,1,1,1,1,1,1,1,1,1,1,1,1,1,1,1,1,1,1,1,1,1,1,1,0,0,0,0,0,0,0,0,0,0,0,0,0,0,0,0,0,0,0,0,0,0,0,0,0,0,0,0,0,0,0,0,16,16,Unicorn_Absent,-1,-1.0,4,780,0.9,32.0,0.36,48.0,0.0,0.5,UP,0.8875,0.36,0.028985507246376774,18,IN,3,2
2872,74912367,57,749168,Absent,32,1,1,1,1,0,0,0,0,1,1,1,1,0,0,0,0,1,1,1,1,0,0,0,0,1,1,1,1,0,0,0,0,1,1,1,1,0,0,0,0,1,1,1,1,0,0,0,0,1,1,1,1,0,0,0,0,1,1,1,1,0,0,0,0,18,14,Unicorn_Absent,-1,-1.0,5,830,0.9125,32.0,0.3333333333333333,46.0,0.0,0.5,LEFT,0.9,0.36,0.0,16,UP,3,2
2874,74912367,58,749168,Absent,0,0,0,0,0,0,0,0,0,0,0,0,0,0,0,0,0,0,0,0,0,0,0,0,0,0,0,0,0,0,0,0,0,0,0,0,0,0,0,0,0,0,0,0,0,0,0,0,0,0,0,0,0,0,0,0,0,0,0,0,0,0,0,0,0,32,0,Unicorn_Absent,-1,-1.0,2,862,1.0,0.0,0.0,36.0,1.0,0.5625,NOTHING,0.9125,0.3333333333333333,0.0,14,LEFT,3,2
2876,74912367,59,749168,Absent,32,0,0,0,0,1,1,1,1,0,0,0,0,1,1,1,1,0,0,0,0,1,1,1,1,0,0,0,0,1,1,1,1,0,0,0,0,1,1,1,1,0,0,0,0,1,1,1,1,0,0,0,0,1,1,1,1,0,0,0,0,1,1,1,1,14,18,Unicorn_Absent,-1,-1.0,6,876,0.8875,32.0,0.0,50.0,1.0,0.5,RIGHT,1.0,0.0,1.0,0,NOTHING,3,2
1200,75048910,1,750454,Absent,27,0,0,0,0,0,1,0,0,1,0,0,1,0,0,0,0,1,0,0,1,0,0,0,1,0,0,0,1,1,0,1,0,1,0,1,0,1,0,1,0,0,1,1,0,0,1,0,0,0,0,1,0,0,0,1,1,1,0,0,0,0,0,1,0,25,7,Unicorn_Absent,-1,-1.0,0,25,0.95625,21.0,1.0,38.0,0.0,0.484375,RS,,,,,,3,2
1202,75048910,2,750454,Absent,32,0,0,0,0,0,0,0,0,0,0,0,0,0,0,0,0,0,0,0,0,0,0,0,0,0,0,0,0,0,0,0,0,1,1,1,1,1,1,1,1,1,1,1,1,1,1,1,1,1,1,1,1,1,1,1,1,1,1,1,1,1,1,1,1,14,18,Unicorn_Absent,-1,-1.0,3,39,0.8875,32.0,0.2926829268292683,50.0,0.0,0.5,DOWN,0.95625,1.0,0.0,7,RS,3,2
1204,75048910,3,750454,Absent,36,0,0,0,0,0,0,0,0,0,1,1,1,1,1,1,0,0,1,1,1,1,1,1,0,0,1,1,1,1,1,1,0,0,1,1,1,1,1,1,0,0,1,1,1,1,1,1,0,0,1,1,1,1,1,1,0,0,0,0,0,0,0,0,0,-4,36,Unicorn_Absent,-1,-1.0,7,35,0.775,36.0,0.36,36.0,0.042682926829268275,0.0,IN,0.8875,0.2926829268292683,0.0,18,DOWN,3,2
1206,75048910,4,750454,Absent,28,1,1,1,1,1,1,1,1,1,0,0,0,0,0,0,1,1,0,0,0,0,0,0,1,1,0,0,0,0,0,0,1,1,0,0,0,0,0,0,1,1,0,0,0,0,0,0,1,1,0,0,0,0,0,0,1,1,1,1,1,1,1,1,1,4,28,Unicorn_Absent,-1,-1.0,8,39,0.825,28.0,0.0,64.0,0.042682926829268275,0.5625,OUT,0.775,0.36,0.042682926829268275,36,IN,3,2
1208,75048910,5,750454,Absent,28,1,1,1,1,1,1,1,1,1,0,0,0,0,0,0,1,1,0,0,0,0,0,0,1,1,0,0,0,0,0,0,1,1,0,0,0,0,0,0,1,1,0,0,0,0,0,0,1,1,0,0,0,0,0,0,1,1,1,1,1,1,1,1,1,18,14,Unicorn_Absent,-1,-1.0,8,57,0.9125,28.0,1.0,46.0,0.64,0.5,OUT,0.825,0.0,0.042682926829268275,28,OUT,3,2
1212,75048910,7,750454,Absent,28,1,1,1,1,1,1,1,1,1,0,0,0,0,0,0,1,1,0,0,0,0,0,0,1,1,0,0,0,0,0,0,1,1,0,0,0,0,0,0,1,1,0,0,0,0,0,0,1,1,0,0,0,0,0,0,1,1,1,1,1,1,1,1,1,32,0,Unicorn_Absent,-1,-1.0,8,121,1.0,28.0,1.0,28.0,0.64,0.4375,OUT,0.9125,1.0,0.64,14,OUT,3,2
1214,75048910,8,750454,Absent,0,0,0,0,0,0,0,0,0,0,0,0,0,0,0,0,0,0,0,0,0,0,0,0,0,0,0,0,0,0,0,0,0,0,0,0,0,0,0,0,0,0,0,0,0,0,0,0,0,0,0,0,0,0,0,0,0,0,0,0,0,0,0,0,0,32,0,Unicorn_Absent,-1,-1.0,2,153,1.0,0.0,0.0,0.0,0.5625,0.0,NOTHING,1.0,1.0,0.64,0,OUT,3,2
1222,75048910,12,750454,Absent,64,1,1,1,1,1,1,1,1,1,1,1,1,1,1,1,1,1,1,1,1,1,1,1,1,1,1,1,1,1,1,1,1,1,1,1,1,1,1,1,1,1,1,1,1,1,1,1,1,1,1,1,1,1,1,1,1,1,1,1,1,1,1,1,1,4,28,Unicorn_Absent,-1,-1.0,1,51,0.825,64.0,0.0,64.0,0.5625,0.5625,ALL,1.0,0.0,0.5625,0,NOTHING,3,2
1226,75048910,14,750454,Absent,32,0,0,0,0,1,1,1,1,0,0,0,0,1,1,1,1,0,0,0,0,1,1,1,1,0,0,0,0,1,1,1,1,0,0,0,0,1,1,1,1,0,0,0,0,1,1,1,1,0,0,0,0,1,1,1,1,0,0,0,0,1,1,1,1,14,18,Unicorn_Absent,-1,-1.0,6,93,0.8875,32.0,0.5,50.0,0.5,0.5,RIGHT,0.825,0.0,0.5625,28,ALL,3,2
1230,75048910,16,750454,Absent,32,0,0,0,0,0,0,0,0,0,0,0,0,0,0,0,0,0,0,0,0,0,0,0,0,0,0,0,0,0,0,0,0,1,1,1,1,1,1,1,1,1,1,1,1,1,1,1,1,1,1,1,1,1,1,1,1,1,1,1,1,1,1,1,1,16,16,Unicorn_Absent,-1,-1.0,3,29,0.9,32.0,0.3333333333333333,48.0,0.5,0.5,DOWN,0.8875,0.5,0.5,18,RIGHT,3,2
1232,75048910,17,750454,Absent,0,0,0,0,0,0,0,0,0,0,0,0,0,0,0,0,0,0,0,0,0,0,0,0,0,0,0,0,0,0,0,0,0,0,0,0,0,0,0,0,0,0,0,0,0,0,0,0,0,0,0,0,0,0,0,0,0,0,0,0,0,0,0,0,0,32,0,Unicorn_Absent,-1,-1.0,2,61,1.0,0.0,0.0,32.0,1.0,0.5,NOTHING,0.9,0.3333333333333333,0.5,16,DOWN,3,2
1238,75048910,20,750454,Absent,32,1,1,1,1,0,0,0,0,1,1,1,1,0,0,0,0,1,1,1,1,0,0,0,0,1,1,1,1,0,0,0,0,1,1,1,1,0,0,0,0,1,1,1,1,0,0,0,0,1,1,1,1,0,0,0,0,1,1,1,1,0,0,0,0,0,32,Unicorn_Absent,-1,-1.0,5,115,0.8,32.0,0.0,32.0,1.0,0.0,LEFT,1.0,0.0,1.0,0,NOTHING,3,2
1242,75048910,22,750454,Absent,32,0,0,0,0,0,0,0,0,0,0,0,0,0,0,0,0,0,0,0,0,0,0,0,0,0,0,0,0,0,0,0,0,1,1,1,1,1,1,1,1,1,1,1,1,1,1,1,1,1,1,1,1,1,1,1,1,1,1,1,1,1,1,1,1,32,0,Unicorn_Absent,-1,-1.0,3,173,1.0,32.0,0.3333333333333333,64.0,1.0,1.0,DOWN,0.8,0.0,1.0,32,LEFT,3,2
1244,75048910,23,750454,Absent,32,0,0,0,0,0,0,0,0,0,0,0,0,0,0,0,0,0,0,0,0,0,0,0,0,0,0,0,0,0,0,0,0,1,1,1,1,1,1,1,1,1,1,1,1,1,1,1,1,1,1,1,1,1,1,1,1,1,1,1,1,1,1,1,1,32,0,Unicorn_Absent,-1,-1.0,3,205,1.0,32.0,1.0,64.0,1.0,1.0,DOWN,1.0,0.3333333333333333,1.0,0,DOWN,3,2
1250,75048910,26,750454,Absent,32,1,1,1,1,1,1,1,1,1,1,1,1,1,1,1,1,1,1,1,1,1,1,1,1,1,1,1,1,1,1,1,1,0,0,0,0,0,0,0,0,0,0,0,0,0,0,0,0,0,0,0,0,0,0,0,0,0,0,0,0,0,0,0,0,16,16,Unicorn_Absent,-1,-1.0,4,285,0.9,32.0,0.0,48.0,0.0,0.5,UP,1.0,1.0,1.0,0,DOWN,3,2
1252,75048910,27,750454,Absent,0,0,0,0,0,0,0,0,0,0,0,0,0,0,0,0,0,0,0,0,0,0,0,0,0,0,0,0,0,0,0,0,0,0,0,0,0,0,0,0,0,0,0,0,0,0,0,0,0,0,0,0,0,0,0,0,0,0,0,0,0,0,0,0,0,32,0,Unicorn_Absent,-1,-1.0,2,317,1.0,0.0,0.0,32.0,0.0,0.5,NOTHING,0.9,0.0,0.0,16,UP,3,2
1258,75048910,30,750454,Absent,0,0,0,0,0,0,0,0,0,0,0,0,0,0,0,0,0,0,0,0,0,0,0,0,0,0,0,0,0,0,0,0,0,0,0,0,0,0,0,0,0,0,0,0,0,0,0,0,0,0,0,0,0,0,0,0,0,0,0,0,0,0,0,0,0,32,0,Unicorn_Absent,-1,-1.0,2,413,1.0,0.0,1.0,32.0,0.5,0.5,NOTHING,1.0,0.0,0.0,0,NOTHING,3,2
1260,75048910,31,750454,Absent,0,0,0,0,0,0,0,0,0,0,0,0,0,0,0,0,0,0,0,0,0,0,0,0,0,0,0,0,0,0,0,0,0,0,0,0,0,0,0,0,0,0,0,0,0,0,0,0,0,0,0,0,0,0,0,0,0,0,0,0,0,0,0,0,0,32,0,Unicorn_Absent,-1,-1.0,2,445,1.0,0.0,1.0,32.0,0.5,0.5,NOTHING,1.0,1.0,0.5,0,NOTHING,3,2
1262,75048910,32,750454,Absent,0,0,0,0,0,0,0,0,0,0,0,0,0,0,0,0,0,0,0,0,0,0,0,0,0,0,0,0,0,0,0,0,0,0,0,0,0,0,0,0,0,0,0,0,0,0,0,0,0,0,0,0,0,0,0,0,0,0,0,0,0,0,0,0,0,32,0,Unicorn_Absent,-1,-1.0,2,477,1.0,0.0,1.0,28.0,0.026666666666666672,0.4375,NOTHING,1.0,1.0,0.5,0,NOTHING,3,2
1264,75048910,33,750454,Absent,0,0,0,0,0,0,0,0,0,0,0,0,0,0,0,0,0,0,0,0,0,0,0,0,0,0,0,0,0,0,0,0,0,0,0,0,0,0,0,0,0,0,0,0,0,0,0,0,0,0,0,0,0,0,0,0,0,0,0,0,0,0,0,0,0,32,0,Unicorn_Absent,-1,-1.0,2,509,1.0,0.0,1.0,28.0,0.026666666666666672,0.4375,NOTHING,1.0,1.0,0.026666666666666672,0,NOTHING,3,2
1266,75048910,34,750454,Absent,0,0,0,0,0,0,0,0,0,0,0,0,0,0,0,0,0,0,0,0,0,0,0,0,0,0,0,0,0,0,0,0,0,0,0,0,0,0,0,0,0,0,0,0,0,0,0,0,0,0,0,0,0,0,0,0,0,0,0,0,0,0,0,0,0,32,0,Unicorn_Absent,-1,-1.0,2,541,1.0,0.0,1.0,32.0,0.0,0.5,NOTHING,1.0,1.0,0.026666666666666672,0,NOTHING,3,2
1272,75048910,37,750454,Absent,32,1,1,1,1,0,0,0,0,1,1,1,1,0,0,0,0,1,1,1,1,0,0,0,0,1,1,1,1,0,0,0,0,1,1,1,1,0,0,0,0,1,1,1,1,0,0,0,0,1,1,1,1,0,0,0,0,1,1,1,1,0,0,0,0,16,16,Unicorn_Absent,-1,-1.0,5,397,0.9,32.0,0.0,48.0,0.0,0.5,LEFT,1.0,1.0,0.0,0,NOTHING,3,2
1282,75048910,42,750454,Absent,32,1,1,1,1,0,0,0,0,1,1,1,1,0,0,0,0,1,1,1,1,0,0,0,0,1,1,1,1,0,0,0,0,1,1,1,1,0,0,0,0,1,1,1,1,0,0,0,0,1,1,1,1,0,0,0,0,1,1,1,1,0,0,0,0,32,0,Unicorn_Absent,-1,-1.0,5,545,1.0,32.0,1.0,32.0,1.0,0.5,LEFT,0.9,0.0,0.0,16,LEFT,3,2
1292,75048910,47,750454,Absent,28,1,1,1,1,1,1,1,1,1,0,0,0,0,0,0,1,1,0,0,0,0,0,0,1,1,0,0,0,0,0,0,1,1,0,0,0,0,0,0,1,1,0,0,0,0,0,0,1,1,0,0,0,0,0,0,1,1,1,1,1,1,1,1,1,32,0,Unicorn_Absent,-1,-1.0,8,557,1.0,28.0,0.30434782608695654,28.0,1.0,0.4375,OUT,1.0,1.0,1.0,0,LEFT,3,2
1306,75048910,54,750454,Absent,36,0,0,0,0,0,0,0,0,0,1,1,1,1,1,1,0,0,1,1,1,1,1,1,0,0,1,1,1,1,1,1,0,0,1,1,1,1,1,1,0,0,1,1,1,1,1,1,0,0,1,1,1,1,1,1,0,0,0,0,0,0,0,0,0,32,0,Unicorn_Absent,-1,-1.0,7,461,1.0,36.0,0.0,36.0,0.0,0.5625,IN,1.0,0.30434782608695654,1.0,0,OUT,3,2
1308,75048910,55,750454,Absent,36,0,0,0,0,0,0,0,0,0,1,1,1,1,1,1,0,0,1,1,1,1,1,1,0,0,1,1,1,1,1,1,0,0,1,1,1,1,1,1,0,0,1,1,1,1,1,1,0,0,1,1,1,1,1,1,0,0,0,0,0,0,0,0,0,32,0,Unicorn_Absent,-1,-1.0,7,493,1.0,36.0,1.0,36.0,0.0,0.5625,IN,1.0,0.0,0.0,0,IN,3,2
1310,75048910,56,750454,Absent,36,0,0,0,0,0,0,0,0,0,1,1,1,1,1,1,0,0,1,1,1,1,1,1,0,0,1,1,1,1,1,1,0,0,1,1,1,1,1,1,0,0,1,1,1,1,1,1,0,0,1,1,1,1,1,1,0,0,0,0,0,0,0,0,0,32,0,Unicorn_Absent,-1,-1.0,7,525,1.0,36.0,1.0,36.0,0.0,0.5625,IN,1.0,1.0,0.0,0,IN,3,2
1312,75048910,57,750454,Absent,36,0,0,0,0,0,0,0,0,0,1,1,1,1,1,1,0,0,1,1,1,1,1,1,0,0,1,1,1,1,1,1,0,0,1,1,1,1,1,1,0,0,1,1,1,1,1,1,0,0,1,1,1,1,1,1,0,0,0,0,0,0,0,0,0,32,0,Unicorn_Absent,-1,-1.0,7,557,1.0,36.0,1.0,36.0,0.0,0.5625,IN,1.0,1.0,0.0,0,IN,3,2
1316,75048910,59,750454,Absent,36,0,0,0,0,0,0,0,0,0,1,1,1,1,1,1,0,0,1,1,1,1,1,1,0,0,1,1,1,1,1,1,0,0,1,1,1,1,1,1,0,0,1,1,1,1,1,1,0,0,1,1,1,1,1,1,0,0,0,0,0,0,0,0,0,32,0,Unicorn_Absent,-1,-1.0,7,621,1.0,36.0,1.0,36.0,0.3333333333333333,0.5625,IN,1.0,1.0,0.0,0,IN,3,2
1318,75048910,60,750454,Absent,36,0,0,0,0,0,0,0,0,0,1,1,1,1,1,1,0,0,1,1,1,1,1,1,0,0,1,1,1,1,1,1,0,0,1,1,1,1,1,1,0,0,1,1,1,1,1,1,0,0,1,1,1,1,1,1,0,0,0,0,0,0,0,0,0,32,0,Unicorn_Absent,-1,-1.0,7,653,1.0,36.0,1.0,36.0,0.3333333333333333,0.5625,IN,1.0,1.0,0.3333333333333333,0,IN,3,2
1201,75048910,1,891030,Absent,27,0,0,1,0,0,0,1,1,0,1,1,0,0,0,0,1,0,1,0,1,0,1,0,1,0,1,1,0,0,1,1,0,0,0,0,1,0,0,0,1,0,0,0,0,0,0,0,0,0,0,0,1,0,0,1,1,1,0,0,1,1,0,1,1,25,7,Unicorn_Absent,-1,-1.0,9,25,0.95625,24.0,1.0,38.0,0.3333333333333333,0.484375,,,,,,,3,2
1203,75048910,2,891030,Absent,36,0,0,0,0,0,0,0,0,0,1,1,1,1,1,1,0,0,1,1,1,1,1,1,0,0,1,1,1,1,1,1,0,0,1,1,1,1,1,1,0,0,1,1,1,1,1,1,0,0,1,1,1,1,1,1,0,0,0,0,0,0,0,0,0,14,18,Unicorn_Absent,-1,-1.0,7,39,0.8875,36.0,0.25,50.0,0.3333333333333333,0.5,IN,0.95625,1.0,0.3333333333333333,7,,3,2
1205,75048910,3,891030,Absent,36,0,0,0,0,0,0,0,0,0,1,1,1,1,1,1,0,0,1,1,1,1,1,1,0,0,1,1,1,1,1,1,0,0,1,1,1,1,1,1,0,0,1,1,1,1,1,1,0,0,1,1,1,1,1,1,0,0,0,0,0,0,0,0,0,-4,36,Unicorn_Absent,-1,-1.0,7,35,0.775,36.0,1.0,36.0,0.0,0.0,IN,0.8875,0.25,0.3333333333333333,18,IN,3,2
1207,75048910,4,891030,Absent,64,1,1,1,1,1,1,1,1,1,1,1,1,1,1,1,1,1,1,1,1,1,1,1,1,1,1,1,1,1,1,1,1,1,1,1,1,1,1,1,1,1,1,1,1,1,1,1,1,1,1,1,1,1,1,1,1,1,1,1,1,1,1,1,1,4,28,Unicorn_Absent,-1,-1.0,1,39,0.825,64.0,0.5625,64.0,0.0,0.5625,ALL,0.775,1.0,0.0,36,IN,3,2
1209,75048910,5,891030,Absent,32,0,0,0,0,1,1,1,1,0,0,0,0,1,1,1,1,0,0,0,0,1,1,1,1,0,0,0,0,1,1,1,1,0,0,0,0,1,1,1,1,0,0,0,0,1,1,1,1,0,0,0,0,1,1,1,1,0,0,0,0,1,1,1,1,18,14,Unicorn_Absent,-1,-1.0,6,57,0.9125,32.0,0.5,46.0,0.0,0.5,RIGHT,0.825,0.5625,0.0,28,ALL,3,2
1213,75048910,7,891030,Absent,0,0,0,0,0,0,0,0,0,0,0,0,0,0,0,0,0,0,0,0,0,0,0,0,0,0,0,0,0,0,0,0,0,0,0,0,0,0,0,0,0,0,0,0,0,0,0,0,0,0,0,0,0,0,0,0,0,0,0,0,0,0,0,0,0,32,0,Unicorn_Absent,-1,-1.0,2,121,1.0,0.0,0.0,28.0,0.0,0.4375,NOTHING,0.9125,0.5,0.0,14,RIGHT,3,2
1215,75048910,8,891030,Absent,0,0,0,0,0,0,0,0,0,0,0,0,0,0,0,0,0,0,0,0,0,0,0,0,0,0,0,0,0,0,0,0,0,0,0,0,0,0,0,0,0,0,0,0,0,0,0,0,0,0,0,0,0,0,0,0,0,0,0,0,0,0,0,0,0,32,0,Unicorn_Absent,-1,-1.0,2,153,1.0,0.0,1.0,0.0,0.6956521739130435,0.0,NOTHING,1.0,0.0,0.0,0,NOTHING,3,2
1223,75048910,12,891030,Absent,28,1,1,1,1,1,1,1,1,1,0,0,0,0,0,0,1,1,0,0,0,0,0,0,1,1,0,0,0,0,0,0,1,1,0,0,0,0,0,0,1,1,0,0,0,0,0,0,1,1,0,0,0,0,0,0,1,1,1,1,1,1,1,1,1,4,28,Unicorn_Absent,-1,-1.0,8,51,0.825,28.0,0.0,64.0,0.6956521739130435,0.5625,OUT,1.0,1.0,0.6956521739130435,0,NOTHING,3,2
1227,75048910,14,891030,Absent,36,0,0,0,0,0,0,0,0,0,1,1,1,1,1,1,0,0,1,1,1,1,1,1,0,0,1,1,1,1,1,1,0,0,1,1,1,1,1,1,0,0,1,1,1,1,1,1,0,0,1,1,1,1,1,1,0,0,0,0,0,0,0,0,0,14,18,Unicorn_Absent,-1,-1.0,7,93,0.8875,36.0,0.0,50.0,0.0,0.5,IN,0.825,0.0,0.6956521739130435,28,OUT,3,2
1231,75048910,16,891030,Absent,32,0,0,0,0,1,1,1,1,0,0,0,0,1,1,1,1,0,0,0,0,1,1,1,1,0,0,0,0,1,1,1,1,0,0,0,0,1,1,1,1,0,0,0,0,1,1,1,1,0,0,0,0,1,1,1,1,0,0,0,0,1,1,1,1,16,16,Unicorn_Absent,-1,-1.0,6,29,0.9,32.0,0.36,48.0,0.0,0.5,RIGHT,0.8875,0.0,0.0,18,IN,3,2
1233,75048910,17,891030,Absent,32,1,1,1,1,0,0,0,0,1,1,1,1,0,0,0,0,1,1,1,1,0,0,0,0,1,1,1,1,0,0,0,0,1,1,1,1,0,0,0,0,1,1,1,1,0,0,0,0,1,1,1,1,0,0,0,0,1,1,1,1,0,0,0,0,32,0,Unicorn_Absent,-1,-1.0,5,61,1.0,32.0,0.0,32.0,0.6956521739130435,0.5,LEFT,0.9,0.36,0.0,16,RIGHT,3,2
1239,75048910,20,891030,Absent,32,1,1,1,1,0,0,0,0,1,1,1,1,0,0,0,0,1,1,1,1,0,0,0,0,1,1,1,1,0,0,0,0,1,1,1,1,0,0,0,0,1,1,1,1,0,0,0,0,1,1,1,1,0,0,0,0,1,1,1,1,0,0,0,0,0,32,Unicorn_Absent,-1,-1.0,5,115,0.8,32.0,1.0,32.0,0.6956521739130435,0.0,LEFT,1.0,0.0,0.6956521739130435,0,LEFT,3,2
1243,75048910,22,891030,Absent,32,1,1,1,1,1,1,1,1,1,1,1,1,1,1,1,1,1,1,1,1,1,1,1,1,1,1,1,1,1,1,1,1,0,0,0,0,0,0,0,0,0,0,0,0,0,0,0,0,0,0,0,0,0,0,0,0,0,0,0,0,0,0,0,0,32,0,Unicorn_Absent,-1,-1.0,4,173,1.0,32.0,0.3333333333333333,64.0,0.0,1.0,UP,0.8,1.0,0.6956521739130435,32,LEFT,3,2
1245,75048910,23,891030,Absent,32,1,1,1,1,1,1,1,1,1,1,1,1,1,1,1,1,1,1,1,1,1,1,1,1,1,1,1,1,1,1,1,1,0,0,0,0,0,0,0,0,0,0,0,0,0,0,0,0,0,0,0,0,0,0,0,0,0,0,0,0,0,0,0,0,32,0,Unicorn_Absent,-1,-1.0,4,205,1.0,32.0,1.0,64.0,0.0,1.0,UP,1.0,0.3333333333333333,0.0,0,UP,3,2
1251,75048910,26,891030,Absent,32,0,0,0,0,1,1,1,1,0,0,0,0,1,1,1,1,0,0,0,0,1,1,1,1,0,0,0,0,1,1,1,1,0,0,0,0,1,1,1,1,0,0,0,0,1,1,1,1,0,0,0,0,1,1,1,1,0,0,0,0,1,1,1,1,16,16,Unicorn_Absent,-1,-1.0,6,285,0.9,32.0,0.3333333333333333,48.0,1.0,0.5,RIGHT,1.0,1.0,0.0,0,UP,3,2
1253,75048910,27,891030,Absent,32,0,0,0,0,0,0,0,0,0,0,0,0,0,0,0,0,0,0,0,0,0,0,0,0,0,0,0,0,0,0,0,0,1,1,1,1,1,1,1,1,1,1,1,1,1,1,1,1,1,1,1,1,1,1,1,1,1,1,1,1,1,1,1,1,32,0,Unicorn_Absent,-1,-1.0,3,317,1.0,32.0,0.3333333333333333,32.0,1.0,0.5,DOWN,0.9,0.3333333333333333,1.0,16,RIGHT,3,2
1259,75048910,30,891030,Absent,32,0,0,0,0,0,0,0,0,0,0,0,0,0,0,0,0,0,0,0,0,0,0,0,0,0,0,0,0,0,0,0,0,1,1,1,1,1,1,1,1,1,1,1,1,1,1,1,1,1,1,1,1,1,1,1,1,1,1,1,1,1,1,1,1,32,0,Unicorn_Absent,-1,-1.0,3,413,1.0,32.0,1.0,32.0,0.6956521739130435,0.5,DOWN,1.0,0.3333333333333333,1.0,0,DOWN,3,2
1261,75048910,31,891030,Absent,32,0,0,0,0,0,0,0,0,0,0,0,0,0,0,0,0,0,0,0,0,0,0,0,0,0,0,0,0,0,0,0,0,1,1,1,1,1,1,1,1,1,1,1,1,1,1,1,1,1,1,1,1,1,1,1,1,1,1,1,1,1,1,1,1,32,0,Unicorn_Absent,-1,-1.0,3,445,1.0,32.0,1.0,32.0,0.6956521739130435,0.5,DOWN,1.0,1.0,0.6956521739130435,0,DOWN,3,2
1263,75048910,32,891030,Absent,28,1,1,1,1,1,1,1,1,1,0,0,0,0,0,0,1,1,0,0,0,0,0,0,1,1,0,0,0,0,0,0,1,1,0,0,0,0,0,0,1,1,0,0,0,0,0,0,1,1,0,0,0,0,0,0,1,1,1,1,1,1,1,1,1,32,0,Unicorn_Absent,-1,-1.0,8,477,1.0,28.0,0.30434782608695654,28.0,1.0,0.4375,OUT,1.0,1.0,0.6956521739130435,0,DOWN,3,2
1265,75048910,33,891030,Absent,28,1,1,1,1,1,1,1,1,1,0,0,0,0,0,0,1,1,0,0,0,0,0,0,1,1,0,0,0,0,0,0,1,1,0,0,0,0,0,0,1,1,0,0,0,0,0,0,1,1,0,0,0,0,0,0,1,1,1,1,1,1,1,1,1,32,0,Unicorn_Absent,-1,-1.0,8,509,1.0,28.0,1.0,28.0,1.0,0.4375,OUT,1.0,0.30434782608695654,1.0,0,OUT,3,2
1267,75048910,34,891030,Absent,32,0,0,0,0,0,0,0,0,0,0,0,0,0,0,0,0,0,0,0,0,0,0,0,0,0,0,0,0,0,0,0,0,1,1,1,1,1,1,1,1,1,1,1,1,1,1,1,1,1,1,1,1,1,1,1,1,1,1,1,1,1,1,1,1,32,0,Unicorn_Absent,-1,-1.0,3,541,1.0,32.0,0.30434782608695654,32.0,0.0,0.5,DOWN,1.0,1.0,1.0,0,OUT,3,2
1273,75048910,37,891030,Absent,32,1,1,1,1,1,1,1,1,1,1,1,1,1,1,1,1,1,1,1,1,1,1,1,1,1,1,1,1,1,1,1,1,0,0,0,0,0,0,0,0,0,0,0,0,0,0,0,0,0,0,0,0,0,0,0,0,0,0,0,0,0,0,0,0,16,16,Unicorn_Absent,-1,-1.0,4,397,0.9,32.0,0.0,48.0,0.0,0.5,UP,1.0,0.30434782608695654,0.0,0,DOWN,3,2
1283,75048910,42,891030,Absent,0,0,0,0,0,0,0,0,0,0,0,0,0,0,0,0,0,0,0,0,0,0,0,0,0,0,0,0,0,0,0,0,0,0,0,0,0,0,0,0,0,0,0,0,0,0,0,0,0,0,0,0,0,0,0,0,0,0,0,0,0,0,0,0,0,32,0,Unicorn_Absent,-1,-1.0,2,545,1.0,0.0,0.0,32.0,0.0,0.5,NOTHING,0.9,0.0,0.0,16,UP,3,2
1293,75048910,47,891030,Absent,0,0,0,0,0,0,0,0,0,0,0,0,0,0,0,0,0,0,0,0,0,0,0,0,0,0,0,0,0,0,0,0,0,0,0,0,0,0,0,0,0,0,0,0,0,0,0,0,0,0,0,0,0,0,0,0,0,0,0,0,0,0,0,0,0,32,0,Unicorn_Absent,-1,-1.0,2,557,1.0,0.0,1.0,28.0,0.0,0.4375,NOTHING,1.0,0.0,0.0,0,NOTHING,3,2
1307,75048910,54,891030,Absent,0,0,0,0,0,0,0,0,0,0,0,0,0,0,0,0,0,0,0,0,0,0,0,0,0,0,0,0,0,0,0,0,0,0,0,0,0,0,0,0,0,0,0,0,0,0,0,0,0,0,0,0,0,0,0,0,0,0,0,0,0,0,0,0,0,32,0,Unicorn_Absent,-1,-1.0,2,461,1.0,0.0,1.0,36.0,0.0,0.5625,NOTHING,1.0,1.0,0.0,0,NOTHING,3,2
1309,75048910,55,891030,Absent,0,0,0,0,0,0,0,0,0,0,0,0,0,0,0,0,0,0,0,0,0,0,0,0,0,0,0,0,0,0,0,0,0,0,0,0,0,0,0,0,0,0,0,0,0,0,0,0,0,0,0,0,0,0,0,0,0,0,0,0,0,0,0,0,0,32,0,Unicorn_Absent,-1,-1.0,2,493,1.0,0.0,1.0,36.0,0.0,0.5625,NOTHING,1.0,1.0,0.0,0,NOTHING,3,2
1311,75048910,56,891030,Absent,0,0,0,0,0,0,0,0,0,0,0,0,0,0,0,0,0,0,0,0,0,0,0,0,0,0,0,0,0,0,0,0,0,0,0,0,0,0,0,0,0,0,0,0,0,0,0,0,0,0,0,0,0,0,0,0,0,0,0,0,0,0,0,0,0,32,0,Unicorn_Absent,-1,-1.0,2,525,1.0,0.0,1.0,36.0,0.0,0.5625,NOTHING,1.0,1.0,0.0,0,NOTHING,3,2
1313,75048910,57,891030,Absent,0,0,0,0,0,0,0,0,0,0,0,0,0,0,0,0,0,0,0,0,0,0,0,0,0,0,0,0,0,0,0,0,0,0,0,0,0,0,0,0,0,0,0,0,0,0,0,0,0,0,0,0,0,0,0,0,0,0,0,0,0,0,0,0,0,32,0,Unicorn_Absent,-1,-1.0,2,557,1.0,0.0,1.0,36.0,0.0,0.5625,NOTHING,1.0,1.0,0.0,0,NOTHING,3,2
1317,75048910,59,891030,Absent,0,0,0,0,0,0,0,0,0,0,0,0,0,0,0,0,0,0,0,0,0,0,0,0,0,0,0,0,0,0,0,0,0,0,0,0,0,0,0,0,0,0,0,0,0,0,0,0,0,0,0,0,0,0,0,0,0,0,0,0,0,0,0,0,0,32,0,Unicorn_Absent,-1,-1.0,2,621,1.0,0.0,1.0,36.0,0.0,0.5625,NOTHING,1.0,1.0,0.0,0,NOTHING,3,2
1319,75048910,60,891030,Absent,0,0,0,0,0,0,0,0,0,0,0,0,0,0,0,0,0,0,0,0,0,0,0,0,0,0,0,0,0,0,0,0,0,0,0,0,0,0,0,0,0,0,0,0,0,0,0,0,0,0,0,0,0,0,0,0,0,0,0,0,0,0,0,0,0,32,0,Unicorn_Absent,-1,-1.0,2,653,1.0,0.0,1.0,36.0,0.0,0.5625,NOTHING,1.0,1.0,0.0,0,NOTHING,3,2
1683,81174300,2,430038,Absent,0,0,0,0,0,0,0,0,0,0,0,0,0,0,0,0,0,0,0,0,0,0,0,0,0,0,0,0,0,0,0,0,0,0,0,0,0,0,0,0,0,0,0,0,0,0,0,0,0,0,0,0,0,0,0,0,0,0,0,0,0,0,0,0,0,32,0,Unicorn_Absent,-1,-1.0,9,64,1.0,0.0,1.0,39.0,0.0,0.609375,,,,,,,3,2
1685,81174300,3,430038,Absent,32,1,1,1,1,0,0,0,0,1,1,1,1,0,0,0,0,1,1,1,1,0,0,0,0,1,1,1,1,0,0,0,0,1,1,1,1,0,0,0,0,1,1,1,1,0,0,0,0,1,1,1,1,0,0,0,0,1,1,1,1,0,0,0,0,14,18,Unicorn_Absent,-1,-1.0,5,78,0.8875,32.0,0.0,50.0,0.0,0.5,LEFT,1.0,1.0,0.0,0,,3,2
1689,81174300,5,430038,Absent,0,0,0,0,0,0,0,0,0,0,0,0,0,0,0,0,0,0,0,0,0,0,0,0,0,0,0,0,0,0,0,0,0,0,0,0,0,0,0,0,0,0,0,0,0,0,0,0,0,0,0,0,0,0,0,0,0,0,0,0,0,0,0,0,0,32,0,Unicorn_Absent,-1,-1.0,2,133,1.0,0.0,0.0,32.0,0.3157894736842105,0.5,NOTHING,0.8875,0.0,0.0,18,LEFT,3,2
1691,81174300,6,430038,Absent,32,0,0,0,0,1,1,1,1,0,0,0,0,1,1,1,1,0,0,0,0,1,1,1,1,0,0,0,0,1,1,1,1,0,0,0,0,1,1,1,1,0,0,0,0,1,1,1,1,0,0,0,0,1,1,1,1,0,0,0,0,1,1,1,1,16,16,Unicorn_Absent,-1,-1.0,6,149,0.9,32.0,0.0,48.0,0.3157894736842105,0.5,RIGHT,1.0,0.0,0.3157894736842105,0,NOTHING,3,2
1693,81174300,7,430038,Absent,32,1,1,1,1,0,0,0,0,1,1,1,1,0,0,0,0,1,1,1,1,0,0,0,0,1,1,1,1,0,0,0,0,1,1,1,1,0,0,0,0,1,1,1,1,0,0,0,0,1,1,1,1,0,0,0,0,1,1,1,1,0,0,0,0,14,18,Unicorn_Absent,-1,-1.0,5,163,0.8875,32.0,0.0,50.0,0.36,0.5,LEFT,0.9,0.0,0.3157894736842105,16,RIGHT,3,2
1695,81174300,8,430038,Absent,0,0,0,0,0,0,0,0,0,0,0,0,0,0,0,0,0,0,0,0,0,0,0,0,0,0,0,0,0,0,0,0,0,0,0,0,0,0,0,0,0,0,0,0,0,0,0,0,0,0,0,0,0,0,0,0,0,0,0,0,0,0,0,0,0,32,0,Unicorn_Absent,-1,-1.0,2,195,1.0,0.0,0.0,36.0,0.36,0.5625,NOTHING,0.8875,0.0,0.36,18,LEFT,3,2
1703,81174300,12,430038,Absent,32,1,1,1,1,1,1,1,1,1,1,1,1,1,1,1,1,1,1,1,1,1,1,1,1,1,1,1,1,1,1,1,1,0,0,0,0,0,0,0,0,0,0,0,0,0,0,0,0,0,0,0,0,0,0,0,0,0,0,0,0,0,0,0,0,32,0,Unicorn_Absent,-1,-1.0,4,189,1.0,32.0,0.0,64.0,1.0,1.0,UP,1.0,0.0,0.36,0,NOTHING,3,2
1705,81174300,13,430038,Absent,32,0,0,0,0,0,0,0,0,0,0,0,0,0,0,0,0,0,0,0,0,0,0,0,0,0,0,0,0,0,0,0,0,1,1,1,1,1,1,1,1,1,1,1,1,1,1,1,1,1,1,1,1,1,1,1,1,1,1,1,1,1,1,1,1,0,32,Unicorn_Absent,-1,-1.0,3,189,0.8,32.0,0.0,32.0,1.0,0.0,DOWN,1.0,0.0,1.0,0,UP,3,2
1709,81174300,15,430038,Absent,32,0,0,0,0,1,1,1,1,0,0,0,0,1,1,1,1,0,0,0,0,1,1,1,1,0,0,0,0,1,1,1,1,0,0,0,0,1,1,1,1,0,0,0,0,1,1,1,1,0,0,0,0,1,1,1,1,0,0,0,0,1,1,1,1,32,0,Unicorn_Absent,-1,-1.0,6,253,1.0,32.0,0.3333333333333333,64.0,0.36,1.0,RIGHT,0.8,0.0,1.0,32,DOWN,3,2
1717,81174300,19,430038,Absent,32,0,0,0,0,1,1,1,1,0,0,0,0,1,1,1,1,0,0,0,0,1,1,1,1,0,0,0,0,1,1,1,1,0,0,0,0,1,1,1,1,0,0,0,0,1,1,1,1,0,0,0,0,1,1,1,1,0,0,0,0,1,1,1,1,32,0,Unicorn_Absent,-1,-1.0,6,381,1.0,32.0,1.0,64.0,0.36,1.0,RIGHT,1.0,0.3333333333333333,0.36,0,RIGHT,3,2
1721,81174300,21,430038,Absent,32,0,0,0,0,1,1,1,1,0,0,0,0,1,1,1,1,0,0,0,0,1,1,1,1,0,0,0,0,1,1,1,1,0,0,0,0,1,1,1,1,0,0,0,0,1,1,1,1,0,0,0,0,1,1,1,1,0,0,0,0,1,1,1,1,32,0,Unicorn_Absent,-1,-1.0,6,445,1.0,32.0,1.0,64.0,1.0,1.0,RIGHT,1.0,1.0,0.36,0,RIGHT,3,2
1725,81174300,23,430038,Absent,32,0,0,0,0,0,0,0,0,0,0,0,0,0,0,0,0,0,0,0,0,0,0,0,0,0,0,0,0,0,0,0,0,1,1,1,1,1,1,1,1,1,1,1,1,1,1,1,1,1,1,1,1,1,1,1,1,1,1,1,1,1,1,1,1,32,0,Unicorn_Absent,-1,-1.0,3,499,1.0,32.0,0.3333333333333333,64.0,1.0,1.0,DOWN,1.0,1.0,1.0,0,RIGHT,3,2
1727,81174300,24,430038,Absent,32,0,0,0,0,0,0,0,0,0,0,0,0,0,0,0,0,0,0,0,0,0,0,0,0,0,0,0,0,0,0,0,0,1,1,1,1,1,1,1,1,1,1,1,1,1,1,1,1,1,1,1,1,1,1,1,1,1,1,1,1,1,1,1,1,32,0,Unicorn_Absent,-1,-1.0,3,531,1.0,32.0,1.0,64.0,0.36,1.0,DOWN,1.0,0.3333333333333333,1.0,0,DOWN,3,2
1729,81174300,25,430038,Absent,32,0,0,0,0,0,0,0,0,0,0,0,0,0,0,0,0,0,0,0,0,0,0,0,0,0,0,0,0,0,0,0,0,1,1,1,1,1,1,1,1,1,1,1,1,1,1,1,1,1,1,1,1,1,1,1,1,1,1,1,1,1,1,1,1,32,0,Unicorn_Absent,-1,-1.0,3,563,1.0,32.0,1.0,64.0,0.36,1.0,DOWN,1.0,1.0,0.36,0,DOWN,3,2
1731,81174300,26,430038,Absent,28,1,1,1,1,1,1,1,1,1,0,0,0,0,0,0,1,1,0,0,0,0,0,0,1,1,0,0,0,0,0,0,1,1,0,0,0,0,0,0,1,1,0,0,0,0,0,0,1,1,0,0,0,0,0,0,1,1,1,1,1,1,1,1,1,18,14,Unicorn_Absent,-1,-1.0,8,581,0.9125,28.0,0.30434782608695654,46.0,1.0,0.5,OUT,1.0,1.0,0.36,0,DOWN,3,2
1733,81174300,27,430038,Absent,36,0,0,0,0,0,0,0,0,0,1,1,1,1,1,1,0,0,1,1,1,1,1,1,0,0,1,1,1,1,1,1,0,0,1,1,1,1,1,1,0,0,1,1,1,1,1,1,0,0,1,1,1,1,1,1,0,0,0,0,0,0,0,0,0,14,18,Unicorn_Absent,-1,-1.0,7,595,0.8875,36.0,0.0,50.0,1.0,0.5,IN,0.9125,0.30434782608695654,1.0,14,OUT,3,2
1737,81174300,29,430038,Absent,36,0,0,0,0,0,0,0,0,0,1,1,1,1,1,1,0,0,1,1,1,1,1,1,0,0,1,1,1,1,1,1,0,0,1,1,1,1,1,1,0,0,1,1,1,1,1,1,0,0,1,1,1,1,1,1,0,0,0,0,0,0,0,0,0,14,18,Unicorn_Absent,-1,-1.0,7,630,0.8875,36.0,1.0,50.0,0.0,0.5,IN,0.8875,0.0,1.0,18,IN,3,2
1739,81174300,30,430038,Absent,32,1,1,1,1,0,0,0,0,1,1,1,1,0,0,0,0,1,1,1,1,0,0,0,0,1,1,1,1,0,0,0,0,1,1,1,1,0,0,0,0,1,1,1,1,0,0,0,0,1,1,1,1,0,0,0,0,1,1,1,1,0,0,0,0,0,32,Unicorn_Absent,-1,-1.0,5,630,0.8,32.0,0.36,32.0,0.0,0.0,LEFT,0.8875,1.0,0.0,18,IN,3,2
1745,81174300,33,430038,Absent,0,0,0,0,0,0,0,0,0,0,0,0,0,0,0,0,0,0,0,0,0,0,0,0,0,0,0,0,0,0,0,0,0,0,0,0,0,0,0,0,0,0,0,0,0,0,0,0,0,0,0,0,0,0,0,0,0,0,0,0,0,0,0,0,0,32,0,Unicorn_Absent,-1,-1.0,2,726,1.0,0.0,0.0,64.0,0.0,1.0,NOTHING,0.8,0.36,0.0,32,LEFT,3,2
1747,81174300,34,430038,Absent,0,0,0,0,0,0,0,0,0,0,0,0,0,0,0,0,0,0,0,0,0,0,0,0,0,0,0,0,0,0,0,0,0,0,0,0,0,0,0,0,0,0,0,0,0,0,0,0,0,0,0,0,0,0,0,0,0,0,0,0,0,0,0,0,0,32,0,Unicorn_Absent,-1,-1.0,2,758,1.0,0.0,1.0,64.0,0.0,1.0,NOTHING,1.0,0.0,0.0,0,NOTHING,3,2
1761,81174300,41,430038,Absent,0,0,0,0,0,0,0,0,0,0,0,0,0,0,0,0,0,0,0,0,0,0,0,0,0,0,0,0,0,0,0,0,0,0,0,0,0,0,0,0,0,0,0,0,0,0,0,0,0,0,0,0,0,0,0,0,0,0,0,0,0,0,0,0,0,32,0,Unicorn_Absent,-1,-1.0,2,982,1.0,0.0,1.0,64.0,0.0,1.0,NOTHING,1.0,1.0,0.0,0,NOTHING,3,2
1765,81174300,43,430038,Absent,32,0,0,0,0,0,0,0,0,0,0,0,0,0,0,0,0,0,0,0,0,0,0,0,0,0,0,0,0,0,0,0,0,1,1,1,1,1,1,1,1,1,1,1,1,1,1,1,1,1,1,1,1,1,1,1,1,1,1,1,1,1,1,1,1,0,32,Unicorn_Absent,-1,-1.0,3,1014,0.8,32.0,0.0,64.0,0.0,0.5,DOWN,1.0,1.0,0.0,0,NOTHING,3,2
1771,81174300,46,430038,Absent,28,1,1,1,1,1,1,1,1,1,0,0,0,0,0,0,1,1,0,0,0,0,0,0,1,1,0,0,0,0,0,0,1,1,0,0,0,0,0,0,1,1,0,0,0,0,0,0,1,1,0,0,0,0,0,0,1,1,1,1,1,1,1,1,1,18,14,Unicorn_Absent,-1,-1.0,8,994,0.9125,28.0,0.30434782608695654,46.0,0.0,0.5,OUT,0.8,0.0,0.0,32,DOWN,3,2
1773,81174300,47,430038,Absent,32,1,1,1,1,1,1,1,1,1,1,1,1,1,1,1,1,1,1,1,1,1,1,1,1,1,1,1,1,1,1,1,1,0,0,0,0,0,0,0,0,0,0,0,0,0,0,0,0,0,0,0,0,0,0,0,0,0,0,0,0,0,0,0,0,14,18,Unicorn_Absent,-1,-1.0,4,1008,0.8875,32.0,0.30434782608695654,50.0,0.0,0.5,UP,0.9125,0.30434782608695654,0.0,14,OUT,3,2
1785,81174300,53,430038,Absent,32,0,0,0,0,1,1,1,1,0,0,0,0,1,1,1,1,0,0,0,0,1,1,1,1,0,0,0,0,1,1,1,1,0,0,0,0,1,1,1,1,0,0,0,0,1,1,1,1,0,0,0,0,1,1,1,1,0,0,0,0,1,1,1,1,32,0,Unicorn_Absent,-1,-1.0,6,882,1.0,32.0,0.3333333333333333,32.0,0.0,0.5,RIGHT,0.8875,0.30434782608695654,0.0,18,UP,3,2
1787,81174300,54,430038,Absent,32,1,1,1,1,0,0,0,0,1,1,1,1,0,0,0,0,1,1,1,1,0,0,0,0,1,1,1,1,0,0,0,0,1,1,1,1,0,0,0,0,1,1,1,1,0,0,0,0,1,1,1,1,0,0,0,0,1,1,1,1,0,0,0,0,0,32,Unicorn_Absent,-1,-1.0,5,882,0.8,32.0,0.0,32.0,0.0,0.0,LEFT,1.0,0.3333333333333333,0.0,0,RIGHT,3,2
1789,81174300,55,430038,Absent,32,1,1,1,1,1,1,1,1,1,1,1,1,1,1,1,1,1,1,1,1,1,1,1,1,1,1,1,1,1,1,1,1,0,0,0,0,0,0,0,0,0,0,0,0,0,0,0,0,0,0,0,0,0,0,0,0,0,0,0,0,0,0,0,0,16,16,Unicorn_Absent,-1,-1.0,4,898,0.9,32.0,0.3333333333333333,48.0,0.0,0.5,UP,0.8,0.0,0.0,32,LEFT,3,2
1791,81174300,56,430038,Absent,32,1,1,1,1,0,0,0,0,1,1,1,1,0,0,0,0,1,1,1,1,0,0,0,0,1,1,1,1,0,0,0,0,1,1,1,1,0,0,0,0,1,1,1,1,0,0,0,0,1,1,1,1,0,0,0,0,1,1,1,1,0,0,0,0,14,18,Unicorn_Absent,-1,-1.0,5,912,0.8875,32.0,0.3333333333333333,50.0,0.0,0.5,LEFT,0.9,0.3333333333333333,0.0,16,UP,3,2
1793,81174300,57,430038,Absent,32,1,1,1,1,1,1,1,1,1,1,1,1,1,1,1,1,1,1,1,1,1,1,1,1,1,1,1,1,1,1,1,1,0,0,0,0,0,0,0,0,0,0,0,0,0,0,0,0,0,0,0,0,0,0,0,0,0,0,0,0,0,0,0,0,18,14,Unicorn_Absent,-1,-1.0,4,930,0.9125,32.0,0.3333333333333333,46.0,0.6956521739130435,0.5,UP,0.8875,0.3333333333333333,0.0,18,LEFT,3,2
1795,81174300,58,430038,Absent,32,1,1,1,1,1,1,1,1,1,1,1,1,1,1,1,1,1,1,1,1,1,1,1,1,1,1,1,1,1,1,1,1,0,0,0,0,0,0,0,0,0,0,0,0,0,0,0,0,0,0,0,0,0,0,0,0,0,0,0,0,0,0,0,0,0,32,Unicorn_Absent,-1,-1.0,4,930,0.8,32.0,1.0,64.0,0.6956521739130435,0.5,UP,0.9125,0.3333333333333333,0.6956521739130435,14,UP,3,2
1682,81174300,2,811715,Absent,56,1,0,1,1,0,1,1,0,1,0,1,0,1,1,1,1,1,1,0,0,0,0,1,1,1,0,0,1,1,0,0,1,1,1,1,0,1,1,1,1,1,1,0,0,0,1,0,0,0,1,0,0,1,0,1,1,0,1,1,1,1,0,1,1,32,0,Unicorn_Absent,-1,-1.0,0,64,1.0,39.0,1.0,39.0,0.3333333333333333,0.609375,RS,,,,,,3,2
1684,81174300,3,811715,Absent,36,0,0,0,0,0,0,0,0,0,1,1,1,1,1,1,0,0,1,1,1,1,1,1,0,0,1,1,1,1,1,1,0,0,1,1,1,1,1,1,0,0,1,1,1,1,1,1,0,0,1,1,1,1,1,1,0,0,0,0,0,0,0,0,0,14,18,Unicorn_Absent,-1,-1.0,7,78,0.8875,36.0,0.3157894736842105,50.0,0.3333333333333333,0.5,IN,1.0,1.0,0.3333333333333333,0,RS,3,2
1688,81174300,5,811715,Absent,32,1,1,1,1,1,1,1,1,1,1,1,1,1,1,1,1,1,1,1,1,1,1,1,1,1,1,1,1,1,1,1,1,0,0,0,0,0,0,0,0,0,0,0,0,0,0,0,0,0,0,0,0,0,0,0,0,0,0,0,0,0,0,0,0,32,0,Unicorn_Absent,-1,-1.0,4,133,1.0,32.0,0.36,32.0,0.0,0.5,UP,0.8875,0.3157894736842105,0.3333333333333333,18,IN,3,2
1690,81174300,6,811715,Absent,32,1,1,1,1,1,1,1,1,1,1,1,1,1,1,1,1,1,1,1,1,1,1,1,1,1,1,1,1,1,1,1,1,0,0,0,0,0,0,0,0,0,0,0,0,0,0,0,0,0,0,0,0,0,0,0,0,0,0,0,0,0,0,0,0,16,16,Unicorn_Absent,-1,-1.0,4,149,0.9,32.0,1.0,48.0,0.0,0.5,UP,1.0,0.36,0.0,0,UP,3,2
1692,81174300,7,811715,Absent,36,0,0,0,0,0,0,0,0,0,1,1,1,1,1,1,0,0,1,1,1,1,1,1,0,0,1,1,1,1,1,1,0,0,1,1,1,1,1,1,0,0,1,1,1,1,1,1,0,0,1,1,1,1,1,1,0,0,0,0,0,0,0,0,0,14,18,Unicorn_Absent,-1,-1.0,7,163,0.8875,36.0,0.36,50.0,0.64,0.5,IN,0.9,1.0,0.0,16,UP,3,2
1694,81174300,8,811715,Absent,36,0,0,0,0,0,0,0,0,0,1,1,1,1,1,1,0,0,1,1,1,1,1,1,0,0,1,1,1,1,1,1,0,0,1,1,1,1,1,1,0,0,1,1,1,1,1,1,0,0,1,1,1,1,1,1,0,0,0,0,0,0,0,0,0,32,0,Unicorn_Absent,-1,-1.0,7,195,1.0,36.0,1.0,36.0,0.64,0.5625,IN,0.8875,0.36,0.64,18,IN,3,2
1702,81174300,12,811715,Absent,32,0,0,0,0,0,0,0,0,0,0,0,0,0,0,0,0,0,0,0,0,0,0,0,0,0,0,0,0,0,0,0,0,1,1,1,1,1,1,1,1,1,1,1,1,1,1,1,1,1,1,1,1,1,1,1,1,1,1,1,1,1,1,1,1,32,0,Unicorn_Absent,-1,-1.0,3,189,1.0,32.0,0.36,64.0,0.5,1.0,DOWN,1.0,1.0,0.64,0,IN,3,2
1704,81174300,13,811715,Absent,32,0,0,0,0,0,0,0,0,0,0,0,0,0,0,0,0,0,0,0,0,0,0,0,0,0,0,0,0,0,0,0,0,1,1,1,1,1,1,1,1,1,1,1,1,1,1,1,1,1,1,1,1,1,1,1,1,1,1,1,1,1,1,1,1,0,32,Unicorn_Absent,-1,-1.0,3,189,0.8,32.0,1.0,32.0,0.5,0.0,DOWN,1.0,0.36,0.5,0,DOWN,3,2
1708,81174300,15,811715,Absent,32,1,1,1,1,0,0,0,0,1,1,1,1,0,0,0,0,1,1,1,1,0,0,0,0,1,1,1,1,0,0,0,0,1,1,1,1,0,0,0,0,1,1,1,1,0,0,0,0,1,1,1,1,0,0,0,0,1,1,1,1,0,0,0,0,32,0,Unicorn_Absent,-1,-1.0,5,253,1.0,32.0,0.3333333333333333,64.0,0.0,1.0,LEFT,0.8,1.0,0.5,32,DOWN,3,2
1716,81174300,19,811715,Absent,32,1,1,1,1,0,0,0,0,1,1,1,1,0,0,0,0,1,1,1,1,0,0,0,0,1,1,1,1,0,0,0,0,1,1,1,1,0,0,0,0,1,1,1,1,0,0,0,0,1,1,1,1,0,0,0,0,1,1,1,1,0,0,0,0,32,0,Unicorn_Absent,-1,-1.0,5,381,1.0,32.0,1.0,64.0,0.0,1.0,LEFT,1.0,0.3333333333333333,0.0,0,LEFT,3,2
1720,81174300,21,811715,Absent,32,1,1,1,1,0,0,0,0,1,1,1,1,0,0,0,0,1,1,1,1,0,0,0,0,1,1,1,1,0,0,0,0,1,1,1,1,0,0,0,0,1,1,1,1,0,0,0,0,1,1,1,1,0,0,0,0,1,1,1,1,0,0,0,0,32,0,Unicorn_Absent,-1,-1.0,5,445,1.0,32.0,1.0,64.0,0.0,1.0,LEFT,1.0,1.0,0.0,0,LEFT,3,2
1724,81174300,23,811715,Absent,32,1,1,1,1,1,1,1,1,1,1,1,1,1,1,1,1,1,1,1,1,1,1,1,1,1,1,1,1,1,1,1,1,0,0,0,0,0,0,0,0,0,0,0,0,0,0,0,0,0,0,0,0,0,0,0,0,0,0,0,0,0,0,0,0,32,0,Unicorn_Absent,-1,-1.0,4,499,1.0,32.0,0.3333333333333333,64.0,0.0,1.0,UP,1.0,1.0,0.0,0,LEFT,3,2
1726,81174300,24,811715,Absent,32,1,1,1,1,1,1,1,1,1,1,1,1,1,1,1,1,1,1,1,1,1,1,1,1,1,1,1,1,1,1,1,1,0,0,0,0,0,0,0,0,0,0,0,0,0,0,0,0,0,0,0,0,0,0,0,0,0,0,0,0,0,0,0,0,32,0,Unicorn_Absent,-1,-1.0,4,531,1.0,32.0,1.0,64.0,1.0,1.0,UP,1.0,0.3333333333333333,0.0,0,UP,3,2
1728,81174300,25,811715,Absent,32,1,1,1,1,1,1,1,1,1,1,1,1,1,1,1,1,1,1,1,1,1,1,1,1,1,1,1,1,1,1,1,1,0,0,0,0,0,0,0,0,0,0,0,0,0,0,0,0,0,0,0,0,0,0,0,0,0,0,0,0,0,0,0,0,32,0,Unicorn_Absent,-1,-1.0,4,563,1.0,32.0,1.0,64.0,1.0,1.0,UP,1.0,1.0,1.0,0,UP,3,2
1730,81174300,26,811715,Absent,32,1,1,1,1,1,1,1,1,1,1,1,1,1,1,1,1,1,1,1,1,1,1,1,1,1,1,1,1,1,1,1,1,0,0,0,0,0,0,0,0,0,0,0,0,0,0,0,0,0,0,0,0,0,0,0,0,0,0,0,0,0,0,0,0,18,14,Unicorn_Absent,-1,-1.0,4,581,0.9125,32.0,1.0,46.0,0.19565217391304346,0.5,UP,1.0,1.0,1.0,0,UP,3,2
1732,81174300,27,811715,Absent,32,1,1,1,1,0,0,0,0,1,1,1,1,0,0,0,0,1,1,1,1,0,0,0,0,1,1,1,1,0,0,0,0,1,1,1,1,0,0,0,0,1,1,1,1,0,0,0,0,1,1,1,1,0,0,0,0,1,1,1,1,0,0,0,0,14,18,Unicorn_Absent,-1,-1.0,5,595,0.8875,32.0,0.3333333333333333,50.0,0.19565217391304346,0.5,LEFT,0.9125,1.0,0.19565217391304346,14,UP,3,2
1736,81174300,29,811715,Absent,32,1,1,1,1,0,0,0,0,1,1,1,1,0,0,0,0,1,1,1,1,0,0,0,0,1,1,1,1,0,0,0,0,1,1,1,1,0,0,0,0,1,1,1,1,0,0,0,0,1,1,1,1,0,0,0,0,1,1,1,1,0,0,0,0,14,18,Unicorn_Absent,-1,-1.0,5,630,0.8875,32.0,1.0,50.0,0.055652173913043446,0.5,LEFT,0.8875,0.3333333333333333,0.19565217391304346,18,LEFT,3,2
1738,81174300,30,811715,Absent,32,1,1,1,1,0,0,0,0,1,1,1,1,0,0,0,0,1,1,1,1,0,0,0,0,1,1,1,1,0,0,0,0,1,1,1,1,0,0,0,0,1,1,1,1,0,0,0,0,1,1,1,1,0,0,0,0,1,1,1,1,0,0,0,0,0,32,Unicorn_Absent,-1,-1.0,5,630,0.8,32.0,1.0,32.0,0.055652173913043446,0.0,LEFT,0.8875,1.0,0.055652173913043446,18,LEFT,3,2
1744,81174300,33,811715,Absent,64,1,1,1,1,1,1,1,1,1,1,1,1,1,1,1,1,1,1,1,1,1,1,1,1,1,1,1,1,1,1,1,1,1,1,1,1,1,1,1,1,1,1,1,1,1,1,1,1,1,1,1,1,1,1,1,1,1,1,1,1,1,1,1,1,32,0,Unicorn_Absent,-1,-1.0,1,726,1.0,64.0,0.5,64.0,0.3333333333333333,1.0,ALL,0.8,1.0,0.055652173913043446,32,LEFT,3,2
1746,81174300,34,811715,Absent,64,1,1,1,1,1,1,1,1,1,1,1,1,1,1,1,1,1,1,1,1,1,1,1,1,1,1,1,1,1,1,1,1,1,1,1,1,1,1,1,1,1,1,1,1,1,1,1,1,1,1,1,1,1,1,1,1,1,1,1,1,1,1,1,1,32,0,Unicorn_Absent,-1,-1.0,1,758,1.0,64.0,1.0,64.0,0.3333333333333333,1.0,ALL,1.0,0.5,0.3333333333333333,0,ALL,3,2
1760,81174300,41,811715,Absent,64,1,1,1,1,1,1,1,1,1,1,1,1,1,1,1,1,1,1,1,1,1,1,1,1,1,1,1,1,1,1,1,1,1,1,1,1,1,1,1,1,1,1,1,1,1,1,1,1,1,1,1,1,1,1,1,1,1,1,1,1,1,1,1,1,32,0,Unicorn_Absent,-1,-1.0,1,982,1.0,64.0,1.0,64.0,0.0,1.0,ALL,1.0,1.0,0.3333333333333333,0,ALL,3,2
1764,81174300,43,811715,Absent,64,1,1,1,1,1,1,1,1,1,1,1,1,1,1,1,1,1,1,1,1,1,1,1,1,1,1,1,1,1,1,1,1,1,1,1,1,1,1,1,1,1,1,1,1,1,1,1,1,1,1,1,1,1,1,1,1,1,1,1,1,1,1,1,1,0,32,Unicorn_Absent,-1,-1.0,1,1014,0.8,64.0,1.0,64.0,0.0,0.5,ALL,1.0,1.0,0.0,0,ALL,3,2
1770,81174300,46,811715,Absent,32,1,1,1,1,0,0,0,0,1,1,1,1,0,0,0,0,1,1,1,1,0,0,0,0,1,1,1,1,0,0,0,0,1,1,1,1,0,0,0,0,1,1,1,1,0,0,0,0,1,1,1,1,0,0,0,0,1,1,1,1,0,0,0,0,18,14,Unicorn_Absent,-1,-1.0,5,994,0.9125,32.0,0.5,46.0,0.6666666666666667,0.5,LEFT,0.8,1.0,0.0,32,ALL,3,2
1772,81174300,47,811715,Absent,36,0,0,0,0,0,0,0,0,0,1,1,1,1,1,1,0,0,1,1,1,1,1,1,0,0,1,1,1,1,1,1,0,0,1,1,1,1,1,1,0,0,1,1,1,1,1,1,0,0,1,1,1,1,1,1,0,0,0,0,0,0,0,0,0,14,18,Unicorn_Absent,-1,-1.0,7,1008,0.8875,36.0,0.36,50.0,0.6666666666666667,0.5,IN,0.9125,0.5,0.6666666666666667,14,LEFT,3,2
1784,81174300,53,811715,Absent,0,0,0,0,0,0,0,0,0,0,0,0,0,0,0,0,0,0,0,0,0,0,0,0,0,0,0,0,0,0,0,0,0,0,0,0,0,0,0,0,0,0,0,0,0,0,0,0,0,0,0,0,0,0,0,0,0,0,0,0,0,0,0,0,0,32,0,Unicorn_Absent,-1,-1.0,2,882,1.0,0.0,0.0,32.0,0.026666666666666672,0.5,NOTHING,0.8875,0.36,0.6666666666666667,18,IN,3,2
1786,81174300,54,811715,Absent,32,1,1,1,1,0,0,0,0,1,1,1,1,0,0,0,0,1,1,1,1,0,0,0,0,1,1,1,1,0,0,0,0,1,1,1,1,0,0,0,0,1,1,1,1,0,0,0,0,1,1,1,1,0,0,0,0,1,1,1,1,0,0,0,0,0,32,Unicorn_Absent,-1,-1.0,5,882,0.8,32.0,0.0,32.0,0.026666666666666672,0.0,LEFT,1.0,0.0,0.026666666666666672,0,NOTHING,3,2
1788,81174300,55,811715,Absent,32,1,1,1,1,0,0,0,0,1,1,1,1,0,0,0,0,1,1,1,1,0,0,0,0,1,1,1,1,0,0,0,0,1,1,1,1,0,0,0,0,1,1,1,1,0,0,0,0,1,1,1,1,0,0,0,0,1,1,1,1,0,0,0,0,16,16,Unicorn_Absent,-1,-1.0,5,898,0.9,32.0,1.0,48.0,0.3333333333333333,0.5,LEFT,0.8,0.0,0.026666666666666672,32,LEFT,3,2
1790,81174300,56,811715,Absent,36,0,0,0,0,0,0,0,0,0,1,1,1,1,1,1,0,0,1,1,1,1,1,1,0,0,1,1,1,1,1,1,0,0,1,1,1,1,1,1,0,0,1,1,1,1,1,1,0,0,1,1,1,1,1,1,0,0,0,0,0,0,0,0,0,14,18,Unicorn_Absent,-1,-1.0,7,912,0.8875,36.0,0.36,50.0,0.3333333333333333,0.5,IN,0.9,1.0,0.3333333333333333,16,LEFT,3,2
1792,81174300,57,811715,Absent,28,1,1,1,1,1,1,1,1,1,0,0,0,0,0,0,1,1,0,0,0,0,0,0,1,1,0,0,0,0,0,0,1,1,0,0,0,0,0,0,1,1,0,0,0,0,0,0,1,1,0,0,0,0,0,0,1,1,1,1,1,1,1,1,1,18,14,Unicorn_Absent,-1,-1.0,8,930,0.9125,28.0,0.0,46.0,0.5625,0.5,OUT,0.8875,0.36,0.3333333333333333,18,IN,3,2
1794,81174300,58,811715,Absent,64,1,1,1,1,1,1,1,1,1,1,1,1,1,1,1,1,1,1,1,1,1,1,1,1,1,1,1,1,1,1,1,1,1,1,1,1,1,1,1,1,1,1,1,1,1,1,1,1,1,1,1,1,1,1,1,1,1,1,1,1,1,1,1,1,0,32,Unicorn_Absent,-1,-1.0,1,930,0.8,64.0,0.4375,64.0,0.5625,0.5,ALL,0.9125,0.0,0.5625,14,OUT,3,2
2160,83179210,1,831739,Absent,50,0,1,1,0,1,1,1,0,1,1,1,1,1,0,0,0,1,0,1,0,0,1,1,1,0,0,0,0,1,1,1,0,0,0,1,0,1,0,1,0,0,1,1,1,0,1,1,0,1,1,0,0,1,0,0,0,1,1,0,0,1,1,1,0,18,14,Unicorn_Absent,-1,-1.0,0,18,0.9125,34.0,1.0,51.0,0.0,0.578125,RS,,,,,,3,2
2164,83179210,3,831739,Absent,32,0,0,0,0,0,0,0,0,0,0,0,0,0,0,0,0,0,0,0,0,0,0,0,0,0,0,0,0,0,0,0,0,1,1,1,1,1,1,1,1,1,1,1,1,1,1,1,1,1,1,1,1,1,1,1,1,1,1,1,1,1,1,1,1,32,0,Unicorn_Absent,-1,-1.0,3,82,1.0,32.0,0.32,32.0,0.0,0.5,DOWN,0.9125,1.0,0.0,14,RS,3,2
2166,83179210,4,831739,Absent,32,0,0,0,0,0,0,0,0,0,0,0,0,0,0,0,0,0,0,0,0,0,0,0,0,0,0,0,0,0,0,0,0,1,1,1,1,1,1,1,1,1,1,1,1,1,1,1,1,1,1,1,1,1,1,1,1,1,1,1,1,1,1,1,1,32,0,Unicorn_Absent,-1,-1.0,3,114,1.0,32.0,1.0,32.0,0.32,0.5,DOWN,1.0,0.32,0.0,0,DOWN,3,2
2168,83179210,5,831739,Absent,32,0,0,0,0,0,0,0,0,0,0,0,0,0,0,0,0,0,0,0,0,0,0,0,0,0,0,0,0,0,0,0,0,1,1,1,1,1,1,1,1,1,1,1,1,1,1,1,1,1,1,1,1,1,1,1,1,1,1,1,1,1,1,1,1,16,16,Unicorn_Absent,-1,-1.0,3,130,0.9,32.0,1.0,48.0,0.32,0.5,DOWN,1.0,1.0,0.32,0,DOWN,3,2
2170,83179210,6,831739,Absent,32,0,0,0,0,1,1,1,1,0,0,0,0,1,1,1,1,0,0,0,0,1,1,1,1,0,0,0,0,1,1,1,1,0,0,0,0,1,1,1,1,0,0,0,0,1,1,1,1,0,0,0,0,1,1,1,1,0,0,0,0,1,1,1,1,32,0,Unicorn_Absent,-1,-1.0,6,162,1.0,32.0,0.3333333333333333,64.0,0.0,1.0,RIGHT,0.9,1.0,0.32,16,DOWN,3,2
2172,83179210,7,831739,Absent,32,0,0,0,0,1,1,1,1,0,0,0,0,1,1,1,1,0,0,0,0,1,1,1,1,0,0,0,0,1,1,1,1,0,0,0,0,1,1,1,1,0,0,0,0,1,1,1,1,0,0,0,0,1,1,1,1,0,0,0,0,1,1,1,1,32,0,Unicorn_Absent,-1,-1.0,6,194,1.0,32.0,1.0,64.0,0.0,1.0,RIGHT,1.0,0.3333333333333333,0.0,0,RIGHT,3,2
2174,83179210,8,831739,Absent,32,1,1,1,1,1,1,1,1,1,1,1,1,1,1,1,1,1,1,1,1,1,1,1,1,1,1,1,1,1,1,1,1,0,0,0,0,0,0,0,0,0,0,0,0,0,0,0,0,0,0,0,0,0,0,0,0,0,0,0,0,0,0,0,0,16,16,Unicorn_Absent,-1,-1.0,4,210,0.9,32.0,0.3333333333333333,48.0,1.0,0.5,UP,1.0,1.0,0.0,0,RIGHT,3,2
2176,83179210,9,831739,Absent,28,1,1,1,1,1,1,1,1,1,0,0,0,0,0,0,1,1,0,0,0,0,0,0,1,1,0,0,0,0,0,0,1,1,0,0,0,0,0,0,1,1,0,0,0,0,0,0,1,1,0,0,0,0,0,0,1,1,1,1,1,1,1,1,1,31,1,Unicorn_Absent,-1,-1.0,8,241,0.99375,28.0,0.30434782608695654,28.0,1.0,0.421875,OUT,0.9,0.3333333333333333,1.0,16,UP,3,2
2178,83179210,10,831739,Absent,28,1,1,1,1,1,1,1,1,1,0,0,0,0,0,0,1,1,0,0,0,0,0,0,1,1,0,0,0,0,0,0,1,1,0,0,0,0,0,0,1,1,0,0,0,0,0,0,1,1,0,0,0,0,0,0,1,1,1,1,1,1,1,1,1,18,14,Unicorn_Absent,-1,-1.0,8,259,0.9125,28.0,1.0,46.0,0.6666666666666667,0.5,OUT,0.99375,0.30434782608695654,1.0,1,OUT,3,2
2180,83179210,11,831739,Absent,0,0,0,0,0,0,0,0,0,0,0,0,0,0,0,0,0,0,0,0,0,0,0,0,0,0,0,0,0,0,0,0,0,0,0,0,0,0,0,0,0,0,0,0,0,0,0,0,0,0,0,0,0,0,0,0,0,0,0,0,0,0,0,0,0,32,0,Unicorn_Absent,-1,-1.0,2,291,1.0,0.0,0.0,32.0,0.6666666666666667,0.5,NOTHING,0.9125,1.0,0.6666666666666667,14,OUT,3,2
2188,83179210,15,831739,Absent,0,0,0,0,0,0,0,0,0,0,0,0,0,0,0,0,0,0,0,0,0,0,0,0,0,0,0,0,0,0,0,0,0,0,0,0,0,0,0,0,0,0,0,0,0,0,0,0,0,0,0,0,0,0,0,0,0,0,0,0,0,0,0,0,0,32,0,Unicorn_Absent,-1,-1.0,2,317,1.0,0.0,1.0,32.0,0.0,0.5,NOTHING,1.0,0.0,0.6666666666666667,0,NOTHING,3,2
2190,83179210,16,831739,Absent,0,0,0,0,0,0,0,0,0,0,0,0,0,0,0,0,0,0,0,0,0,0,0,0,0,0,0,0,0,0,0,0,0,0,0,0,0,0,0,0,0,0,0,0,0,0,0,0,0,0,0,0,0,0,0,0,0,0,0,0,0,0,0,0,0,32,0,Unicorn_Absent,-1,-1.0,2,349,1.0,0.0,1.0,32.0,0.0,0.5,NOTHING,1.0,1.0,0.0,0,NOTHING,3,2
2194,83179210,18,831739,Absent,32,1,1,1,1,1,1,1,1,1,1,1,1,1,1,1,1,1,1,1,1,1,1,1,1,1,1,1,1,1,1,1,1,0,0,0,0,0,0,0,0,0,0,0,0,0,0,0,0,0,0,0,0,0,0,0,0,0,0,0,0,0,0,0,0,14,18,Unicorn_Absent,-1,-1.0,4,299,0.8875,32.0,0.0,50.0,0.6666666666666667,0.5,UP,1.0,1.0,0.0,0,NOTHING,3,2
2196,83179210,19,831739,Absent,28,1,1,1,1,1,1,1,1,1,0,0,0,0,0,0,1,1,0,0,0,0,0,0,1,1,0,0,0,0,0,0,1,1,0,0,0,0,0,0,1,1,0,0,0,0,0,0,1,1,0,0,0,0,0,0,1,1,1,1,1,1,1,1,1,18,14,Unicorn_Absent,-1,-1.0,8,317,0.9125,28.0,0.30434782608695654,46.0,0.6666666666666667,0.5,OUT,0.8875,0.0,0.6666666666666667,18,UP,3,2
2198,83179210,20,831739,Absent,36,0,0,0,0,0,0,0,0,0,1,1,1,1,1,1,0,0,1,1,1,1,1,1,0,0,1,1,1,1,1,1,0,0,1,1,1,1,1,1,0,0,1,1,1,1,1,1,0,0,1,1,1,1,1,1,0,0,0,0,0,0,0,0,0,32,0,Unicorn_Absent,-1,-1.0,7,349,1.0,36.0,0.0,36.0,0.30434782608695654,0.5625,IN,0.9125,0.30434782608695654,0.6666666666666667,14,OUT,3,2
2204,83179210,23,831739,Absent,36,0,0,0,0,0,0,0,0,0,1,1,1,1,1,1,0,0,1,1,1,1,1,1,0,0,1,1,1,1,1,1,0,0,1,1,1,1,1,1,0,0,1,1,1,1,1,1,0,0,1,1,1,1,1,1,0,0,0,0,0,0,0,0,0,32,0,Unicorn_Absent,-1,-1.0,7,445,1.0,36.0,1.0,36.0,0.30434782608695654,0.5625,IN,1.0,0.0,0.30434782608695654,0,IN,3,2
2206,83179210,24,831739,Absent,36,0,0,0,0,0,0,0,0,0,1,1,1,1,1,1,0,0,1,1,1,1,1,1,0,0,1,1,1,1,1,1,0,0,1,1,1,1,1,1,0,0,1,1,1,1,1,1,0,0,1,1,1,1,1,1,0,0,0,0,0,0,0,0,0,14,18,Unicorn_Absent,-1,-1.0,7,459,0.8875,36.0,1.0,50.0,0.96875,0.5,IN,1.0,1.0,0.30434782608695654,0,IN,3,2
2208,83179210,25,831739,Absent,28,1,1,1,1,1,1,1,1,1,0,0,0,0,0,0,1,1,0,0,0,0,0,0,1,1,0,0,0,0,0,0,1,1,0,0,0,0,0,0,1,1,0,0,0,0,0,0,1,1,0,0,0,0,0,0,1,1,1,1,1,1,1,1,1,18,14,Unicorn_Absent,-1,-1.0,8,477,0.9125,28.0,0.0,46.0,0.96875,0.5,OUT,0.8875,1.0,0.96875,18,IN,3,2
2210,83179210,26,831739,Absent,32,1,1,1,1,1,1,1,1,1,1,1,1,1,1,1,1,1,1,1,1,1,1,1,1,1,1,1,1,1,1,1,1,0,0,0,0,0,0,0,0,0,0,0,0,0,0,0,0,0,0,0,0,0,0,0,0,0,0,0,0,0,0,0,0,16,16,Unicorn_Absent,-1,-1.0,4,493,0.9,32.0,0.30434782608695654,48.0,1.0,0.5,UP,0.9125,0.0,0.96875,14,OUT,3,2
2212,83179210,27,831739,Absent,32,1,1,1,1,0,0,0,0,1,1,1,1,0,0,0,0,1,1,1,1,0,0,0,0,1,1,1,1,0,0,0,0,1,1,1,1,0,0,0,0,1,1,1,1,0,0,0,0,1,1,1,1,0,0,0,0,1,1,1,1,0,0,0,0,32,0,Unicorn_Absent,-1,-1.0,5,525,1.0,32.0,0.3333333333333333,32.0,1.0,0.5,LEFT,0.9,0.30434782608695654,1.0,16,UP,3,2
2214,83179210,28,831739,Absent,32,1,1,1,1,0,0,0,0,1,1,1,1,0,0,0,0,1,1,1,1,0,0,0,0,1,1,1,1,0,0,0,0,1,1,1,1,0,0,0,0,1,1,1,1,0,0,0,0,1,1,1,1,0,0,0,0,1,1,1,1,0,0,0,0,32,0,Unicorn_Absent,-1,-1.0,5,557,1.0,32.0,1.0,32.0,0.6666666666666667,0.5,LEFT,1.0,0.3333333333333333,1.0,0,LEFT,3,2
2222,83179210,32,831739,Absent,32,1,1,1,1,1,1,1,1,1,1,1,1,1,1,1,1,1,1,1,1,1,1,1,1,1,1,1,1,1,1,1,1,0,0,0,0,0,0,0,0,0,0,0,0,0,0,0,0,0,0,0,0,0,0,0,0,0,0,0,0,0,0,0,0,32,0,Unicorn_Absent,-1,-1.0,4,685,1.0,32.0,0.3333333333333333,32.0,0.6666666666666667,0.5,UP,1.0,1.0,0.6666666666666667,0,LEFT,3,2
2224,83179210,33,831739,Absent,32,1,1,1,1,1,1,1,1,1,1,1,1,1,1,1,1,1,1,1,1,1,1,1,1,1,1,1,1,1,1,1,1,0,0,0,0,0,0,0,0,0,0,0,0,0,0,0,0,0,0,0,0,0,0,0,0,0,0,0,0,0,0,0,0,32,0,Unicorn_Absent,-1,-1.0,4,717,1.0,32.0,1.0,32.0,0.0,0.5,UP,1.0,0.3333333333333333,0.6666666666666667,0,UP,3,2
2228,83179210,35,831739,Absent,32,1,1,1,1,1,1,1,1,1,1,1,1,1,1,1,1,1,1,1,1,1,1,1,1,1,1,1,1,1,1,1,1,0,0,0,0,0,0,0,0,0,0,0,0,0,0,0,0,0,0,0,0,0,0,0,0,0,0,0,0,0,0,0,0,32,0,Unicorn_Absent,-1,-1.0,4,781,1.0,32.0,1.0,32.0,0.0,0.5,UP,1.0,1.0,0.0,0,UP,3,2
2232,83179210,37,831739,Absent,32,1,1,1,1,1,1,1,1,1,1,1,1,1,1,1,1,1,1,1,1,1,1,1,1,1,1,1,1,1,1,1,1,0,0,0,0,0,0,0,0,0,0,0,0,0,0,0,0,0,0,0,0,0,0,0,0,0,0,0,0,0,0,0,0,32,0,Unicorn_Absent,-1,-1.0,4,845,1.0,32.0,1.0,64.0,0.36,1.0,UP,1.0,1.0,0.0,0,UP,3,2
2244,83179210,43,831739,Absent,32,1,1,1,1,1,1,1,1,1,1,1,1,1,1,1,1,1,1,1,1,1,1,1,1,1,1,1,1,1,1,1,1,0,0,0,0,0,0,0,0,0,0,0,0,0,0,0,0,0,0,0,0,0,0,0,0,0,0,0,0,0,0,0,0,13,19,Unicorn_Absent,-1,-1.0,4,1018,0.88125,32.0,1.0,45.0,0.36,0.40625,UP,1.0,1.0,0.36,0,UP,3,2
2248,83179210,45,831739,Absent,32,0,0,0,0,0,0,0,0,0,0,0,0,0,0,0,0,0,0,0,0,0,0,0,0,0,0,0,0,0,0,0,0,1,1,1,1,1,1,1,1,1,1,1,1,1,1,1,1,1,1,1,1,1,1,1,1,1,1,1,1,1,1,1,1,18,14,Unicorn_Absent,-1,-1.0,3,1068,0.9125,32.0,0.0,46.0,0.055652173913043446,0.5,DOWN,0.88125,1.0,0.36,19,UP,3,2
2250,83179210,46,831739,Absent,32,0,0,0,0,0,0,0,0,0,0,0,0,0,0,0,0,0,0,0,0,0,0,0,0,0,0,0,0,0,0,0,0,1,1,1,1,1,1,1,1,1,1,1,1,1,1,1,1,1,1,1,1,1,1,1,1,1,1,1,1,1,1,1,1,18,14,Unicorn_Absent,-1,-1.0,3,1086,0.9125,32.0,1.0,46.0,0.055652173913043446,0.5,DOWN,0.9125,0.0,0.055652173913043446,14,DOWN,3,2
2254,83179210,48,831739,Absent,32,0,0,0,0,1,1,1,1,0,0,0,0,1,1,1,1,0,0,0,0,1,1,1,1,0,0,0,0,1,1,1,1,0,0,0,0,1,1,1,1,0,0,0,0,1,1,1,1,0,0,0,0,1,1,1,1,0,0,0,0,1,1,1,1,32,0,Unicorn_Absent,-1,-1.0,6,1150,1.0,32.0,0.3333333333333333,64.0,0.0,1.0,RIGHT,0.9125,1.0,0.055652173913043446,14,DOWN,3,2
2260,83179210,51,831739,Absent,32,0,0,0,0,1,1,1,1,0,0,0,0,1,1,1,1,0,0,0,0,1,1,1,1,0,0,0,0,1,1,1,1,0,0,0,0,1,1,1,1,0,0,0,0,1,1,1,1,0,0,0,0,1,1,1,1,0,0,0,0,1,1,1,1,32,0,Unicorn_Absent,-1,-1.0,6,1246,1.0,32.0,1.0,64.0,0.0,1.0,RIGHT,1.0,0.3333333333333333,0.0,0,RIGHT,3,2
2264,83179210,53,831739,Absent,32,1,1,1,1,1,1,1,1,1,1,1,1,1,1,1,1,1,1,1,1,1,1,1,1,1,1,1,1,1,1,1,1,0,0,0,0,0,0,0,0,0,0,0,0,0,0,0,0,0,0,0,0,0,0,0,0,0,0,0,0,0,0,0,0,16,16,Unicorn_Absent,-1,-1.0,4,1294,0.9,32.0,0.3333333333333333,48.0,0.0,0.5,UP,1.0,1.0,0.0,0,RIGHT,3,2
2268,83179210,55,831739,Absent,32,1,1,1,1,1,1,1,1,1,1,1,1,1,1,1,1,1,1,1,1,1,1,1,1,1,1,1,1,1,1,1,1,0,0,0,0,0,0,0,0,0,0,0,0,0,0,0,0,0,0,0,0,0,0,0,0,0,0,0,0,0,0,0,0,18,14,Unicorn_Absent,-1,-1.0,4,1316,0.9125,32.0,1.0,46.0,0.0,0.5,UP,0.9,0.3333333333333333,0.0,16,UP,3,2
2272,83179210,57,831739,Absent,32,0,0,0,0,0,0,0,0,0,0,0,0,0,0,0,0,0,0,0,0,0,0,0,0,0,0,0,0,0,0,0,0,1,1,1,1,1,1,1,1,1,1,1,1,1,1,1,1,1,1,1,1,1,1,1,1,1,1,1,1,1,1,1,1,0,32,Unicorn_Absent,-1,-1.0,3,1238,0.8,32.0,0.0,32.0,1.0,0.0,DOWN,0.9125,1.0,0.0,14,UP,3,2
2274,83179210,58,831739,Absent,36,0,0,0,0,0,0,0,0,0,1,1,1,1,1,1,0,0,1,1,1,1,1,1,0,0,1,1,1,1,1,1,0,0,1,1,1,1,1,1,0,0,1,1,1,1,1,1,0,0,1,1,1,1,1,1,0,0,0,0,0,0,0,0,0,-4,36,Unicorn_Absent,-1,-1.0,7,1234,0.775,36.0,0.36,36.0,1.0,0.0,IN,0.8,0.0,1.0,32,DOWN,3,2
2278,83179210,60,831739,Absent,32,0,0,0,0,1,1,1,1,0,0,0,0,1,1,1,1,0,0,0,0,1,1,1,1,0,0,0,0,1,1,1,1,0,0,0,0,1,1,1,1,0,0,0,0,1,1,1,1,0,0,0,0,1,1,1,1,0,0,0,0,1,1,1,1,18,14,Unicorn_Absent,-1,-1.0,6,1252,0.9125,32.0,0.36,46.0,0.3333333333333333,0.5,RIGHT,0.775,0.36,1.0,36,IN,3,2
2161,83179210,1,921061,Absent,44,1,0,0,1,0,0,1,1,1,0,0,0,0,0,0,0,1,0,0,1,1,1,0,1,1,1,1,0,1,0,0,0,1,1,0,1,1,0,1,0,1,1,1,0,1,1,0,0,0,1,1,1,0,0,0,1,0,1,0,1,0,1,0,0,18,14,Unicorn_Absent,-1,-1.0,9,18,0.9125,31.0,1.0,51.0,0.3333333333333333,0.578125,,,,,,,3,2
2165,83179210,3,921061,Absent,0,0,0,0,0,0,0,0,0,0,0,0,0,0,0,0,0,0,0,0,0,0,0,0,0,0,0,0,0,0,0,0,0,0,0,0,0,0,0,0,0,0,0,0,0,0,0,0,0,0,0,0,0,0,0,0,0,0,0,0,0,0,0,0,0,32,0,Unicorn_Absent,-1,-1.0,2,82,1.0,0.0,0.0,32.0,0.028985507246376774,0.5,NOTHING,0.9125,1.0,0.3333333333333333,14,,3,2
2167,83179210,4,921061,Absent,0,0,0,0,0,0,0,0,0,0,0,0,0,0,0,0,0,0,0,0,0,0,0,0,0,0,0,0,0,0,0,0,0,0,0,0,0,0,0,0,0,0,0,0,0,0,0,0,0,0,0,0,0,0,0,0,0,0,0,0,0,0,0,0,0,32,0,Unicorn_Absent,-1,-1.0,2,114,1.0,0.0,1.0,32.0,0.028985507246376774,0.5,NOTHING,1.0,0.0,0.028985507246376774,0,NOTHING,3,2
2169,83179210,5,921061,Absent,32,1,1,1,1,0,0,0,0,1,1,1,1,0,0,0,0,1,1,1,1,0,0,0,0,1,1,1,1,0,0,0,0,1,1,1,1,0,0,0,0,1,1,1,1,0,0,0,0,1,1,1,1,0,0,0,0,1,1,1,1,0,0,0,0,16,16,Unicorn_Absent,-1,-1.0,5,130,0.9,32.0,0.0,48.0,0.3333333333333333,0.5,LEFT,1.0,1.0,0.028985507246376774,0,NOTHING,3,2
2171,83179210,6,921061,Absent,32,1,1,1,1,0,0,0,0,1,1,1,1,0,0,0,0,1,1,1,1,0,0,0,0,1,1,1,1,0,0,0,0,1,1,1,1,0,0,0,0,1,1,1,1,0,0,0,0,1,1,1,1,0,0,0,0,1,1,1,1,0,0,0,0,32,0,Unicorn_Absent,-1,-1.0,5,162,1.0,32.0,1.0,64.0,0.3333333333333333,1.0,LEFT,0.9,0.0,0.3333333333333333,16,LEFT,3,2
2173,83179210,7,921061,Absent,32,1,1,1,1,0,0,0,0,1,1,1,1,0,0,0,0,1,1,1,1,0,0,0,0,1,1,1,1,0,0,0,0,1,1,1,1,0,0,0,0,1,1,1,1,0,0,0,0,1,1,1,1,0,0,0,0,1,1,1,1,0,0,0,0,32,0,Unicorn_Absent,-1,-1.0,5,194,1.0,32.0,1.0,64.0,0.0,1.0,LEFT,1.0,1.0,0.3333333333333333,0,LEFT,3,2
2175,83179210,8,921061,Absent,32,1,1,1,1,0,0,0,0,1,1,1,1,0,0,0,0,1,1,1,1,0,0,0,0,1,1,1,1,0,0,0,0,1,1,1,1,0,0,0,0,1,1,1,1,0,0,0,0,1,1,1,1,0,0,0,0,1,1,1,1,0,0,0,0,16,16,Unicorn_Absent,-1,-1.0,5,210,0.9,32.0,1.0,48.0,0.0,0.5,LEFT,1.0,1.0,0.0,0,LEFT,3,2
2177,83179210,9,921061,Absent,1,0,0,0,0,0,0,0,0,0,0,0,0,0,0,0,0,0,0,0,0,0,0,0,0,0,0,0,0,0,0,0,0,0,0,0,0,0,0,0,0,0,0,0,0,0,0,0,0,0,0,0,0,0,0,0,0,0,0,0,0,0,0,1,0,31,1,Unicorn_Absent,-1,-1.0,9,241,0.99375,1.0,0.0,28.0,0.6666666666666667,0.421875,,0.9,1.0,0.0,16,LEFT,3,2
2179,83179210,10,921061,Absent,32,0,0,0,0,1,1,1,1,0,0,0,0,1,1,1,1,0,0,0,0,1,1,1,1,0,0,0,0,1,1,1,1,0,0,0,0,1,1,1,1,0,0,0,0,1,1,1,1,0,0,0,0,1,1,1,1,0,0,0,0,1,1,1,1,18,14,Unicorn_Absent,-1,-1.0,6,259,0.9125,32.0,0.03125,46.0,0.6666666666666667,0.5,RIGHT,0.99375,0.0,0.6666666666666667,1,,3,2
2181,83179210,11,921061,Absent,32,0,0,0,0,1,1,1,1,0,0,0,0,1,1,1,1,0,0,0,0,1,1,1,1,0,0,0,0,1,1,1,1,0,0,0,0,1,1,1,1,0,0,0,0,1,1,1,1,0,0,0,0,1,1,1,1,0,0,0,0,1,1,1,1,32,0,Unicorn_Absent,-1,-1.0,6,291,1.0,32.0,1.0,32.0,0.0,0.5,RIGHT,0.9125,0.03125,0.6666666666666667,14,RIGHT,3,2
2189,83179210,15,921061,Absent,32,0,0,0,0,0,0,0,0,0,0,0,0,0,0,0,0,0,0,0,0,0,0,0,0,0,0,0,0,0,0,0,0,1,1,1,1,1,1,1,1,1,1,1,1,1,1,1,1,1,1,1,1,1,1,1,1,1,1,1,1,1,1,1,1,32,0,Unicorn_Absent,-1,-1.0,3,317,1.0,32.0,0.3333333333333333,32.0,0.0,0.5,DOWN,1.0,1.0,0.0,0,RIGHT,3,2
2191,83179210,16,921061,Absent,32,0,0,0,0,0,0,0,0,0,0,0,0,0,0,0,0,0,0,0,0,0,0,0,0,0,0,0,0,0,0,0,0,1,1,1,1,1,1,1,1,1,1,1,1,1,1,1,1,1,1,1,1,1,1,1,1,1,1,1,1,1,1,1,1,32,0,Unicorn_Absent,-1,-1.0,3,349,1.0,32.0,1.0,32.0,0.0,0.5,DOWN,1.0,0.3333333333333333,0.0,0,DOWN,3,2
2195,83179210,18,921061,Absent,36,0,0,0,0,0,0,0,0,0,1,1,1,1,1,1,0,0,1,1,1,1,1,1,0,0,1,1,1,1,1,1,0,0,1,1,1,1,1,1,0,0,1,1,1,1,1,1,0,0,1,1,1,1,1,1,0,0,0,0,0,0,0,0,0,14,18,Unicorn_Absent,-1,-1.0,7,299,0.8875,36.0,0.36,50.0,0.0,0.5,IN,1.0,1.0,0.0,0,DOWN,3,2
2197,83179210,19,921061,Absent,32,1,1,1,1,1,1,1,1,1,1,1,1,1,1,1,1,1,1,1,1,1,1,1,1,1,1,1,1,1,1,1,1,0,0,0,0,0,0,0,0,0,0,0,0,0,0,0,0,0,0,0,0,0,0,0,0,0,0,0,0,0,0,0,0,18,14,Unicorn_Absent,-1,-1.0,4,317,0.9125,32.0,0.36,46.0,1.0,0.5,UP,0.8875,0.36,0.0,18,IN,3,2
2199,83179210,20,921061,Absent,0,0,0,0,0,0,0,0,0,0,0,0,0,0,0,0,0,0,0,0,0,0,0,0,0,0,0,0,0,0,0,0,0,0,0,0,0,0,0,0,0,0,0,0,0,0,0,0,0,0,0,0,0,0,0,0,0,0,0,0,0,0,0,0,0,32,0,Unicorn_Absent,-1,-1.0,2,349,1.0,0.0,0.0,36.0,1.0,0.5625,NOTHING,0.9125,0.36,1.0,14,UP,3,2
2205,83179210,23,921061,Absent,0,0,0,0,0,0,0,0,0,0,0,0,0,0,0,0,0,0,0,0,0,0,0,0,0,0,0,0,0,0,0,0,0,0,0,0,0,0,0,0,0,0,0,0,0,0,0,0,0,0,0,0,0,0,0,0,0,0,0,0,0,0,0,0,0,32,0,Unicorn_Absent,-1,-1.0,2,445,1.0,0.0,1.0,36.0,0.7450980392156863,0.5625,NOTHING,1.0,0.0,1.0,0,NOTHING,3,2
2207,83179210,24,921061,Absent,32,1,1,1,1,0,0,0,0,1,1,1,1,0,0,0,0,1,1,1,1,0,0,0,0,1,1,1,1,0,0,0,0,1,1,1,1,0,0,0,0,1,1,1,1,0,0,0,0,1,1,1,1,0,0,0,0,1,1,1,1,0,0,0,0,14,18,Unicorn_Absent,-1,-1.0,5,459,0.8875,32.0,0.0,50.0,0.7450980392156863,0.5,LEFT,1.0,1.0,0.7450980392156863,0,NOTHING,3,2
2209,83179210,25,921061,Absent,32,0,0,0,0,0,0,0,0,0,0,0,0,0,0,0,0,0,0,0,0,0,0,0,0,0,0,0,0,0,0,0,0,1,1,1,1,1,1,1,1,1,1,1,1,1,1,1,1,1,1,1,1,1,1,1,1,1,1,1,1,1,1,1,1,18,14,Unicorn_Absent,-1,-1.0,3,477,0.9125,32.0,0.3333333333333333,46.0,0.2765957446808511,0.5,DOWN,0.8875,0.0,0.7450980392156863,18,LEFT,3,2
2211,83179210,26,921061,Absent,32,0,0,0,0,1,1,1,1,0,0,0,0,1,1,1,1,0,0,0,0,1,1,1,1,0,0,0,0,1,1,1,1,0,0,0,0,1,1,1,1,0,0,0,0,1,1,1,1,0,0,0,0,1,1,1,1,0,0,0,0,1,1,1,1,16,16,Unicorn_Absent,-1,-1.0,6,493,0.9,32.0,0.3333333333333333,48.0,0.2765957446808511,0.5,RIGHT,0.9125,0.3333333333333333,0.2765957446808511,14,DOWN,3,2
2213,83179210,27,921061,Absent,0,0,0,0,0,0,0,0,0,0,0,0,0,0,0,0,0,0,0,0,0,0,0,0,0,0,0,0,0,0,0,0,0,0,0,0,0,0,0,0,0,0,0,0,0,0,0,0,0,0,0,0,0,0,0,0,0,0,0,0,0,0,0,0,0,32,0,Unicorn_Absent,-1,-1.0,2,525,1.0,0.0,0.0,32.0,0.0,0.5,NOTHING,0.9,0.3333333333333333,0.2765957446808511,16,RIGHT,3,2
2215,83179210,28,921061,Absent,0,0,0,0,0,0,0,0,0,0,0,0,0,0,0,0,0,0,0,0,0,0,0,0,0,0,0,0,0,0,0,0,0,0,0,0,0,0,0,0,0,0,0,0,0,0,0,0,0,0,0,0,0,0,0,0,0,0,0,0,0,0,0,0,0,32,0,Unicorn_Absent,-1,-1.0,2,557,1.0,0.0,1.0,32.0,0.0,0.5,NOTHING,1.0,0.0,0.0,0,NOTHING,3,2
2223,83179210,32,921061,Absent,0,0,0,0,0,0,0,0,0,0,0,0,0,0,0,0,0,0,0,0,0,0,0,0,0,0,0,0,0,0,0,0,0,0,0,0,0,0,0,0,0,0,0,0,0,0,0,0,0,0,0,0,0,0,0,0,0,0,0,0,0,0,0,0,0,32,0,Unicorn_Absent,-1,-1.0,2,685,1.0,0.0,1.0,32.0,0.028985507246376774,0.5,NOTHING,1.0,1.0,0.0,0,NOTHING,3,2
2225,83179210,33,921061,Absent,0,0,0,0,0,0,0,0,0,0,0,0,0,0,0,0,0,0,0,0,0,0,0,0,0,0,0,0,0,0,0,0,0,0,0,0,0,0,0,0,0,0,0,0,0,0,0,0,0,0,0,0,0,0,0,0,0,0,0,0,0,0,0,0,0,32,0,Unicorn_Absent,-1,-1.0,2,717,1.0,0.0,1.0,32.0,0.028985507246376774,0.5,NOTHING,1.0,1.0,0.028985507246376774,0,NOTHING,3,2
2229,83179210,35,921061,Absent,0,0,0,0,0,0,0,0,0,0,0,0,0,0,0,0,0,0,0,0,0,0,0,0,0,0,0,0,0,0,0,0,0,0,0,0,0,0,0,0,0,0,0,0,0,0,0,0,0,0,0,0,0,0,0,0,0,0,0,0,0,0,0,0,0,32,0,Unicorn_Absent,-1,-1.0,2,781,1.0,0.0,1.0,32.0,0.0,0.5,NOTHING,1.0,1.0,0.028985507246376774,0,NOTHING,3,2
2233,83179210,37,921061,Absent,32,0,0,0,0,0,0,0,0,0,0,0,0,0,0,0,0,0,0,0,0,0,0,0,0,0,0,0,0,0,0,0,0,1,1,1,1,1,1,1,1,1,1,1,1,1,1,1,1,1,1,1,1,1,1,1,1,1,1,1,1,1,1,1,1,32,0,Unicorn_Absent,-1,-1.0,3,845,1.0,32.0,0.0,64.0,0.0,1.0,DOWN,1.0,1.0,0.0,0,NOTHING,3,2
2245,83179210,43,921061,Absent,42,0,1,0,1,1,0,1,0,0,1,1,1,0,1,1,1,0,0,1,0,1,1,0,1,1,1,0,0,1,0,1,1,1,1,0,0,1,1,1,1,0,0,0,0,1,1,1,1,0,0,1,0,0,0,0,1,0,0,1,0,0,0,0,0,13,19,Unicorn_Absent,-1,-1.0,9,1018,0.88125,32.0,0.2549019607843137,45.0,0.6666666666666667,0.40625,,1.0,0.0,0.0,0,DOWN,3,2
2249,83179210,45,921061,Absent,28,1,1,1,1,1,1,1,1,1,0,0,0,0,0,0,1,1,0,0,0,0,0,0,1,1,0,0,0,0,0,0,1,1,0,0,0,0,0,0,1,1,0,0,0,0,0,0,1,1,0,0,0,0,0,0,1,1,1,1,1,1,1,1,1,18,14,Unicorn_Absent,-1,-1.0,8,1068,0.9125,28.0,0.2765957446808511,46.0,0.6666666666666667,0.5,OUT,0.88125,0.2549019607843137,0.6666666666666667,19,,3,2
2251,83179210,46,921061,Absent,28,1,1,1,1,1,1,1,1,1,0,0,0,0,0,0,1,1,0,0,0,0,0,0,1,1,0,0,0,0,0,0,1,1,0,0,0,0,0,0,1,1,0,0,0,0,0,0,1,1,0,0,0,0,0,0,1,1,1,1,1,1,1,1,1,18,14,Unicorn_Absent,-1,-1.0,8,1086,0.9125,28.0,1.0,46.0,0.6956521739130435,0.5,OUT,0.9125,0.2765957446808511,0.6666666666666667,14,OUT,3,2
2255,83179210,48,921061,Absent,32,1,1,1,1,0,0,0,0,1,1,1,1,0,0,0,0,1,1,1,1,0,0,0,0,1,1,1,1,0,0,0,0,1,1,1,1,0,0,0,0,1,1,1,1,0,0,0,0,1,1,1,1,0,0,0,0,1,1,1,1,0,0,0,0,32,0,Unicorn_Absent,-1,-1.0,5,1150,1.0,32.0,0.30434782608695654,64.0,0.6956521739130435,1.0,LEFT,0.9125,1.0,0.6956521739130435,14,OUT,3,2
2261,83179210,51,921061,Absent,32,1,1,1,1,0,0,0,0,1,1,1,1,0,0,0,0,1,1,1,1,0,0,0,0,1,1,1,1,0,0,0,0,1,1,1,1,0,0,0,0,1,1,1,1,0,0,0,0,1,1,1,1,0,0,0,0,1,1,1,1,0,0,0,0,32,0,Unicorn_Absent,-1,-1.0,5,1246,1.0,32.0,1.0,64.0,0.30434782608695654,1.0,LEFT,1.0,0.30434782608695654,0.6956521739130435,0,LEFT,3,2
2265,83179210,53,921061,Absent,32,1,1,1,1,0,0,0,0,1,1,1,1,0,0,0,0,1,1,1,1,0,0,0,0,1,1,1,1,0,0,0,0,1,1,1,1,0,0,0,0,1,1,1,1,0,0,0,0,1,1,1,1,0,0,0,0,1,1,1,1,0,0,0,0,16,16,Unicorn_Absent,-1,-1.0,5,1294,0.9,32.0,1.0,48.0,0.30434782608695654,0.5,LEFT,1.0,1.0,0.30434782608695654,0,LEFT,3,2
2269,83179210,55,921061,Absent,28,1,1,1,1,1,1,1,1,1,0,0,0,0,0,0,1,1,0,0,0,0,0,0,1,1,0,0,0,0,0,0,1,1,0,0,0,0,0,0,1,1,0,0,0,0,0,0,1,1,0,0,0,0,0,0,1,1,1,1,1,1,1,1,1,18,14,Unicorn_Absent,-1,-1.0,8,1316,0.9125,28.0,0.30434782608695654,46.0,0.0,0.5,OUT,0.9,1.0,0.30434782608695654,16,LEFT,3,2
2273,83179210,57,921061,Absent,32,0,0,0,0,0,0,0,0,0,0,0,0,0,0,0,0,0,0,0,0,0,0,0,0,0,0,0,0,0,0,0,0,1,1,1,1,1,1,1,1,1,1,1,1,1,1,1,1,1,1,1,1,1,1,1,1,1,1,1,1,1,1,1,1,0,32,Unicorn_Absent,-1,-1.0,3,1238,0.8,32.0,0.30434782608695654,32.0,0.0,0.0,DOWN,0.9125,0.30434782608695654,0.0,14,OUT,3,2
2275,83179210,58,921061,Absent,36,0,0,0,0,0,0,0,0,0,1,1,1,1,1,1,0,0,1,1,1,1,1,1,0,0,1,1,1,1,1,1,0,0,1,1,1,1,1,1,0,0,1,1,1,1,1,1,0,0,1,1,1,1,1,1,0,0,0,0,0,0,0,0,0,-4,36,Unicorn_Absent,-1,-1.0,7,1234,0.775,36.0,0.36,36.0,0.36,0.0,IN,0.8,0.30434782608695654,0.0,32,DOWN,3,2
2279,83179210,60,921061,Absent,28,1,1,1,1,1,1,1,1,1,0,0,0,0,0,0,1,1,0,0,0,0,0,0,1,1,0,0,0,0,0,0,1,1,0,0,0,0,0,0,1,1,0,0,0,0,0,0,1,1,0,0,0,0,0,0,1,1,1,1,1,1,1,1,1,18,14,Unicorn_Absent,-1,-1.0,8,1252,0.9125,28.0,0.0,46.0,0.36,0.5,OUT,0.775,0.36,0.36,36,IN,3,2
4925,84513783,3,378370,Absent,64,1,1,1,1,1,1,1,1,1,1,1,1,1,1,1,1,1,1,1,1,1,1,1,1,1,1,1,1,1,1,1,1,1,1,1,1,1,1,1,1,1,1,1,1,1,1,1,1,1,1,1,1,1,1,1,1,1,1,1,1,1,1,1,1,0,32,Unicorn_Absent,-1,-1.0,1,-47,0.8,64.0,1.0,64.0,0.0,0.5,ALL,,,,,,3,2
4927,84513783,4,378370,Absent,0,0,0,0,0,0,0,0,0,0,0,0,0,0,0,0,0,0,0,0,0,0,0,0,0,0,0,0,0,0,0,0,0,0,0,0,0,0,0,0,0,0,0,0,0,0,0,0,0,0,0,0,0,0,0,0,0,0,0,0,0,0,0,0,0,32,0,Unicorn_Absent,-1,-1.0,2,-15,1.0,0.0,0.0,28.0,0.0,0.4375,NOTHING,0.8,1.0,0.0,32,ALL,3,2
4929,84513783,5,378370,Absent,32,0,0,0,0,1,1,1,1,0,0,0,0,1,1,1,1,0,0,0,0,1,1,1,1,0,0,0,0,1,1,1,1,0,0,0,0,1,1,1,1,0,0,0,0,1,1,1,1,0,0,0,0,1,1,1,1,0,0,0,0,1,1,1,1,18,14,Unicorn_Absent,-1,-1.0,6,3,0.9125,32.0,0.0,46.0,0.30434782608695654,0.5,RIGHT,1.0,0.0,0.0,0,NOTHING,3,2
4933,84513783,7,378370,Absent,32,0,0,0,0,1,1,1,1,0,0,0,0,1,1,1,1,0,0,0,0,1,1,1,1,0,0,0,0,1,1,1,1,0,0,0,0,1,1,1,1,0,0,0,0,1,1,1,1,0,0,0,0,1,1,1,1,0,0,0,0,1,1,1,1,32,0,Unicorn_Absent,-1,-1.0,6,67,1.0,32.0,1.0,32.0,0.30434782608695654,0.5,RIGHT,0.9125,0.0,0.30434782608695654,14,RIGHT,3,2
4937,84513783,9,378370,Absent,32,1,1,1,1,0,0,0,0,1,1,1,1,0,0,0,0,1,1,1,1,0,0,0,0,1,1,1,1,0,0,0,0,1,1,1,1,0,0,0,0,1,1,1,1,0,0,0,0,1,1,1,1,0,0,0,0,1,1,1,1,0,0,0,0,32,0,Unicorn_Absent,-1,-1.0,5,131,1.0,32.0,0.0,32.0,1.0,0.5,LEFT,1.0,1.0,0.30434782608695654,0,RIGHT,3,2
4941,84513783,11,378370,Absent,0,0,0,0,0,0,0,0,0,0,0,0,0,0,0,0,0,0,0,0,0,0,0,0,0,0,0,0,0,0,0,0,0,0,0,0,0,0,0,0,0,0,0,0,0,0,0,0,0,0,0,0,0,0,0,0,0,0,0,0,0,0,0,0,0,32,0,Unicorn_Absent,-1,-1.0,2,99,1.0,0.0,0.0,32.0,1.0,0.5,NOTHING,1.0,0.0,1.0,0,LEFT,3,2
4943,84513783,12,378370,Absent,0,0,0,0,0,0,0,0,0,0,0,0,0,0,0,0,0,0,0,0,0,0,0,0,0,0,0,0,0,0,0,0,0,0,0,0,0,0,0,0,0,0,0,0,0,0,0,0,0,0,0,0,0,0,0,0,0,0,0,0,0,0,0,0,0,32,0,Unicorn_Absent,-1,-1.0,2,131,1.0,0.0,1.0,32.0,1.0,0.5,NOTHING,1.0,0.0,1.0,0,NOTHING,3,2
4945,84513783,13,378370,Absent,32,0,0,0,0,0,0,0,0,0,0,0,0,0,0,0,0,0,0,0,0,0,0,0,0,0,0,0,0,0,0,0,0,1,1,1,1,1,1,1,1,1,1,1,1,1,1,1,1,1,1,1,1,1,1,1,1,1,1,1,1,1,1,1,1,14,18,Unicorn_Absent,-1,-1.0,3,145,0.8875,32.0,0.0,50.0,1.0,0.5,DOWN,1.0,1.0,1.0,0,NOTHING,3,2
4953,84513783,17,378370,Absent,0,0,0,0,0,0,0,0,0,0,0,0,0,0,0,0,0,0,0,0,0,0,0,0,0,0,0,0,0,0,0,0,0,0,0,0,0,0,0,0,0,0,0,0,0,0,0,0,0,0,0,0,0,0,0,0,0,0,0,0,0,0,0,0,0,32,0,Unicorn_Absent,-1,-1.0,2,54,1.0,0.0,0.0,32.0,1.0,0.5,NOTHING,0.8875,0.0,1.0,18,DOWN,3,2
4955,84513783,18,378370,Absent,0,0,0,0,0,0,0,0,0,0,0,0,0,0,0,0,0,0,0,0,0,0,0,0,0,0,0,0,0,0,0,0,0,0,0,0,0,0,0,0,0,0,0,0,0,0,0,0,0,0,0,0,0,0,0,0,0,0,0,0,0,0,0,0,0,32,0,Unicorn_Absent,-1,-1.0,2,86,1.0,0.0,1.0,36.0,1.0,0.5625,NOTHING,1.0,0.0,1.0,0,NOTHING,3,2
4959,84513783,20,378370,Absent,32,0,0,0,0,1,1,1,1,0,0,0,0,1,1,1,1,0,0,0,0,1,1,1,1,0,0,0,0,1,1,1,1,0,0,0,0,1,1,1,1,0,0,0,0,1,1,1,1,0,0,0,0,1,1,1,1,0,0,0,0,1,1,1,1,14,18,Unicorn_Absent,-1,-1.0,6,36,0.8875,32.0,0.0,50.0,0.0,0.5,RIGHT,1.0,1.0,1.0,0,NOTHING,3,2
4961,84513783,21,378370,Absent,28,1,1,1,1,1,1,1,1,1,0,0,0,0,0,0,1,1,0,0,0,0,0,0,1,1,0,0,0,0,0,0,1,1,0,0,0,0,0,0,1,1,0,0,0,0,0,0,1,1,0,0,0,0,0,0,1,1,1,1,1,1,1,1,1,4,28,Unicorn_Absent,-1,-1.0,8,40,0.825,28.0,0.30434782608695654,64.0,0.0,0.5625,OUT,0.8875,0.0,0.0,18,RIGHT,3,2
4963,84513783,22,378370,Absent,0,0,0,0,0,0,0,0,0,0,0,0,0,0,0,0,0,0,0,0,0,0,0,0,0,0,0,0,0,0,0,0,0,0,0,0,0,0,0,0,0,0,0,0,0,0,0,0,0,0,0,0,0,0,0,0,0,0,0,0,0,0,0,0,0,32,0,Unicorn_Absent,-1,-1.0,2,72,1.0,0.0,0.0,32.0,0.0,0.5,NOTHING,0.825,0.30434782608695654,0.0,28,OUT,3,2
4969,84513783,25,378370,Absent,28,1,1,1,1,1,1,1,1,1,0,0,0,0,0,0,1,1,0,0,0,0,0,0,1,1,0,0,0,0,0,0,1,1,0,0,0,0,0,0,1,1,0,0,0,0,0,0,1,1,0,0,0,0,0,0,1,1,1,1,1,1,1,1,1,18,14,Unicorn_Absent,-1,-1.0,8,58,0.9125,28.0,0.0,46.0,0.0,0.5,OUT,1.0,0.0,0.0,0,NOTHING,3,2
4971,84513783,26,378370,Absent,64,1,1,1,1,1,1,1,1,1,1,1,1,1,1,1,1,1,1,1,1,1,1,1,1,1,1,1,1,1,1,1,1,1,1,1,1,1,1,1,1,1,1,1,1,1,1,1,1,1,1,1,1,1,1,1,1,1,1,1,1,1,1,1,1,4,28,Unicorn_Absent,-1,-1.0,1,62,0.825,64.0,0.4375,64.0,0.36,0.5625,ALL,0.9125,0.0,0.0,14,OUT,3,2
4981,84513783,31,378370,Absent,32,1,1,1,1,1,1,1,1,1,1,1,1,1,1,1,1,1,1,1,1,1,1,1,1,1,1,1,1,1,1,1,1,0,0,0,0,0,0,0,0,0,0,0,0,0,0,0,0,0,0,0,0,0,0,0,0,0,0,0,0,0,0,0,0,16,16,Unicorn_Absent,-1,-1.0,4,59,0.9,32.0,0.5,48.0,0.36,0.5,UP,0.825,0.4375,0.36,28,ALL,3,2
4985,84513783,33,378370,Absent,64,1,1,1,1,1,1,1,1,1,1,1,1,1,1,1,1,1,1,1,1,1,1,1,1,1,1,1,1,1,1,1,1,1,1,1,1,1,1,1,1,1,1,1,1,1,1,1,1,1,1,1,1,1,1,1,1,1,1,1,1,1,1,1,1,0,32,Unicorn_Absent,-1,-1.0,1,91,0.8,64.0,0.5,64.0,0.36,0.5,ALL,0.9,0.5,0.36,16,UP,3,2
4993,84513783,37,378370,Absent,32,0,0,0,0,0,0,0,0,0,0,0,0,0,0,0,0,0,0,0,0,0,0,0,0,0,0,0,0,0,0,0,0,1,1,1,1,1,1,1,1,1,1,1,1,1,1,1,1,1,1,1,1,1,1,1,1,1,1,1,1,1,1,1,1,0,32,Unicorn_Absent,-1,-1.0,3,-23,0.8,32.0,0.5,64.0,0.36,0.5,DOWN,0.8,0.5,0.36,32,ALL,3,2
5003,84513783,42,378370,Absent,28,1,1,1,1,1,1,1,1,1,0,0,0,0,0,0,1,1,0,0,0,0,0,0,1,1,0,0,0,0,0,0,1,1,0,0,0,0,0,0,1,1,0,0,0,0,0,0,1,1,0,0,0,0,0,0,1,1,1,1,1,1,1,1,1,32,0,Unicorn_Absent,-1,-1.0,8,23,1.0,28.0,0.30434782608695654,64.0,0.64,1.0,OUT,0.8,0.5,0.36,32,DOWN,3,2
5005,84513783,43,378370,Absent,28,1,1,1,1,1,1,1,1,1,0,0,0,0,0,0,1,1,0,0,0,0,0,0,1,1,0,0,0,0,0,0,1,1,0,0,0,0,0,0,1,1,0,0,0,0,0,0,1,1,0,0,0,0,0,0,1,1,1,1,1,1,1,1,1,32,0,Unicorn_Absent,-1,-1.0,8,55,1.0,28.0,1.0,64.0,0.64,1.0,OUT,1.0,0.30434782608695654,0.64,0,OUT,3,2
5011,84513783,46,378370,Absent,32,0,0,0,0,1,1,1,1,0,0,0,0,1,1,1,1,0,0,0,0,1,1,1,1,0,0,0,0,1,1,1,1,0,0,0,0,1,1,1,1,0,0,0,0,1,1,1,1,0,0,0,0,1,1,1,1,0,0,0,0,1,1,1,1,32,0,Unicorn_Absent,-1,-1.0,6,142,1.0,32.0,0.30434782608695654,64.0,1.0,1.0,RIGHT,1.0,1.0,0.64,0,OUT,3,2
5013,84513783,47,378370,Absent,32,1,1,1,1,1,1,1,1,1,1,1,1,1,1,1,1,1,1,1,1,1,1,1,1,1,1,1,1,1,1,1,1,0,0,0,0,0,0,0,0,0,0,0,0,0,0,0,0,0,0,0,0,0,0,0,0,0,0,0,0,0,0,0,0,16,16,Unicorn_Absent,-1,-1.0,4,158,0.9,32.0,0.3333333333333333,48.0,1.0,0.5,UP,1.0,0.30434782608695654,1.0,0,RIGHT,3,2
5023,84513783,52,378370,Absent,32,1,1,1,1,0,0,0,0,1,1,1,1,0,0,0,0,1,1,1,1,0,0,0,0,1,1,1,1,0,0,0,0,1,1,1,1,0,0,0,0,1,1,1,1,0,0,0,0,1,1,1,1,0,0,0,0,1,1,1,1,0,0,0,0,32,0,Unicorn_Absent,-1,-1.0,5,213,1.0,32.0,0.3333333333333333,32.0,0.25815217391304346,0.5,LEFT,0.9,0.3333333333333333,1.0,16,UP,3,2
5025,84513783,53,378370,Absent,32,1,1,1,1,0,0,0,0,1,1,1,1,0,0,0,0,1,1,1,1,0,0,0,0,1,1,1,1,0,0,0,0,1,1,1,1,0,0,0,0,1,1,1,1,0,0,0,0,1,1,1,1,0,0,0,0,1,1,1,1,0,0,0,0,32,0,Unicorn_Absent,-1,-1.0,5,245,1.0,32.0,1.0,32.0,0.25815217391304346,0.5,LEFT,1.0,0.3333333333333333,0.25815217391304346,0,LEFT,3,2
5027,84513783,54,378370,Absent,36,0,0,0,0,0,0,0,0,0,1,1,1,1,1,1,0,0,1,1,1,1,1,1,0,0,1,1,1,1,1,1,0,0,1,1,1,1,1,1,0,0,1,1,1,1,1,1,0,0,1,1,1,1,1,1,0,0,0,0,0,0,0,0,0,32,0,Unicorn_Absent,-1,-1.0,7,277,1.0,36.0,0.36,36.0,0.5,0.5625,IN,1.0,1.0,0.25815217391304346,0,LEFT,3,2
5029,84513783,55,378370,Absent,36,0,0,0,0,0,0,0,0,0,1,1,1,1,1,1,0,0,1,1,1,1,1,1,0,0,1,1,1,1,1,1,0,0,1,1,1,1,1,1,0,0,1,1,1,1,1,1,0,0,1,1,1,1,1,1,0,0,0,0,0,0,0,0,0,32,0,Unicorn_Absent,-1,-1.0,7,309,1.0,36.0,1.0,36.0,0.5,0.5625,IN,1.0,0.36,0.5,0,IN,3,2
5031,84513783,56,378370,Absent,36,0,0,0,0,0,0,0,0,0,1,1,1,1,1,1,0,0,1,1,1,1,1,1,0,0,1,1,1,1,1,1,0,0,1,1,1,1,1,1,0,0,1,1,1,1,1,1,0,0,1,1,1,1,1,1,0,0,0,0,0,0,0,0,0,32,0,Unicorn_Absent,-1,-1.0,7,341,1.0,36.0,1.0,36.0,0.0,0.5625,IN,1.0,1.0,0.5,0,IN,3,2
5035,84513783,58,378370,Absent,28,1,1,1,1,1,1,1,1,1,0,0,0,0,0,0,1,1,0,0,0,0,0,0,1,1,0,0,0,0,0,0,1,1,0,0,0,0,0,0,1,1,0,0,0,0,0,0,1,1,0,0,0,0,0,0,1,1,1,1,1,1,1,1,1,32,0,Unicorn_Absent,-1,-1.0,8,309,1.0,28.0,0.0,64.0,0.0,1.0,OUT,1.0,1.0,0.0,0,IN,3,2
5037,84513783,59,378370,Absent,28,1,1,1,1,1,1,1,1,1,0,0,0,0,0,0,1,1,0,0,0,0,0,0,1,1,0,0,0,0,0,0,1,1,0,0,0,0,0,0,1,1,0,0,0,0,0,0,1,1,0,0,0,0,0,0,1,1,1,1,1,1,1,1,1,32,0,Unicorn_Absent,-1,-1.0,8,341,1.0,28.0,1.0,64.0,0.13315217391304346,1.0,OUT,1.0,0.0,0.0,0,OUT,3,2
4924,84513783,3,845155,Absent,32,0,0,0,0,1,1,1,1,0,0,0,0,1,1,1,1,0,0,0,0,1,1,1,1,0,0,0,0,1,1,1,1,0,0,0,0,1,1,1,1,0,0,0,0,1,1,1,1,0,0,0,0,1,1,1,1,0,0,0,0,1,1,1,1,0,32,Unicorn_Absent,-1,-1.0,6,-47,0.8,32.0,1.0,64.0,0.13315217391304346,0.5,RIGHT,,,,,,3,2
4926,84513783,4,845155,Absent,28,1,1,1,1,1,1,1,1,1,0,0,0,0,0,0,1,1,0,0,0,0,0,0,1,1,0,0,0,0,0,0,1,1,0,0,0,0,0,0,1,1,0,0,0,0,0,0,1,1,0,0,0,0,0,0,1,1,1,1,1,1,1,1,1,32,0,Unicorn_Absent,-1,-1.0,8,-15,1.0,28.0,0.30434782608695654,28.0,0.19565217391304346,0.4375,OUT,0.8,1.0,0.13315217391304346,32,RIGHT,3,2
4928,84513783,5,845155,Absent,28,1,1,1,1,1,1,1,1,1,0,0,0,0,0,0,1,1,0,0,0,0,0,0,1,1,0,0,0,0,0,0,1,1,0,0,0,0,0,0,1,1,0,0,0,0,0,0,1,1,0,0,0,0,0,0,1,1,1,1,1,1,1,1,1,18,14,Unicorn_Absent,-1,-1.0,8,3,0.9125,28.0,1.0,46.0,0.19565217391304346,0.5,OUT,1.0,0.30434782608695654,0.19565217391304346,0,OUT,3,2
4932,84513783,7,845155,Absent,0,0,0,0,0,0,0,0,0,0,0,0,0,0,0,0,0,0,0,0,0,0,0,0,0,0,0,0,0,0,0,0,0,0,0,0,0,0,0,0,0,0,0,0,0,0,0,0,0,0,0,0,0,0,0,0,0,0,0,0,0,0,0,0,0,32,0,Unicorn_Absent,-1,-1.0,2,67,1.0,0.0,0.0,32.0,0.16666666666666669,0.5,NOTHING,0.9125,1.0,0.19565217391304346,14,OUT,3,2
4936,84513783,9,845155,Absent,0,0,0,0,0,0,0,0,0,0,0,0,0,0,0,0,0,0,0,0,0,0,0,0,0,0,0,0,0,0,0,0,0,0,0,0,0,0,0,0,0,0,0,0,0,0,0,0,0,0,0,0,0,0,0,0,0,0,0,0,0,0,0,0,0,32,0,Unicorn_Absent,-1,-1.0,2,131,1.0,0.0,1.0,32.0,0.16666666666666669,0.5,NOTHING,1.0,0.0,0.16666666666666669,0,NOTHING,3,2
4940,84513783,11,845155,Absent,32,1,1,1,1,1,1,1,1,1,1,1,1,1,1,1,1,1,1,1,1,1,1,1,1,1,1,1,1,1,1,1,1,0,0,0,0,0,0,0,0,0,0,0,0,0,0,0,0,0,0,0,0,0,0,0,0,0,0,0,0,0,0,0,0,32,0,Unicorn_Absent,-1,-1.0,4,99,1.0,32.0,0.0,32.0,0.0,0.5,UP,1.0,1.0,0.16666666666666669,0,NOTHING,3,2
4942,84513783,12,845155,Absent,32,1,1,1,1,1,1,1,1,1,1,1,1,1,1,1,1,1,1,1,1,1,1,1,1,1,1,1,1,1,1,1,1,0,0,0,0,0,0,0,0,0,0,0,0,0,0,0,0,0,0,0,0,0,0,0,0,0,0,0,0,0,0,0,0,32,0,Unicorn_Absent,-1,-1.0,4,131,1.0,32.0,1.0,32.0,0.0,0.5,UP,1.0,0.0,0.0,0,UP,3,2
4944,84513783,13,845155,Absent,36,0,0,0,0,0,0,0,0,0,1,1,1,1,1,1,0,0,1,1,1,1,1,1,0,0,1,1,1,1,1,1,0,0,1,1,1,1,1,1,0,0,1,1,1,1,1,1,0,0,1,1,1,1,1,1,0,0,0,0,0,0,0,0,0,14,18,Unicorn_Absent,-1,-1.0,7,145,0.8875,36.0,0.36,50.0,0.25815217391304346,0.5,IN,1.0,1.0,0.0,0,UP,3,2
4952,84513783,17,845155,Absent,32,0,0,0,0,0,0,0,0,0,0,0,0,0,0,0,0,0,0,0,0,0,0,0,0,0,0,0,0,0,0,0,0,1,1,1,1,1,1,1,1,1,1,1,1,1,1,1,1,1,1,1,1,1,1,1,1,1,1,1,1,1,1,1,1,32,0,Unicorn_Absent,-1,-1.0,3,54,1.0,32.0,0.36,32.0,0.25815217391304346,0.5,DOWN,0.8875,0.36,0.25815217391304346,18,IN,3,2
4954,84513783,18,845155,Absent,36,0,0,0,0,0,0,0,0,0,1,1,1,1,1,1,0,0,1,1,1,1,1,1,0,0,1,1,1,1,1,1,0,0,1,1,1,1,1,1,0,0,1,1,1,1,1,1,0,0,1,1,1,1,1,1,0,0,0,0,0,0,0,0,0,32,0,Unicorn_Absent,-1,-1.0,7,86,1.0,36.0,0.36,36.0,0.0,0.5625,IN,1.0,0.36,0.25815217391304346,0,DOWN,3,2
4958,84513783,20,845155,Absent,36,0,0,0,0,0,0,0,0,0,1,1,1,1,1,1,0,0,1,1,1,1,1,1,0,0,1,1,1,1,1,1,0,0,1,1,1,1,1,1,0,0,1,1,1,1,1,1,0,0,1,1,1,1,1,1,0,0,0,0,0,0,0,0,0,14,18,Unicorn_Absent,-1,-1.0,7,36,0.8875,36.0,1.0,50.0,0.0,0.5,IN,1.0,0.36,0.0,0,IN,3,2
4960,84513783,21,845155,Absent,64,1,1,1,1,1,1,1,1,1,1,1,1,1,1,1,1,1,1,1,1,1,1,1,1,1,1,1,1,1,1,1,1,1,1,1,1,1,1,1,1,1,1,1,1,1,1,1,1,1,1,1,1,1,1,1,1,1,1,1,1,1,1,1,1,4,28,Unicorn_Absent,-1,-1.0,1,40,0.825,64.0,0.5625,64.0,0.055652173913043446,0.5625,ALL,0.8875,1.0,0.0,18,IN,3,2
4962,84513783,22,845155,Absent,32,0,0,0,0,0,0,0,0,0,0,0,0,0,0,0,0,0,0,0,0,0,0,0,0,0,0,0,0,0,0,0,0,1,1,1,1,1,1,1,1,1,1,1,1,1,1,1,1,1,1,1,1,1,1,1,1,1,1,1,1,1,1,1,1,32,0,Unicorn_Absent,-1,-1.0,3,72,1.0,32.0,0.5,32.0,0.055652173913043446,0.5,DOWN,0.825,0.5625,0.055652173913043446,28,ALL,3,2
4968,84513783,25,845155,Absent,32,1,1,1,1,1,1,1,1,1,1,1,1,1,1,1,1,1,1,1,1,1,1,1,1,1,1,1,1,1,1,1,1,0,0,0,0,0,0,0,0,0,0,0,0,0,0,0,0,0,0,0,0,0,0,0,0,0,0,0,0,0,0,0,0,18,14,Unicorn_Absent,-1,-1.0,4,58,0.9125,32.0,0.0,46.0,0.6666666666666667,0.5,UP,1.0,0.5,0.055652173913043446,0,DOWN,3,2
4970,84513783,26,845155,Absent,28,1,1,1,1,1,1,1,1,1,0,0,0,0,0,0,1,1,0,0,0,0,0,0,1,1,0,0,0,0,0,0,1,1,0,0,0,0,0,0,1,1,0,0,0,0,0,0,1,1,0,0,0,0,0,0,1,1,1,1,1,1,1,1,1,4,28,Unicorn_Absent,-1,-1.0,8,62,0.825,28.0,0.30434782608695654,64.0,0.6666666666666667,0.5625,OUT,0.9125,0.0,0.6666666666666667,14,UP,3,2
4980,84513783,31,845155,Absent,32,0,0,0,0,1,1,1,1,0,0,0,0,1,1,1,1,0,0,0,0,1,1,1,1,0,0,0,0,1,1,1,1,0,0,0,0,1,1,1,1,0,0,0,0,1,1,1,1,0,0,0,0,1,1,1,1,0,0,0,0,1,1,1,1,16,16,Unicorn_Absent,-1,-1.0,6,59,0.9,32.0,0.30434782608695654,48.0,0.3333333333333333,0.5,RIGHT,0.825,0.30434782608695654,0.6666666666666667,28,OUT,3,2
4984,84513783,33,845155,Absent,32,1,1,1,1,1,1,1,1,1,1,1,1,1,1,1,1,1,1,1,1,1,1,1,1,1,1,1,1,1,1,1,1,0,0,0,0,0,0,0,0,0,0,0,0,0,0,0,0,0,0,0,0,0,0,0,0,0,0,0,0,0,0,0,0,0,32,Unicorn_Absent,-1,-1.0,4,91,0.8,32.0,0.3333333333333333,64.0,0.3333333333333333,0.5,UP,0.9,0.30434782608695654,0.3333333333333333,16,RIGHT,3,2
4992,84513783,37,845155,Absent,64,1,1,1,1,1,1,1,1,1,1,1,1,1,1,1,1,1,1,1,1,1,1,1,1,1,1,1,1,1,1,1,1,1,1,1,1,1,1,1,1,1,1,1,1,1,1,1,1,1,1,1,1,1,1,1,1,1,1,1,1,1,1,1,1,0,32,Unicorn_Absent,-1,-1.0,1,-23,0.8,64.0,0.5,64.0,0.0,0.5,ALL,0.8,0.3333333333333333,0.3333333333333333,32,UP,3,2
5002,84513783,42,845155,Absent,36,0,0,0,0,0,0,0,0,0,1,1,1,1,1,1,0,0,1,1,1,1,1,1,0,0,1,1,1,1,1,1,0,0,1,1,1,1,1,1,0,0,1,1,1,1,1,1,0,0,1,1,1,1,1,1,0,0,0,0,0,0,0,0,0,32,0,Unicorn_Absent,-1,-1.0,7,23,1.0,36.0,0.5625,64.0,0.0,1.0,IN,0.8,0.5,0.0,32,ALL,3,2
5004,84513783,43,845155,Absent,36,0,0,0,0,0,0,0,0,0,1,1,1,1,1,1,0,0,1,1,1,1,1,1,0,0,1,1,1,1,1,1,0,0,1,1,1,1,1,1,0,0,1,1,1,1,1,1,0,0,1,1,1,1,1,1,0,0,0,0,0,0,0,0,0,32,0,Unicorn_Absent,-1,-1.0,7,55,1.0,36.0,1.0,64.0,0.64,1.0,IN,1.0,0.5625,0.0,0,IN,3,2
5010,84513783,46,845155,Absent,32,1,1,1,1,0,0,0,0,1,1,1,1,0,0,0,0,1,1,1,1,0,0,0,0,1,1,1,1,0,0,0,0,1,1,1,1,0,0,0,0,1,1,1,1,0,0,0,0,1,1,1,1,0,0,0,0,1,1,1,1,0,0,0,0,32,0,Unicorn_Absent,-1,-1.0,5,142,1.0,32.0,0.36,64.0,0.64,1.0,LEFT,1.0,1.0,0.64,0,IN,3,2
5012,84513783,47,845155,Absent,32,1,1,1,1,0,0,0,0,1,1,1,1,0,0,0,0,1,1,1,1,0,0,0,0,1,1,1,1,0,0,0,0,1,1,1,1,0,0,0,0,1,1,1,1,0,0,0,0,1,1,1,1,0,0,0,0,1,1,1,1,0,0,0,0,16,16,Unicorn_Absent,-1,-1.0,5,158,0.9,32.0,1.0,48.0,0.0,0.5,LEFT,1.0,0.36,0.64,0,LEFT,3,2
5022,84513783,52,845155,Absent,0,0,0,0,0,0,0,0,0,0,0,0,0,0,0,0,0,0,0,0,0,0,0,0,0,0,0,0,0,0,0,0,0,0,0,0,0,0,0,0,0,0,0,0,0,0,0,0,0,0,0,0,0,0,0,0,0,0,0,0,0,0,0,0,0,32,0,Unicorn_Absent,-1,-1.0,2,213,1.0,0.0,0.0,32.0,0.0,0.5,NOTHING,0.9,1.0,0.0,16,LEFT,3,2
5024,84513783,53,845155,Absent,0,0,0,0,0,0,0,0,0,0,0,0,0,0,0,0,0,0,0,0,0,0,0,0,0,0,0,0,0,0,0,0,0,0,0,0,0,0,0,0,0,0,0,0,0,0,0,0,0,0,0,0,0,0,0,0,0,0,0,0,0,0,0,0,0,32,0,Unicorn_Absent,-1,-1.0,2,245,1.0,0.0,1.0,32.0,0.0,0.5,NOTHING,1.0,0.0,0.0,0,NOTHING,3,2
5026,84513783,54,845155,Absent,0,0,0,0,0,0,0,0,0,0,0,0,0,0,0,0,0,0,0,0,0,0,0,0,0,0,0,0,0,0,0,0,0,0,0,0,0,0,0,0,0,0,0,0,0,0,0,0,0,0,0,0,0,0,0,0,0,0,0,0,0,0,0,0,0,32,0,Unicorn_Absent,-1,-1.0,2,277,1.0,0.0,1.0,36.0,0.0,0.5625,NOTHING,1.0,1.0,0.0,0,NOTHING,3,2
5028,84513783,55,845155,Absent,0,0,0,0,0,0,0,0,0,0,0,0,0,0,0,0,0,0,0,0,0,0,0,0,0,0,0,0,0,0,0,0,0,0,0,0,0,0,0,0,0,0,0,0,0,0,0,0,0,0,0,0,0,0,0,0,0,0,0,0,0,0,0,0,0,32,0,Unicorn_Absent,-1,-1.0,2,309,1.0,0.0,1.0,36.0,0.0,0.5625,NOTHING,1.0,1.0,0.0,0,NOTHING,3,2
5030,84513783,56,845155,Absent,0,0,0,0,0,0,0,0,0,0,0,0,0,0,0,0,0,0,0,0,0,0,0,0,0,0,0,0,0,0,0,0,0,0,0,0,0,0,0,0,0,0,0,0,0,0,0,0,0,0,0,0,0,0,0,0,0,0,0,0,0,0,0,0,0,32,0,Unicorn_Absent,-1,-1.0,2,341,1.0,0.0,1.0,36.0,0.0,0.5625,NOTHING,1.0,1.0,0.0,0,NOTHING,3,2
5034,84513783,58,845155,Absent,36,0,0,0,0,0,0,0,0,0,1,1,1,1,1,1,0,0,1,1,1,1,1,1,0,0,1,1,1,1,1,1,0,0,1,1,1,1,1,1,0,0,1,1,1,1,1,1,0,0,1,1,1,1,1,1,0,0,0,0,0,0,0,0,0,32,0,Unicorn_Absent,-1,-1.0,7,309,1.0,36.0,0.0,64.0,0.0,1.0,IN,1.0,1.0,0.0,0,NOTHING,3,2
5036,84513783,59,845155,Absent,36,0,0,0,0,0,0,0,0,0,1,1,1,1,1,1,0,0,1,1,1,1,1,1,0,0,1,1,1,1,1,1,0,0,1,1,1,1,1,1,0,0,1,1,1,1,1,1,0,0,1,1,1,1,1,1,0,0,0,0,0,0,0,0,0,32,0,Unicorn_Absent,-1,-1.0,7,341,1.0,36.0,1.0,64.0,0.0,1.0,IN,1.0,0.0,0.0,0,IN,3,2
3123,85995763,2,576315,Absent,49,0,1,0,1,0,1,0,1,1,1,1,1,1,0,0,0,0,1,1,1,0,0,1,0,0,1,1,1,1,1,0,1,0,1,0,0,1,0,0,1,1,0,1,1,1,1,0,1,0,1,0,1,1,0,1,1,1,1,0,0,1,0,0,0,13,19,Unicorn_Absent,-1,-1.0,9,42,0.88125,36.0,1.0,49.0,0.0,0.46875,,,,,,,3,2
3129,85995763,5,576315,Absent,32,0,0,0,0,0,0,0,0,0,0,0,0,0,0,0,0,0,0,0,0,0,0,0,0,0,0,0,0,0,0,0,0,1,1,1,1,1,1,1,1,1,1,1,1,1,1,1,1,1,1,1,1,1,1,1,1,1,1,1,1,1,1,1,1,0,32,Unicorn_Absent,-1,-1.0,3,-26,0.8,32.0,0.3333333333333333,32.0,0.0,0.0,DOWN,0.88125,1.0,0.0,19,,3,2
3133,85995763,7,576315,Absent,32,1,1,1,1,1,1,1,1,1,1,1,1,1,1,1,1,1,1,1,1,1,1,1,1,1,1,1,1,1,1,1,1,0,0,0,0,0,0,0,0,0,0,0,0,0,0,0,0,0,0,0,0,0,0,0,0,0,0,0,0,0,0,0,0,18,14,Unicorn_Absent,-1,-1.0,4,-72,0.9125,32.0,0.0,46.0,0.3333333333333333,0.5,UP,0.8,0.3333333333333333,0.0,32,DOWN,3,2
3135,85995763,8,576315,Absent,36,0,0,0,0,0,0,0,0,0,1,1,1,1,1,1,0,0,1,1,1,1,1,1,0,0,1,1,1,1,1,1,0,0,1,1,1,1,1,1,0,0,1,1,1,1,1,1,0,0,1,1,1,1,1,1,0,0,0,0,0,0,0,0,0,14,18,Unicorn_Absent,-1,-1.0,7,-58,0.8875,36.0,0.36,50.0,0.3333333333333333,0.5,IN,0.9125,0.0,0.3333333333333333,14,UP,3,2
3137,85995763,9,576315,Absent,32,0,0,0,0,0,0,0,0,0,0,0,0,0,0,0,0,0,0,0,0,0,0,0,0,0,0,0,0,0,0,0,0,1,1,1,1,1,1,1,1,1,1,1,1,1,1,1,1,1,1,1,1,1,1,1,1,1,1,1,1,1,1,1,1,16,16,Unicorn_Absent,-1,-1.0,3,-42,0.9,32.0,0.36,48.0,0.30434782608695654,0.5,DOWN,0.8875,0.36,0.3333333333333333,18,IN,3,2
3143,85995763,12,576315,Absent,32,0,0,0,0,0,0,0,0,0,0,0,0,0,0,0,0,0,0,0,0,0,0,0,0,0,0,0,0,0,0,0,0,1,1,1,1,1,1,1,1,1,1,1,1,1,1,1,1,1,1,1,1,1,1,1,1,1,1,1,1,1,1,1,1,32,0,Unicorn_Absent,-1,-1.0,3,-60,1.0,32.0,1.0,32.0,0.30434782608695654,0.5,DOWN,0.9,0.36,0.30434782608695654,16,DOWN,3,2
3145,85995763,13,576315,Absent,32,0,0,0,0,0,0,0,0,0,0,0,0,0,0,0,0,0,0,0,0,0,0,0,0,0,0,0,0,0,0,0,0,1,1,1,1,1,1,1,1,1,1,1,1,1,1,1,1,1,1,1,1,1,1,1,1,1,1,1,1,1,1,1,1,32,0,Unicorn_Absent,-1,-1.0,3,-28,1.0,32.0,1.0,32.0,0.055652173913043446,0.5,DOWN,1.0,1.0,0.30434782608695654,0,DOWN,3,2
3147,85995763,14,576315,Absent,32,0,0,0,0,0,0,0,0,0,0,0,0,0,0,0,0,0,0,0,0,0,0,0,0,0,0,0,0,0,0,0,0,1,1,1,1,1,1,1,1,1,1,1,1,1,1,1,1,1,1,1,1,1,1,1,1,1,1,1,1,1,1,1,1,32,0,Unicorn_Absent,-1,-1.0,3,4,1.0,32.0,1.0,32.0,0.055652173913043446,0.5,DOWN,1.0,1.0,0.055652173913043446,0,DOWN,3,2
3149,85995763,15,576315,Absent,32,0,0,0,0,0,0,0,0,0,0,0,0,0,0,0,0,0,0,0,0,0,0,0,0,0,0,0,0,0,0,0,0,1,1,1,1,1,1,1,1,1,1,1,1,1,1,1,1,1,1,1,1,1,1,1,1,1,1,1,1,1,1,1,1,32,0,Unicorn_Absent,-1,-1.0,3,36,1.0,32.0,1.0,32.0,0.36,0.5,DOWN,1.0,1.0,0.055652173913043446,0,DOWN,3,2
3159,85995763,20,576315,Absent,56,1,0,0,1,1,1,0,1,0,1,1,0,0,0,1,1,1,0,0,1,1,1,1,0,0,0,1,1,0,1,1,0,1,1,0,0,1,1,0,1,1,1,1,0,0,0,0,1,1,1,1,0,1,0,0,1,0,0,1,1,0,0,1,1,14,18,Unicorn_Absent,-1,-1.0,9,75,0.8875,36.0,0.36,50.0,0.36,0.5,,1.0,1.0,0.36,0,DOWN,3,2
3161,85995763,21,576315,Absent,32,0,0,0,0,1,1,1,1,0,0,0,0,1,1,1,1,0,0,0,0,1,1,1,1,0,0,0,0,1,1,1,1,0,0,0,0,1,1,1,1,0,0,0,0,1,1,1,1,0,0,0,0,1,1,1,1,0,0,0,0,1,1,1,1,14,18,Unicorn_Absent,-1,-1.0,6,89,0.8875,32.0,0.36,50.0,1.0,0.5,RIGHT,0.8875,0.36,0.36,18,,3,2
3165,85995763,23,576315,Absent,32,0,0,0,0,0,0,0,0,0,0,0,0,0,0,0,0,0,0,0,0,0,0,0,0,0,0,0,0,0,0,0,0,1,1,1,1,1,1,1,1,1,1,1,1,1,1,1,1,1,1,1,1,1,1,1,1,1,1,1,1,1,1,1,1,0,32,Unicorn_Absent,-1,-1.0,3,7,0.8,32.0,0.3333333333333333,64.0,1.0,0.5,DOWN,0.8875,0.36,1.0,18,RIGHT,3,2
3167,85995763,24,576315,Absent,64,1,1,1,1,1,1,1,1,1,1,1,1,1,1,1,1,1,1,1,1,1,1,1,1,1,1,1,1,1,1,1,1,1,1,1,1,1,1,1,1,1,1,1,1,1,1,1,1,1,1,1,1,1,1,1,1,1,1,1,1,1,1,1,1,-4,36,Unicorn_Absent,-1,-1.0,1,3,0.775,64.0,0.5,64.0,0.0,0.4375,ALL,0.8,0.3333333333333333,1.0,32,DOWN,3,2
3169,85995763,25,576315,Absent,28,1,1,1,1,1,1,1,1,1,0,0,0,0,0,0,1,1,0,0,0,0,0,0,1,1,0,0,0,0,0,0,1,1,0,0,0,0,0,0,1,1,0,0,0,0,0,0,1,1,0,0,0,0,0,0,1,1,1,1,1,1,1,1,1,18,14,Unicorn_Absent,-1,-1.0,8,21,0.9125,28.0,0.4375,46.0,0.0,0.5,OUT,0.775,0.5,0.0,36,ALL,3,2
3171,85995763,26,576315,Absent,36,0,0,0,0,0,0,0,0,0,1,1,1,1,1,1,0,0,1,1,1,1,1,1,0,0,1,1,1,1,1,1,0,0,1,1,1,1,1,1,0,0,1,1,1,1,1,1,0,0,1,1,1,1,1,1,0,0,0,0,0,0,0,0,0,32,0,Unicorn_Absent,-1,-1.0,7,53,1.0,36.0,0.0,64.0,0.0,1.0,IN,0.9125,0.4375,0.0,14,OUT,3,2
3175,85995763,28,576315,Absent,36,0,0,0,0,0,0,0,0,0,1,1,1,1,1,1,0,0,1,1,1,1,1,1,0,0,1,1,1,1,1,1,0,0,1,1,1,1,1,1,0,0,1,1,1,1,1,1,0,0,1,1,1,1,1,1,0,0,0,0,0,0,0,0,0,32,0,Unicorn_Absent,-1,-1.0,7,117,1.0,36.0,1.0,64.0,0.0,1.0,IN,1.0,0.0,0.0,0,IN,3,2
3177,85995763,29,576315,Absent,36,0,0,0,0,0,0,0,0,0,1,1,1,1,1,1,0,0,1,1,1,1,1,1,0,0,1,1,1,1,1,1,0,0,1,1,1,1,1,1,0,0,1,1,1,1,1,1,0,0,1,1,1,1,1,1,0,0,0,0,0,0,0,0,0,-4,36,Unicorn_Absent,-1,-1.0,7,113,0.775,36.0,1.0,36.0,0.0,0.0,IN,1.0,1.0,0.0,0,IN,3,2
3179,85995763,30,576315,Absent,32,0,0,0,0,1,1,1,1,0,0,0,0,1,1,1,1,0,0,0,0,1,1,1,1,0,0,0,0,1,1,1,1,0,0,0,0,1,1,1,1,0,0,0,0,1,1,1,1,0,0,0,0,1,1,1,1,0,0,0,0,1,1,1,1,32,0,Unicorn_Absent,-1,-1.0,6,145,1.0,32.0,0.36,32.0,0.0,0.5,RIGHT,0.775,1.0,0.0,36,IN,3,2
3181,85995763,31,576315,Absent,32,0,0,0,0,1,1,1,1,0,0,0,0,1,1,1,1,0,0,0,0,1,1,1,1,0,0,0,0,1,1,1,1,0,0,0,0,1,1,1,1,0,0,0,0,1,1,1,1,0,0,0,0,1,1,1,1,0,0,0,0,1,1,1,1,32,0,Unicorn_Absent,-1,-1.0,6,177,1.0,32.0,1.0,32.0,0.36,0.5,RIGHT,1.0,0.36,0.0,0,RIGHT,3,2
3185,85995763,33,576315,Absent,0,0,0,0,0,0,0,0,0,0,0,0,0,0,0,0,0,0,0,0,0,0,0,0,0,0,0,0,0,0,0,0,0,0,0,0,0,0,0,0,0,0,0,0,0,0,0,0,0,0,0,0,0,0,0,0,0,0,0,0,0,0,0,0,0,32,0,Unicorn_Absent,-1,-1.0,2,145,1.0,0.0,0.0,36.0,0.36,0.5625,NOTHING,1.0,1.0,0.36,0,RIGHT,3,2
3187,85995763,34,576315,Absent,0,0,0,0,0,0,0,0,0,0,0,0,0,0,0,0,0,0,0,0,0,0,0,0,0,0,0,0,0,0,0,0,0,0,0,0,0,0,0,0,0,0,0,0,0,0,0,0,0,0,0,0,0,0,0,0,0,0,0,0,0,0,0,0,0,32,0,Unicorn_Absent,-1,-1.0,2,177,1.0,0.0,1.0,36.0,0.0,0.5625,NOTHING,1.0,0.0,0.36,0,NOTHING,3,2
3191,85995763,36,576315,Absent,0,0,0,0,0,0,0,0,0,0,0,0,0,0,0,0,0,0,0,0,0,0,0,0,0,0,0,0,0,0,0,0,0,0,0,0,0,0,0,0,0,0,0,0,0,0,0,0,0,0,0,0,0,0,0,0,0,0,0,0,0,0,0,0,0,32,0,Unicorn_Absent,-1,-1.0,2,241,1.0,0.0,1.0,0.0,0.0,0.0,NOTHING,1.0,1.0,0.0,0,NOTHING,3,2
3195,85995763,38,576315,Absent,32,1,1,1,1,1,1,1,1,1,1,1,1,1,1,1,1,1,1,1,1,1,1,1,1,1,1,1,1,1,1,1,1,0,0,0,0,0,0,0,0,0,0,0,0,0,0,0,0,0,0,0,0,0,0,0,0,0,0,0,0,0,0,0,0,16,16,Unicorn_Absent,-1,-1.0,4,193,0.9,32.0,0.0,48.0,0.22916666666666669,0.5,UP,1.0,1.0,0.0,0,NOTHING,3,2
3199,85995763,40,576315,Absent,32,1,1,1,1,0,0,0,0,1,1,1,1,0,0,0,0,1,1,1,1,0,0,0,0,1,1,1,1,0,0,0,0,1,1,1,1,0,0,0,0,1,1,1,1,0,0,0,0,1,1,1,1,0,0,0,0,1,1,1,1,0,0,0,0,14,18,Unicorn_Absent,-1,-1.0,5,230,0.8875,32.0,0.3333333333333333,50.0,0.22916666666666669,0.5,LEFT,0.9,0.0,0.22916666666666669,16,UP,3,2
3201,85995763,41,576315,Absent,32,0,0,0,0,0,0,0,0,0,0,0,0,0,0,0,0,0,0,0,0,0,0,0,0,0,0,0,0,0,0,0,0,1,1,1,1,1,1,1,1,1,1,1,1,1,1,1,1,1,1,1,1,1,1,1,1,1,1,1,1,1,1,1,1,32,0,Unicorn_Absent,-1,-1.0,3,262,1.0,32.0,0.3333333333333333,32.0,0.0625,0.5,DOWN,0.8875,0.3333333333333333,0.22916666666666669,18,LEFT,3,2
3209,85995763,45,576315,Absent,32,0,0,0,0,0,0,0,0,0,0,0,0,0,0,0,0,0,0,0,0,0,0,0,0,0,0,0,0,0,0,0,0,1,1,1,1,1,1,1,1,1,1,1,1,1,1,1,1,1,1,1,1,1,1,1,1,1,1,1,1,1,1,1,1,32,0,Unicorn_Absent,-1,-1.0,3,390,1.0,32.0,1.0,32.0,0.0625,0.5,DOWN,1.0,0.3333333333333333,0.0625,0,DOWN,3,2
3211,85995763,46,576315,Absent,32,0,0,0,0,0,0,0,0,0,0,0,0,0,0,0,0,0,0,0,0,0,0,0,0,0,0,0,0,0,0,0,0,1,1,1,1,1,1,1,1,1,1,1,1,1,1,1,1,1,1,1,1,1,1,1,1,1,1,1,1,1,1,1,1,32,0,Unicorn_Absent,-1,-1.0,3,422,1.0,32.0,1.0,32.0,0.07750000000000001,0.5,DOWN,1.0,1.0,0.0625,0,DOWN,3,2
3213,85995763,47,576315,Absent,36,0,0,0,0,0,0,0,0,0,1,1,1,1,1,1,0,0,1,1,1,1,1,1,0,0,1,1,1,1,1,1,0,0,1,1,1,1,1,1,0,0,1,1,1,1,1,1,0,0,1,1,1,1,1,1,0,0,0,0,0,0,0,0,0,32,0,Unicorn_Absent,-1,-1.0,7,454,1.0,36.0,0.36,36.0,0.07750000000000001,0.5625,IN,1.0,1.0,0.07750000000000001,0,DOWN,3,2
3215,85995763,48,576315,Absent,32,1,1,1,1,1,1,1,1,1,1,1,1,1,1,1,1,1,1,1,1,1,1,1,1,1,1,1,1,1,1,1,1,0,0,0,0,0,0,0,0,0,0,0,0,0,0,0,0,0,0,0,0,0,0,0,0,0,0,0,0,0,0,0,0,32,0,Unicorn_Absent,-1,-1.0,4,486,1.0,32.0,0.36,32.0,0.30434782608695654,0.5,UP,1.0,0.36,0.07750000000000001,0,IN,3,2
3217,85995763,49,576315,Absent,32,1,1,1,1,1,1,1,1,1,1,1,1,1,1,1,1,1,1,1,1,1,1,1,1,1,1,1,1,1,1,1,1,0,0,0,0,0,0,0,0,0,0,0,0,0,0,0,0,0,0,0,0,0,0,0,0,0,0,0,0,0,0,0,0,0,32,Unicorn_Absent,-1,-1.0,4,486,0.8,32.0,1.0,32.0,0.30434782608695654,0.0,UP,1.0,0.36,0.30434782608695654,0,UP,3,2
3221,85995763,51,576315,Absent,64,1,1,1,1,1,1,1,1,1,1,1,1,1,1,1,1,1,1,1,1,1,1,1,1,1,1,1,1,1,1,1,1,1,1,1,1,1,1,1,1,1,1,1,1,1,1,1,1,1,1,1,1,1,1,1,1,1,1,1,1,1,1,1,1,0,32,Unicorn_Absent,-1,-1.0,1,513,0.8,64.0,0.5,64.0,0.0,0.5,ALL,0.8,1.0,0.30434782608695654,32,UP,3,2
3229,85995763,55,576315,Absent,0,0,0,0,0,0,0,0,0,0,0,0,0,0,0,0,0,0,0,0,0,0,0,0,0,0,0,0,0,0,0,0,0,0,0,0,0,0,0,0,0,0,0,0,0,0,0,0,0,0,0,0,0,0,0,0,0,0,0,0,0,0,0,0,0,32,0,Unicorn_Absent,-1,-1.0,2,637,1.0,0.0,0.0,22.0,0.0,0.34375,NOTHING,0.8,0.5,0.0,32,ALL,3,2
3235,85995763,58,576315,Absent,32,0,0,0,0,1,1,1,1,0,0,0,0,1,1,1,1,0,0,0,0,1,1,1,1,0,0,0,0,1,1,1,1,0,0,0,0,1,1,1,1,0,0,0,0,1,1,1,1,0,0,0,0,1,1,1,1,0,0,0,0,1,1,1,1,18,14,Unicorn_Absent,-1,-1.0,6,618,0.9125,32.0,0.0,46.0,1.0,0.5,RIGHT,1.0,0.0,0.0,0,NOTHING,3,2
3239,85995763,60,576315,Absent,0,0,0,0,0,0,0,0,0,0,0,0,0,0,0,0,0,0,0,0,0,0,0,0,0,0,0,0,0,0,0,0,0,0,0,0,0,0,0,0,0,0,0,0,0,0,0,0,0,0,0,0,0,0,0,0,0,0,0,0,0,0,0,0,0,32,0,Unicorn_Absent,-1,-1.0,2,682,1.0,0.0,0.0,32.0,1.0,0.5,NOTHING,0.9125,0.0,1.0,14,RIGHT,3,2
3122,85995763,2,859945,Absent,32,1,1,1,1,1,1,1,1,1,1,1,1,1,1,1,1,1,1,1,1,1,1,1,1,1,1,1,1,1,1,1,1,0,0,0,0,0,0,0,0,0,0,0,0,0,0,0,0,0,0,0,0,0,0,0,0,0,0,0,0,0,0,0,0,13,19,Unicorn_Absent,-1,-1.0,4,42,0.88125,32.0,1.0,49.0,0.36,0.46875,UP,,,,,,3,2
3128,85995763,5,859945,Absent,32,0,0,0,0,0,0,0,0,0,0,0,0,0,0,0,0,0,0,0,0,0,0,0,0,0,0,0,0,0,0,0,0,1,1,1,1,1,1,1,1,1,1,1,1,1,1,1,1,1,1,1,1,1,1,1,1,1,1,1,1,1,1,1,1,0,32,Unicorn_Absent,-1,-1.0,3,-26,0.8,32.0,0.0,32.0,0.36,0.0,DOWN,0.88125,1.0,0.36,19,UP,3,2
3132,85995763,7,859945,Absent,28,1,1,1,1,1,1,1,1,1,0,0,0,0,0,0,1,1,0,0,0,0,0,0,1,1,0,0,0,0,0,0,1,1,0,0,0,0,0,0,1,1,0,0,0,0,0,0,1,1,0,0,0,0,0,0,1,1,1,1,1,1,1,1,1,18,14,Unicorn_Absent,-1,-1.0,8,-72,0.9125,28.0,0.30434782608695654,46.0,0.0,0.5,OUT,0.8,0.0,0.36,32,DOWN,3,2
3134,85995763,8,859945,Absent,32,1,1,1,1,0,0,0,0,1,1,1,1,0,0,0,0,1,1,1,1,0,0,0,0,1,1,1,1,0,0,0,0,1,1,1,1,0,0,0,0,1,1,1,1,0,0,0,0,1,1,1,1,0,0,0,0,1,1,1,1,0,0,0,0,14,18,Unicorn_Absent,-1,-1.0,5,-58,0.8875,32.0,0.30434782608695654,50.0,0.0,0.5,LEFT,0.9125,0.30434782608695654,0.0,14,OUT,3,2
3136,85995763,9,859945,Absent,32,0,0,0,0,1,1,1,1,0,0,0,0,1,1,1,1,0,0,0,0,1,1,1,1,0,0,0,0,1,1,1,1,0,0,0,0,1,1,1,1,0,0,0,0,1,1,1,1,0,0,0,0,1,1,1,1,0,0,0,0,1,1,1,1,16,16,Unicorn_Absent,-1,-1.0,6,-42,0.9,32.0,0.0,48.0,0.0,0.5,RIGHT,0.8875,0.30434782608695654,0.0,18,LEFT,3,2
3142,85995763,12,859945,Absent,0,0,0,0,0,0,0,0,0,0,0,0,0,0,0,0,0,0,0,0,0,0,0,0,0,0,0,0,0,0,0,0,0,0,0,0,0,0,0,0,0,0,0,0,0,0,0,0,0,0,0,0,0,0,0,0,0,0,0,0,0,0,0,0,0,32,0,Unicorn_Absent,-1,-1.0,2,-60,1.0,0.0,0.0,32.0,0.0,0.5,NOTHING,0.9,0.0,0.0,16,RIGHT,3,2
3144,85995763,13,859945,Absent,0,0,0,0,0,0,0,0,0,0,0,0,0,0,0,0,0,0,0,0,0,0,0,0,0,0,0,0,0,0,0,0,0,0,0,0,0,0,0,0,0,0,0,0,0,0,0,0,0,0,0,0,0,0,0,0,0,0,0,0,0,0,0,0,0,32,0,Unicorn_Absent,-1,-1.0,2,-28,1.0,0.0,1.0,32.0,0.0,0.5,NOTHING,1.0,0.0,0.0,0,NOTHING,3,2
3146,85995763,14,859945,Absent,0,0,0,0,0,0,0,0,0,0,0,0,0,0,0,0,0,0,0,0,0,0,0,0,0,0,0,0,0,0,0,0,0,0,0,0,0,0,0,0,0,0,0,0,0,0,0,0,0,0,0,0,0,0,0,0,0,0,0,0,0,0,0,0,0,32,0,Unicorn_Absent,-1,-1.0,2,4,1.0,0.0,1.0,32.0,0.0,0.5,NOTHING,1.0,1.0,0.0,0,NOTHING,3,2
3148,85995763,15,859945,Absent,0,0,0,0,0,0,0,0,0,0,0,0,0,0,0,0,0,0,0,0,0,0,0,0,0,0,0,0,0,0,0,0,0,0,0,0,0,0,0,0,0,0,0,0,0,0,0,0,0,0,0,0,0,0,0,0,0,0,0,0,0,0,0,0,0,32,0,Unicorn_Absent,-1,-1.0,2,36,1.0,0.0,1.0,32.0,1.0,0.5,NOTHING,1.0,1.0,0.0,0,NOTHING,3,2
3158,85995763,20,859945,Absent,32,1,1,1,1,1,1,1,1,1,1,1,1,1,1,1,1,1,1,1,1,1,1,1,1,1,1,1,1,1,1,1,1,0,0,0,0,0,0,0,0,0,0,0,0,0,0,0,0,0,0,0,0,0,0,0,0,0,0,0,0,0,0,0,0,14,18,Unicorn_Absent,-1,-1.0,4,75,0.8875,32.0,0.0,50.0,1.0,0.5,UP,1.0,1.0,1.0,0,NOTHING,3,2
3160,85995763,21,859945,Absent,36,0,0,0,0,0,0,0,0,0,1,1,1,1,1,1,0,0,1,1,1,1,1,1,0,0,1,1,1,1,1,1,0,0,1,1,1,1,1,1,0,0,1,1,1,1,1,1,0,0,1,1,1,1,1,1,0,0,0,0,0,0,0,0,0,14,18,Unicorn_Absent,-1,-1.0,7,89,0.8875,36.0,0.36,50.0,0.0,0.5,IN,0.8875,0.0,1.0,18,UP,3,2
3164,85995763,23,859945,Absent,64,1,1,1,1,1,1,1,1,1,1,1,1,1,1,1,1,1,1,1,1,1,1,1,1,1,1,1,1,1,1,1,1,1,1,1,1,1,1,1,1,1,1,1,1,1,1,1,1,1,1,1,1,1,1,1,1,1,1,1,1,1,1,1,1,0,32,Unicorn_Absent,-1,-1.0,1,7,0.8,64.0,0.5625,64.0,0.0,0.5,ALL,0.8875,0.36,0.0,18,IN,3,2
3166,85995763,24,859945,Absent,36,0,0,0,0,0,0,0,0,0,1,1,1,1,1,1,0,0,1,1,1,1,1,1,0,0,1,1,1,1,1,1,0,0,1,1,1,1,1,1,0,0,1,1,1,1,1,1,0,0,1,1,1,1,1,1,0,0,0,0,0,0,0,0,0,-4,36,Unicorn_Absent,-1,-1.0,7,3,0.775,36.0,0.5625,64.0,0.026666666666666672,0.4375,IN,0.8,0.5625,0.0,32,ALL,3,2
3168,85995763,25,859945,Absent,32,1,1,1,1,1,1,1,1,1,1,1,1,1,1,1,1,1,1,1,1,1,1,1,1,1,1,1,1,1,1,1,1,0,0,0,0,0,0,0,0,0,0,0,0,0,0,0,0,0,0,0,0,0,0,0,0,0,0,0,0,0,0,0,0,18,14,Unicorn_Absent,-1,-1.0,4,21,0.9125,32.0,0.36,46.0,0.026666666666666672,0.5,UP,0.775,0.5625,0.026666666666666672,36,IN,3,2
3170,85995763,26,859945,Absent,28,1,1,1,1,1,1,1,1,1,0,0,0,0,0,0,1,1,0,0,0,0,0,0,1,1,0,0,0,0,0,0,1,1,0,0,0,0,0,0,1,1,0,0,0,0,0,0,1,1,0,0,0,0,0,0,1,1,1,1,1,1,1,1,1,32,0,Unicorn_Absent,-1,-1.0,8,53,1.0,28.0,0.30434782608695654,64.0,0.3333333333333333,1.0,OUT,0.9125,0.36,0.026666666666666672,14,UP,3,2
3174,85995763,28,859945,Absent,28,1,1,1,1,1,1,1,1,1,0,0,0,0,0,0,1,1,0,0,0,0,0,0,1,1,0,0,0,0,0,0,1,1,0,0,0,0,0,0,1,1,0,0,0,0,0,0,1,1,0,0,0,0,0,0,1,1,1,1,1,1,1,1,1,32,0,Unicorn_Absent,-1,-1.0,8,117,1.0,28.0,1.0,64.0,0.3333333333333333,1.0,OUT,1.0,0.30434782608695654,0.3333333333333333,0,OUT,3,2
3176,85995763,29,859945,Absent,36,0,0,0,0,0,0,0,0,0,1,1,1,1,1,1,0,0,1,1,1,1,1,1,0,0,1,1,1,1,1,1,0,0,1,1,1,1,1,1,0,0,1,1,1,1,1,1,0,0,1,1,1,1,1,1,0,0,0,0,0,0,0,0,0,-4,36,Unicorn_Absent,-1,-1.0,7,113,0.775,36.0,0.0,36.0,0.0,0.0,IN,1.0,1.0,0.3333333333333333,0,OUT,3,2
3178,85995763,30,859945,Absent,0,0,0,0,0,0,0,0,0,0,0,0,0,0,0,0,0,0,0,0,0,0,0,0,0,0,0,0,0,0,0,0,0,0,0,0,0,0,0,0,0,0,0,0,0,0,0,0,0,0,0,0,0,0,0,0,0,0,0,0,0,0,0,0,0,32,0,Unicorn_Absent,-1,-1.0,2,145,1.0,0.0,0.0,32.0,0.0,0.5,NOTHING,0.775,0.0,0.0,36,IN,3,2
3180,85995763,31,859945,Absent,0,0,0,0,0,0,0,0,0,0,0,0,0,0,0,0,0,0,0,0,0,0,0,0,0,0,0,0,0,0,0,0,0,0,0,0,0,0,0,0,0,0,0,0,0,0,0,0,0,0,0,0,0,0,0,0,0,0,0,0,0,0,0,0,0,32,0,Unicorn_Absent,-1,-1.0,2,177,1.0,0.0,1.0,32.0,0.0,0.5,NOTHING,1.0,0.0,0.0,0,NOTHING,3,2
3184,85995763,33,859945,Absent,36,0,0,0,0,0,0,0,0,0,1,1,1,1,1,1,0,0,1,1,1,1,1,1,0,0,1,1,1,1,1,1,0,0,1,1,1,1,1,1,0,0,1,1,1,1,1,1,0,0,1,1,1,1,1,1,0,0,0,0,0,0,0,0,0,32,0,Unicorn_Absent,-1,-1.0,7,145,1.0,36.0,0.0,36.0,0.0,0.5625,IN,1.0,1.0,0.0,0,NOTHING,3,2
3186,85995763,34,859945,Absent,36,0,0,0,0,0,0,0,0,0,1,1,1,1,1,1,0,0,1,1,1,1,1,1,0,0,1,1,1,1,1,1,0,0,1,1,1,1,1,1,0,0,1,1,1,1,1,1,0,0,1,1,1,1,1,1,0,0,0,0,0,0,0,0,0,32,0,Unicorn_Absent,-1,-1.0,7,177,1.0,36.0,1.0,36.0,0.64,0.5625,IN,1.0,0.0,0.0,0,IN,3,2
3190,85995763,36,859945,Absent,0,0,0,0,0,0,0,0,0,0,0,0,0,0,0,0,0,0,0,0,0,0,0,0,0,0,0,0,0,0,0,0,0,0,0,0,0,0,0,0,0,0,0,0,0,0,0,0,0,0,0,0,0,0,0,0,0,0,0,0,0,0,0,0,0,32,0,Unicorn_Absent,-1,-1.0,2,241,1.0,0.0,0.0,0.0,0.64,0.0,NOTHING,1.0,1.0,0.64,0,IN,3,2
3194,85995763,38,859945,Absent,32,0,0,0,0,1,1,1,1,0,0,0,0,1,1,1,1,0,0,0,0,1,1,1,1,0,0,0,0,1,1,1,1,0,0,0,0,1,1,1,1,0,0,0,0,1,1,1,1,0,0,0,0,1,1,1,1,0,0,0,0,1,1,1,1,16,16,Unicorn_Absent,-1,-1.0,6,193,0.9,32.0,0.0,48.0,0.64,0.5,RIGHT,1.0,0.0,0.64,0,NOTHING,3,2
3198,85995763,40,859945,Absent,36,0,0,0,0,0,0,0,0,0,1,1,1,1,1,1,0,0,1,1,1,1,1,1,0,0,1,1,1,1,1,1,0,0,1,1,1,1,1,1,0,0,1,1,1,1,1,1,0,0,1,1,1,1,1,1,0,0,0,0,0,0,0,0,0,14,18,Unicorn_Absent,-1,-1.0,7,230,0.8875,36.0,0.36,50.0,0.64,0.5,IN,0.9,0.0,0.64,16,RIGHT,3,2
3200,85995763,41,859945,Absent,0,0,0,0,0,0,0,0,0,0,0,0,0,0,0,0,0,0,0,0,0,0,0,0,0,0,0,0,0,0,0,0,0,0,0,0,0,0,0,0,0,0,0,0,0,0,0,0,0,0,0,0,0,0,0,0,0,0,0,0,0,0,0,0,0,32,0,Unicorn_Absent,-1,-1.0,2,262,1.0,0.0,0.0,32.0,1.0,0.5,NOTHING,0.8875,0.36,0.64,18,IN,3,2
3208,85995763,45,859945,Absent,0,0,0,0,0,0,0,0,0,0,0,0,0,0,0,0,0,0,0,0,0,0,0,0,0,0,0,0,0,0,0,0,0,0,0,0,0,0,0,0,0,0,0,0,0,0,0,0,0,0,0,0,0,0,0,0,0,0,0,0,0,0,0,0,0,32,0,Unicorn_Absent,-1,-1.0,2,390,1.0,0.0,1.0,32.0,1.0,0.5,NOTHING,1.0,0.0,1.0,0,NOTHING,3,2
3210,85995763,46,859945,Absent,0,0,0,0,0,0,0,0,0,0,0,0,0,0,0,0,0,0,0,0,0,0,0,0,0,0,0,0,0,0,0,0,0,0,0,0,0,0,0,0,0,0,0,0,0,0,0,0,0,0,0,0,0,0,0,0,0,0,0,0,0,0,0,0,0,32,0,Unicorn_Absent,-1,-1.0,2,422,1.0,0.0,1.0,32.0,0.16666666666666669,0.5,NOTHING,1.0,1.0,1.0,0,NOTHING,3,2
3212,85995763,47,859945,Absent,0,0,0,0,0,0,0,0,0,0,0,0,0,0,0,0,0,0,0,0,0,0,0,0,0,0,0,0,0,0,0,0,0,0,0,0,0,0,0,0,0,0,0,0,0,0,0,0,0,0,0,0,0,0,0,0,0,0,0,0,0,0,0,0,0,32,0,Unicorn_Absent,-1,-1.0,2,454,1.0,0.0,1.0,36.0,0.16666666666666669,0.5625,NOTHING,1.0,1.0,0.16666666666666669,0,NOTHING,3,2
3214,85995763,48,859945,Absent,0,0,0,0,0,0,0,0,0,0,0,0,0,0,0,0,0,0,0,0,0,0,0,0,0,0,0,0,0,0,0,0,0,0,0,0,0,0,0,0,0,0,0,0,0,0,0,0,0,0,0,0,0,0,0,0,0,0,0,0,0,0,0,0,0,32,0,Unicorn_Absent,-1,-1.0,2,486,1.0,0.0,1.0,32.0,0.3170731707317073,0.5,NOTHING,1.0,1.0,0.16666666666666669,0,NOTHING,3,2
3216,85995763,49,859945,Absent,32,1,1,1,1,1,1,1,1,1,1,1,1,1,1,1,1,1,1,1,1,1,1,1,1,1,1,1,1,1,1,1,1,0,0,0,0,0,0,0,0,0,0,0,0,0,0,0,0,0,0,0,0,0,0,0,0,0,0,0,0,0,0,0,0,0,32,Unicorn_Absent,-1,-1.0,4,486,0.8,32.0,0.0,32.0,0.3170731707317073,0.0,UP,1.0,1.0,0.3170731707317073,0,NOTHING,3,2
3220,85995763,51,859945,Absent,32,0,0,0,0,1,1,1,1,0,0,0,0,1,1,1,1,0,0,0,0,1,1,1,1,0,0,0,0,1,1,1,1,0,0,0,0,1,1,1,1,0,0,0,0,1,1,1,1,0,0,0,0,1,1,1,1,0,0,0,0,1,1,1,1,0,32,Unicorn_Absent,-1,-1.0,6,513,0.8,32.0,0.3333333333333333,64.0,0.3157894736842105,0.5,RIGHT,0.8,0.0,0.3170731707317073,32,UP,3,2
3228,85995763,55,859945,Absent,31,1,0,0,0,1,0,1,1,0,1,0,0,0,1,0,1,0,0,0,0,0,0,0,1,1,0,0,0,1,0,1,0,1,0,1,0,0,1,0,0,0,1,1,1,1,0,0,1,0,0,0,0,0,0,0,0,0,0,0,1,1,0,1,0,32,0,Unicorn_Absent,-1,-1.0,0,637,1.0,22.0,0.3170731707317073,22.0,0.3157894736842105,0.34375,RS,0.8,0.3333333333333333,0.3157894736842105,32,RIGHT,3,2
3234,85995763,58,859945,Absent,28,1,1,1,1,1,1,1,1,1,0,0,0,0,0,0,1,1,0,0,0,0,0,0,1,1,0,0,0,0,0,0,1,1,0,0,0,0,0,0,1,1,0,0,0,0,0,0,1,1,0,0,0,0,0,0,1,1,1,1,1,1,1,1,1,18,14,Unicorn_Absent,-1,-1.0,8,618,0.9125,28.0,0.3157894736842105,46.0,0.30434782608695654,0.5,OUT,1.0,0.3170731707317073,0.3157894736842105,0,RS,3,2
3238,85995763,60,859945,Absent,32,0,0,0,0,1,1,1,1,0,0,0,0,1,1,1,1,0,0,0,0,1,1,1,1,0,0,0,0,1,1,1,1,0,0,0,0,1,1,1,1,0,0,0,0,1,1,1,1,0,0,0,0,1,1,1,1,0,0,0,0,1,1,1,1,32,0,Unicorn_Absent,-1,-1.0,6,682,1.0,32.0,0.30434782608695654,32.0,0.30434782608695654,0.5,RIGHT,0.9125,0.3157894736842105,0.30434782608695654,14,OUT,3,2
1441,86076278,1,627812,Absent,5,0,0,0,0,0,0,0,0,0,0,0,0,1,0,0,0,0,0,0,0,0,1,0,0,0,0,0,0,0,0,0,0,1,0,0,0,0,0,0,0,0,0,0,0,0,0,0,0,0,0,0,1,0,0,0,0,0,0,0,0,0,1,0,0,29,3,Unicorn_Absent,-1,-1.0,9,29,0.98125,5.0,1.0,37.0,0.0,0.53125,,,,,,,3,2
1449,86076278,5,627812,Absent,32,0,0,0,0,1,1,1,1,0,0,0,0,1,1,1,1,0,0,0,0,1,1,1,1,0,0,0,0,1,1,1,1,0,0,0,0,1,1,1,1,0,0,0,0,1,1,1,1,0,0,0,0,1,1,1,1,0,0,0,0,1,1,1,1,32,0,Unicorn_Absent,-1,-1.0,6,37,1.0,32.0,0.08823529411764706,32.0,0.0,0.5,RIGHT,0.98125,1.0,0.0,3,,3,2
1451,86076278,6,627812,Absent,32,0,0,0,0,1,1,1,1,0,0,0,0,1,1,1,1,0,0,0,0,1,1,1,1,0,0,0,0,1,1,1,1,0,0,0,0,1,1,1,1,0,0,0,0,1,1,1,1,0,0,0,0,1,1,1,1,0,0,0,0,1,1,1,1,32,0,Unicorn_Absent,-1,-1.0,6,69,1.0,32.0,1.0,32.0,0.08823529411764706,0.5,RIGHT,1.0,0.08823529411764706,0.0,0,RIGHT,3,2
1453,86076278,7,627812,Absent,32,0,0,0,0,1,1,1,1,0,0,0,0,1,1,1,1,0,0,0,0,1,1,1,1,0,0,0,0,1,1,1,1,0,0,0,0,1,1,1,1,0,0,0,0,1,1,1,1,0,0,0,0,1,1,1,1,0,0,0,0,1,1,1,1,32,0,Unicorn_Absent,-1,-1.0,6,101,1.0,32.0,1.0,32.0,0.08823529411764706,0.5,RIGHT,1.0,1.0,0.08823529411764706,0,RIGHT,3,2
1455,86076278,8,627812,Absent,32,0,0,0,0,1,1,1,1,0,0,0,0,1,1,1,1,0,0,0,0,1,1,1,1,0,0,0,0,1,1,1,1,0,0,0,0,1,1,1,1,0,0,0,0,1,1,1,1,0,0,0,0,1,1,1,1,0,0,0,0,1,1,1,1,32,0,Unicorn_Absent,-1,-1.0,6,133,1.0,32.0,1.0,32.0,0.0,0.5,RIGHT,1.0,1.0,0.08823529411764706,0,RIGHT,3,2
1459,86076278,10,627812,Absent,32,0,0,0,0,1,1,1,1,0,0,0,0,1,1,1,1,0,0,0,0,1,1,1,1,0,0,0,0,1,1,1,1,0,0,0,0,1,1,1,1,0,0,0,0,1,1,1,1,0,0,0,0,1,1,1,1,0,0,0,0,1,1,1,1,32,0,Unicorn_Absent,-1,-1.0,6,197,1.0,32.0,1.0,32.0,0.0,0.5,RIGHT,1.0,1.0,0.0,0,RIGHT,3,2
1461,86076278,11,627812,Absent,32,0,0,0,0,1,1,1,1,0,0,0,0,1,1,1,1,0,0,0,0,1,1,1,1,0,0,0,0,1,1,1,1,0,0,0,0,1,1,1,1,0,0,0,0,1,1,1,1,0,0,0,0,1,1,1,1,0,0,0,0,1,1,1,1,32,0,Unicorn_Absent,-1,-1.0,6,229,1.0,32.0,1.0,32.0,0.0,0.5,RIGHT,1.0,1.0,0.0,0,RIGHT,3,2
1463,86076278,12,627812,Absent,0,0,0,0,0,0,0,0,0,0,0,0,0,0,0,0,0,0,0,0,0,0,0,0,0,0,0,0,0,0,0,0,0,0,0,0,0,0,0,0,0,0,0,0,0,0,0,0,0,0,0,0,0,0,0,0,0,0,0,0,0,0,0,0,0,32,0,Unicorn_Absent,-1,-1.0,2,261,1.0,0.0,0.0,0.0,0.0,0.0,NOTHING,1.0,1.0,0.0,0,RIGHT,3,2
1467,86076278,14,627812,Absent,32,0,0,0,0,1,1,1,1,0,0,0,0,1,1,1,1,0,0,0,0,1,1,1,1,0,0,0,0,1,1,1,1,0,0,0,0,1,1,1,1,0,0,0,0,1,1,1,1,0,0,0,0,1,1,1,1,0,0,0,0,1,1,1,1,16,16,Unicorn_Absent,-1,-1.0,6,213,0.9,32.0,0.0,48.0,0.0,0.5,RIGHT,1.0,0.0,0.0,0,NOTHING,3,2
1469,86076278,15,627812,Absent,32,1,1,1,1,1,1,1,1,1,1,1,1,1,1,1,1,1,1,1,1,1,1,1,1,1,1,1,1,1,1,1,1,0,0,0,0,0,0,0,0,0,0,0,0,0,0,0,0,0,0,0,0,0,0,0,0,0,0,0,0,0,0,0,0,16,16,Unicorn_Absent,-1,-1.0,4,229,0.9,32.0,0.3333333333333333,48.0,0.0,0.5,UP,0.9,0.0,0.0,16,RIGHT,3,2
1473,86076278,17,627812,Absent,32,0,0,0,0,0,0,0,0,0,0,0,0,0,0,0,0,0,0,0,0,0,0,0,0,0,0,0,0,0,0,0,0,1,1,1,1,1,1,1,1,1,1,1,1,1,1,1,1,1,1,1,1,1,1,1,1,1,1,1,1,1,1,1,1,0,32,Unicorn_Absent,-1,-1.0,3,261,0.8,32.0,0.0,64.0,0.0,0.5,DOWN,0.9,0.3333333333333333,0.0,16,UP,3,2
1475,86076278,18,627812,Absent,32,0,0,0,0,0,0,0,0,0,0,0,0,0,0,0,0,0,0,0,0,0,0,0,0,0,0,0,0,0,0,0,0,1,1,1,1,1,1,1,1,1,1,1,1,1,1,1,1,1,1,1,1,1,1,1,1,1,1,1,1,1,1,1,1,0,32,Unicorn_Absent,-1,-1.0,3,261,0.8,32.0,1.0,32.0,0.0,0.0,DOWN,0.8,0.0,0.0,32,DOWN,3,2
1479,86076278,20,627812,Absent,32,0,0,0,0,1,1,1,1,0,0,0,0,1,1,1,1,0,0,0,0,1,1,1,1,0,0,0,0,1,1,1,1,0,0,0,0,1,1,1,1,0,0,0,0,1,1,1,1,0,0,0,0,1,1,1,1,0,0,0,0,1,1,1,1,32,0,Unicorn_Absent,-1,-1.0,6,325,1.0,32.0,0.3333333333333333,64.0,0.0,1.0,RIGHT,0.8,1.0,0.0,32,DOWN,3,2
1485,86076278,23,627812,Absent,46,1,1,0,1,1,1,1,0,0,0,0,0,1,0,1,0,1,1,1,0,0,0,0,1,1,1,0,0,1,1,1,0,0,1,1,0,0,1,0,0,1,0,0,0,0,1,1,0,0,1,1,1,0,1,1,1,1,0,1,1,0,1,1,0,15,17,Unicorn_Absent,-1,-1.0,9,292,0.89375,34.0,0.3469387755102041,49.0,0.0,0.5,,1.0,0.3333333333333333,0.0,0,RIGHT,3,2
1487,86076278,24,627812,Absent,0,0,0,0,0,0,0,0,0,0,0,0,0,0,0,0,0,0,0,0,0,0,0,0,0,0,0,0,0,0,0,0,0,0,0,0,0,0,0,0,0,0,0,0,0,0,0,0,0,0,0,0,0,0,0,0,0,0,0,0,0,0,0,0,0,32,0,Unicorn_Absent,-1,-1.0,2,324,1.0,0.0,0.0,32.0,1.0,0.5,NOTHING,0.89375,0.3469387755102041,0.0,17,,3,2
1489,86076278,25,627812,Absent,0,0,0,0,0,0,0,0,0,0,0,0,0,0,0,0,0,0,0,0,0,0,0,0,0,0,0,0,0,0,0,0,0,0,0,0,0,0,0,0,0,0,0,0,0,0,0,0,0,0,0,0,0,0,0,0,0,0,0,0,0,0,0,0,0,32,0,Unicorn_Absent,-1,-1.0,2,356,1.0,0.0,1.0,32.0,1.0,0.5,NOTHING,1.0,0.0,1.0,0,NOTHING,3,2
1497,86076278,29,627812,Absent,32,0,0,0,0,0,0,0,0,0,0,0,0,0,0,0,0,0,0,0,0,0,0,0,0,0,0,0,0,0,0,0,0,1,1,1,1,1,1,1,1,1,1,1,1,1,1,1,1,1,1,1,1,1,1,1,1,1,1,1,1,1,1,1,1,18,14,Unicorn_Absent,-1,-1.0,3,250,0.9125,32.0,0.0,46.0,0.0,0.5,DOWN,1.0,1.0,1.0,0,NOTHING,3,2
1501,86076278,31,627812,Absent,64,1,1,1,1,1,1,1,1,1,1,1,1,1,1,1,1,1,1,1,1,1,1,1,1,1,1,1,1,1,1,1,1,1,1,1,1,1,1,1,1,1,1,1,1,1,1,1,1,1,1,1,1,1,1,1,1,1,1,1,1,1,1,1,1,0,32,Unicorn_Absent,-1,-1.0,1,280,0.8,64.0,0.5,64.0,0.0,0.5,ALL,0.9125,0.0,0.0,14,DOWN,3,2
1503,86076278,32,627812,Absent,43,0,0,1,0,1,0,1,1,0,0,0,1,1,0,0,0,1,1,0,0,0,0,1,1,0,0,1,0,1,0,0,0,0,0,1,0,1,0,0,0,1,0,1,0,1,0,1,1,1,1,1,1,1,1,0,1,0,0,0,0,0,0,1,0,17,15,Unicorn_Absent,-1,-1.0,9,297,0.90625,27.0,0.421875,44.0,0.0,0.453125,,0.8,0.5,0.0,32,ALL,3,2
1505,86076278,33,627812,Absent,32,1,1,1,1,1,1,1,1,1,1,1,1,1,1,1,1,1,1,1,1,1,1,1,1,1,1,1,1,1,1,1,1,0,0,0,0,0,0,0,0,0,0,0,0,0,0,0,0,0,0,0,0,0,0,0,0,0,0,0,0,0,0,0,0,14,18,Unicorn_Absent,-1,-1.0,4,311,0.8875,32.0,0.2553191489361702,50.0,0.0,0.5,UP,0.90625,0.421875,0.0,15,,3,2
1511,86076278,36,627812,Absent,0,0,0,0,0,0,0,0,0,0,0,0,0,0,0,0,0,0,0,0,0,0,0,0,0,0,0,0,0,0,0,0,0,0,0,0,0,0,0,0,0,0,0,0,0,0,0,0,0,0,0,0,0,0,0,0,0,0,0,0,0,0,0,0,0,32,0,Unicorn_Absent,-1,-1.0,2,297,1.0,0.0,0.0,32.0,0.5,0.5,NOTHING,0.8875,0.2553191489361702,0.0,18,UP,3,2
1513,86076278,37,627812,Absent,0,0,0,0,0,0,0,0,0,0,0,0,0,0,0,0,0,0,0,0,0,0,0,0,0,0,0,0,0,0,0,0,0,0,0,0,0,0,0,0,0,0,0,0,0,0,0,0,0,0,0,0,0,0,0,0,0,0,0,0,0,0,0,0,0,32,0,Unicorn_Absent,-1,-1.0,2,329,1.0,0.0,1.0,32.0,0.5,0.5,NOTHING,1.0,0.0,0.5,0,NOTHING,3,2
1525,86076278,43,627812,Absent,32,0,0,0,0,1,1,1,1,0,0,0,0,1,1,1,1,0,0,0,0,1,1,1,1,0,0,0,0,1,1,1,1,0,0,0,0,1,1,1,1,0,0,0,0,1,1,1,1,0,0,0,0,1,1,1,1,0,0,0,0,1,1,1,1,16,16,Unicorn_Absent,-1,-1.0,6,409,0.9,32.0,0.0,48.0,0.5,0.5,RIGHT,1.0,1.0,0.5,0,NOTHING,3,2
1529,86076278,45,627812,Absent,0,0,0,0,0,0,0,0,0,0,0,0,0,0,0,0,0,0,0,0,0,0,0,0,0,0,0,0,0,0,0,0,0,0,0,0,0,0,0,0,0,0,0,0,0,0,0,0,0,0,0,0,0,0,0,0,0,0,0,0,0,0,0,0,0,32,0,Unicorn_Absent,-1,-1.0,2,466,1.0,0.0,0.0,32.0,0.5,0.5,NOTHING,0.9,0.0,0.5,16,RIGHT,3,2
1531,86076278,46,627812,Absent,28,1,1,1,1,1,1,1,1,1,0,0,0,0,0,0,1,1,0,0,0,0,0,0,1,1,0,0,0,0,0,0,1,1,0,0,0,0,0,0,1,1,0,0,0,0,0,0,1,1,0,0,0,0,0,0,1,1,1,1,1,1,1,1,1,18,14,Unicorn_Absent,-1,-1.0,8,484,0.9125,28.0,0.0,46.0,0.0,0.5,OUT,1.0,0.0,0.5,0,NOTHING,3,2
1537,86076278,49,627812,Absent,28,1,1,1,1,1,1,1,1,1,0,0,0,0,0,0,1,1,0,0,0,0,0,0,1,1,0,0,0,0,0,0,1,1,0,0,0,0,0,0,1,1,0,0,0,0,0,0,1,1,0,0,0,0,0,0,1,1,1,1,1,1,1,1,1,32,0,Unicorn_Absent,-1,-1.0,8,560,1.0,28.0,1.0,28.0,0.0,0.4375,OUT,0.9125,0.0,0.0,14,OUT,3,2
1541,86076278,51,627812,Absent,32,1,1,1,1,1,1,1,1,1,1,1,1,1,1,1,1,1,1,1,1,1,1,1,1,1,1,1,1,1,1,1,1,0,0,0,0,0,0,0,0,0,0,0,0,0,0,0,0,0,0,0,0,0,0,0,0,0,0,0,0,0,0,0,0,16,16,Unicorn_Absent,-1,-1.0,4,512,0.9,32.0,0.30434782608695654,48.0,0.653061224489796,0.5,UP,1.0,1.0,0.0,0,OUT,3,2
1543,86076278,52,627812,Absent,28,1,1,1,1,1,1,1,1,1,0,0,0,0,0,0,1,1,0,0,0,0,0,0,1,1,0,0,0,0,0,0,1,1,0,0,0,0,0,0,1,1,0,0,0,0,0,0,1,1,0,0,0,0,0,0,1,1,1,1,1,1,1,1,1,4,28,Unicorn_Absent,-1,-1.0,8,516,0.825,28.0,0.30434782608695654,64.0,0.653061224489796,0.5625,OUT,0.9,0.30434782608695654,0.653061224489796,16,UP,3,2
1545,86076278,53,627812,Absent,32,1,1,1,1,1,1,1,1,1,1,1,1,1,1,1,1,1,1,1,1,1,1,1,1,1,1,1,1,1,1,1,1,0,0,0,0,0,0,0,0,0,0,0,0,0,0,0,0,0,0,0,0,0,0,0,0,0,0,0,0,0,0,0,0,0,32,Unicorn_Absent,-1,-1.0,4,516,0.8,32.0,0.30434782608695654,64.0,0.3333333333333333,0.5,UP,0.825,0.30434782608695654,0.653061224489796,28,OUT,3,2
1555,86076278,58,627812,Absent,58,0,0,1,0,1,1,0,0,0,1,0,0,0,0,1,0,0,0,0,1,1,1,1,1,1,0,0,0,0,1,1,1,0,1,1,1,1,1,1,1,1,1,0,0,1,0,1,0,1,1,1,0,0,1,1,1,0,0,0,1,1,0,1,1,-3,35,Unicorn_Absent,-1,-1.0,9,516,0.78125,35.0,0.2641509433962264,64.0,0.3333333333333333,0.453125,,0.8,0.30434782608695654,0.3333333333333333,32,UP,3,2
1557,86076278,59,627812,Absent,32,1,1,1,1,1,1,1,1,1,1,1,1,1,1,1,1,1,1,1,1,1,1,1,1,1,1,1,1,1,1,1,1,0,0,0,0,0,0,0,0,0,0,0,0,0,0,0,0,0,0,0,0,0,0,0,0,0,0,0,0,0,0,0,0,0,32,Unicorn_Absent,-1,-1.0,4,516,0.8,32.0,0.2641509433962264,32.0,0.0,0.0,UP,0.78125,0.2641509433962264,0.3333333333333333,35,,3,2
1559,86076278,60,627812,Absent,32,0,0,0,0,0,0,0,0,0,0,0,0,0,0,0,0,0,0,0,0,0,0,0,0,0,0,0,0,0,0,0,0,1,1,1,1,1,1,1,1,1,1,1,1,1,1,1,1,1,1,1,1,1,1,1,1,1,1,1,1,1,1,1,1,16,16,Unicorn_Absent,-1,-1.0,3,532,0.9,32.0,0.0,48.0,0.0,0.5,DOWN,0.8,0.2641509433962264,0.0,32,UP,3,2
1440,86076278,1,860786,Absent,51,0,1,1,0,0,1,0,1,1,1,1,1,1,1,0,0,1,1,0,1,0,0,1,1,1,1,0,1,0,1,0,1,1,0,1,1,1,0,0,1,0,0,1,1,1,1,0,1,0,0,0,1,1,1,0,1,1,0,0,0,0,0,0,0,29,3,Unicorn_Absent,-1,-1.0,0,29,0.98125,35.0,1.0,37.0,0.30434782608695654,0.53125,RS,,,,,,3,2
1448,86076278,5,860786,Absent,0,0,0,0,0,0,0,0,0,0,0,0,0,0,0,0,0,0,0,0,0,0,0,0,0,0,0,0,0,0,0,0,0,0,0,0,0,0,0,0,0,0,0,0,0,0,0,0,0,0,0,0,0,0,0,0,0,0,0,0,0,0,0,0,0,32,0,Unicorn_Absent,-1,-1.0,2,37,1.0,0.0,0.0,32.0,0.30434782608695654,0.5,NOTHING,0.98125,1.0,0.30434782608695654,3,RS,3,2
1450,86076278,6,860786,Absent,0,0,0,0,0,0,0,0,0,0,0,0,0,0,0,0,0,0,0,0,0,0,0,0,0,0,0,0,0,0,0,0,0,0,0,0,0,0,0,0,0,0,0,0,0,0,0,0,0,0,0,0,0,0,0,0,0,0,0,0,0,0,0,0,0,32,0,Unicorn_Absent,-1,-1.0,2,69,1.0,0.0,1.0,32.0,0.19565217391304346,0.5,NOTHING,1.0,0.0,0.30434782608695654,0,NOTHING,3,2
1452,86076278,7,860786,Absent,0,0,0,0,0,0,0,0,0,0,0,0,0,0,0,0,0,0,0,0,0,0,0,0,0,0,0,0,0,0,0,0,0,0,0,0,0,0,0,0,0,0,0,0,0,0,0,0,0,0,0,0,0,0,0,0,0,0,0,0,0,0,0,0,0,32,0,Unicorn_Absent,-1,-1.0,2,101,1.0,0.0,1.0,32.0,0.19565217391304346,0.5,NOTHING,1.0,1.0,0.19565217391304346,0,NOTHING,3,2
1454,86076278,8,860786,Absent,0,0,0,0,0,0,0,0,0,0,0,0,0,0,0,0,0,0,0,0,0,0,0,0,0,0,0,0,0,0,0,0,0,0,0,0,0,0,0,0,0,0,0,0,0,0,0,0,0,0,0,0,0,0,0,0,0,0,0,0,0,0,0,0,0,32,0,Unicorn_Absent,-1,-1.0,2,133,1.0,0.0,1.0,32.0,0.421875,0.5,NOTHING,1.0,1.0,0.19565217391304346,0,NOTHING,3,2
1458,86076278,10,860786,Absent,0,0,0,0,0,0,0,0,0,0,0,0,0,0,0,0,0,0,0,0,0,0,0,0,0,0,0,0,0,0,0,0,0,0,0,0,0,0,0,0,0,0,0,0,0,0,0,0,0,0,0,0,0,0,0,0,0,0,0,0,0,0,0,0,0,32,0,Unicorn_Absent,-1,-1.0,2,197,1.0,0.0,1.0,32.0,0.421875,0.5,NOTHING,1.0,1.0,0.421875,0,NOTHING,3,2
1460,86076278,11,860786,Absent,0,0,0,0,0,0,0,0,0,0,0,0,0,0,0,0,0,0,0,0,0,0,0,0,0,0,0,0,0,0,0,0,0,0,0,0,0,0,0,0,0,0,0,0,0,0,0,0,0,0,0,0,0,0,0,0,0,0,0,0,0,0,0,0,0,32,0,Unicorn_Absent,-1,-1.0,2,229,1.0,0.0,1.0,32.0,0.1046808510638298,0.5,NOTHING,1.0,1.0,0.421875,0,NOTHING,3,2
1462,86076278,12,860786,Absent,0,0,0,0,0,0,0,0,0,0,0,0,0,0,0,0,0,0,0,0,0,0,0,0,0,0,0,0,0,0,0,0,0,0,0,0,0,0,0,0,0,0,0,0,0,0,0,0,0,0,0,0,0,0,0,0,0,0,0,0,0,0,0,0,0,32,0,Unicorn_Absent,-1,-1.0,2,261,1.0,0.0,1.0,0.0,0.1046808510638298,0.0,NOTHING,1.0,1.0,0.1046808510638298,0,NOTHING,3,2
1466,86076278,14,860786,Absent,32,1,1,1,1,1,1,1,1,1,1,1,1,1,1,1,1,1,1,1,1,1,1,1,1,1,1,1,1,1,1,1,1,0,0,0,0,0,0,0,0,0,0,0,0,0,0,0,0,0,0,0,0,0,0,0,0,0,0,0,0,0,0,0,0,16,16,Unicorn_Absent,-1,-1.0,4,213,0.9,32.0,0.0,48.0,0.36,0.5,UP,1.0,1.0,0.1046808510638298,0,NOTHING,3,2
1468,86076278,15,860786,Absent,32,0,0,0,0,1,1,1,1,0,0,0,0,1,1,1,1,0,0,0,0,1,1,1,1,0,0,0,0,1,1,1,1,0,0,0,0,1,1,1,1,0,0,0,0,1,1,1,1,0,0,0,0,1,1,1,1,0,0,0,0,1,1,1,1,16,16,Unicorn_Absent,-1,-1.0,6,229,0.9,32.0,0.3333333333333333,48.0,0.36,0.5,RIGHT,0.9,0.0,0.36,16,UP,3,2
1472,86076278,17,860786,Absent,64,1,1,1,1,1,1,1,1,1,1,1,1,1,1,1,1,1,1,1,1,1,1,1,1,1,1,1,1,1,1,1,1,1,1,1,1,1,1,1,1,1,1,1,1,1,1,1,1,1,1,1,1,1,1,1,1,1,1,1,1,1,1,1,1,0,32,Unicorn_Absent,-1,-1.0,1,261,0.8,64.0,0.5,64.0,0.0,0.5,ALL,0.9,0.3333333333333333,0.36,16,RIGHT,3,2
1474,86076278,18,860786,Absent,32,0,0,0,0,0,0,0,0,0,0,0,0,0,0,0,0,0,0,0,0,0,0,0,0,0,0,0,0,0,0,0,0,1,1,1,1,1,1,1,1,1,1,1,1,1,1,1,1,1,1,1,1,1,1,1,1,1,1,1,1,1,1,1,1,0,32,Unicorn_Absent,-1,-1.0,3,261,0.8,32.0,0.5,32.0,0.0,0.0,DOWN,0.8,0.5,0.0,32,ALL,3,2
1478,86076278,20,860786,Absent,32,1,1,1,1,0,0,0,0,1,1,1,1,0,0,0,0,1,1,1,1,0,0,0,0,1,1,1,1,0,0,0,0,1,1,1,1,0,0,0,0,1,1,1,1,0,0,0,0,1,1,1,1,0,0,0,0,1,1,1,1,0,0,0,0,32,0,Unicorn_Absent,-1,-1.0,5,325,1.0,32.0,0.3333333333333333,64.0,0.0,1.0,LEFT,0.8,0.5,0.0,32,DOWN,3,2
1484,86076278,23,860786,Absent,32,1,1,1,1,0,0,0,0,1,1,1,1,0,0,0,0,1,1,1,1,0,0,0,0,1,1,1,1,0,0,0,0,1,1,1,1,0,0,0,0,1,1,1,1,0,0,0,0,1,1,1,1,0,0,0,0,1,1,1,1,0,0,0,0,15,17,Unicorn_Absent,-1,-1.0,5,292,0.89375,32.0,1.0,49.0,0.0,0.5,LEFT,1.0,0.3333333333333333,0.0,0,LEFT,3,2
1486,86076278,24,860786,Absent,32,1,1,1,1,1,1,1,1,1,1,1,1,1,1,1,1,1,1,1,1,1,1,1,1,1,1,1,1,1,1,1,1,0,0,0,0,0,0,0,0,0,0,0,0,0,0,0,0,0,0,0,0,0,0,0,0,0,0,0,0,0,0,0,0,32,0,Unicorn_Absent,-1,-1.0,4,324,1.0,32.0,0.3333333333333333,32.0,0.3333333333333333,0.5,UP,0.89375,1.0,0.0,17,LEFT,3,2
1488,86076278,25,860786,Absent,32,1,1,1,1,1,1,1,1,1,1,1,1,1,1,1,1,1,1,1,1,1,1,1,1,1,1,1,1,1,1,1,1,0,0,0,0,0,0,0,0,0,0,0,0,0,0,0,0,0,0,0,0,0,0,0,0,0,0,0,0,0,0,0,0,32,0,Unicorn_Absent,-1,-1.0,4,356,1.0,32.0,1.0,32.0,0.3333333333333333,0.5,UP,1.0,0.3333333333333333,0.3333333333333333,0,UP,3,2
1496,86076278,29,860786,Absent,28,1,1,1,1,1,1,1,1,1,0,0,0,0,0,0,1,1,0,0,0,0,0,0,1,1,0,0,0,0,0,0,1,1,0,0,0,0,0,0,1,1,0,0,0,0,0,0,1,1,0,0,0,0,0,0,1,1,1,1,1,1,1,1,1,18,14,Unicorn_Absent,-1,-1.0,8,250,0.9125,28.0,0.30434782608695654,46.0,1.0,0.5,OUT,1.0,1.0,0.3333333333333333,0,UP,3,2
1500,86076278,31,860786,Absent,32,1,1,1,1,0,0,0,0,1,1,1,1,0,0,0,0,1,1,1,1,0,0,0,0,1,1,1,1,0,0,0,0,1,1,1,1,0,0,0,0,1,1,1,1,0,0,0,0,1,1,1,1,0,0,0,0,1,1,1,1,0,0,0,0,0,32,Unicorn_Absent,-1,-1.0,5,280,0.8,32.0,0.30434782608695654,64.0,1.0,0.5,LEFT,0.9125,0.30434782608695654,1.0,14,OUT,3,2
1502,86076278,32,860786,Absent,32,0,0,0,0,1,1,1,1,0,0,0,0,1,1,1,1,0,0,0,0,1,1,1,1,0,0,0,0,1,1,1,1,0,0,0,0,1,1,1,1,0,0,0,0,1,1,1,1,0,0,0,0,1,1,1,1,0,0,0,0,1,1,1,1,17,15,Unicorn_Absent,-1,-1.0,6,297,0.90625,32.0,0.0,44.0,1.0,0.453125,RIGHT,0.8,0.30434782608695654,1.0,32,LEFT,3,2
1504,86076278,33,860786,Absent,36,0,0,0,0,0,0,0,0,0,1,1,1,1,1,1,0,0,1,1,1,1,1,1,0,0,1,1,1,1,1,1,0,0,1,1,1,1,1,1,0,0,1,1,1,1,1,1,0,0,1,1,1,1,1,1,0,0,0,0,0,0,0,0,0,14,18,Unicorn_Absent,-1,-1.0,7,311,0.8875,36.0,0.36,50.0,1.0,0.5,IN,0.90625,0.0,1.0,15,RIGHT,3,2
1510,86076278,36,860786,Absent,32,1,1,1,1,1,1,1,1,1,1,1,1,1,1,1,1,1,1,1,1,1,1,1,1,1,1,1,1,1,1,1,1,0,0,0,0,0,0,0,0,0,0,0,0,0,0,0,0,0,0,0,0,0,0,0,0,0,0,0,0,0,0,0,0,32,0,Unicorn_Absent,-1,-1.0,4,297,1.0,32.0,0.36,32.0,0.30434782608695654,0.5,UP,0.8875,0.36,1.0,18,IN,3,2
1512,86076278,37,860786,Absent,32,1,1,1,1,1,1,1,1,1,1,1,1,1,1,1,1,1,1,1,1,1,1,1,1,1,1,1,1,1,1,1,1,0,0,0,0,0,0,0,0,0,0,0,0,0,0,0,0,0,0,0,0,0,0,0,0,0,0,0,0,0,0,0,0,32,0,Unicorn_Absent,-1,-1.0,4,329,1.0,32.0,1.0,32.0,0.30434782608695654,0.5,UP,1.0,0.36,0.30434782608695654,0,UP,3,2
1524,86076278,43,860786,Absent,32,0,0,0,0,0,0,0,0,0,0,0,0,0,0,0,0,0,0,0,0,0,0,0,0,0,0,0,0,0,0,0,0,1,1,1,1,1,1,1,1,1,1,1,1,1,1,1,1,1,1,1,1,1,1,1,1,1,1,1,1,1,1,1,1,16,16,Unicorn_Absent,-1,-1.0,3,409,0.9,32.0,0.0,48.0,0.19565217391304346,0.5,DOWN,1.0,1.0,0.30434782608695654,0,UP,3,2
1528,86076278,45,860786,Absent,32,1,1,1,1,0,0,0,0,1,1,1,1,0,0,0,0,1,1,1,1,0,0,0,0,1,1,1,1,0,0,0,0,1,1,1,1,0,0,0,0,1,1,1,1,0,0,0,0,1,1,1,1,0,0,0,0,1,1,1,1,0,0,0,0,32,0,Unicorn_Absent,-1,-1.0,5,466,1.0,32.0,0.3333333333333333,32.0,0.19565217391304346,0.5,LEFT,0.9,0.0,0.19565217391304346,16,DOWN,3,2
1530,86076278,46,860786,Absent,32,1,1,1,1,0,0,0,0,1,1,1,1,0,0,0,0,1,1,1,1,0,0,0,0,1,1,1,1,0,0,0,0,1,1,1,1,0,0,0,0,1,1,1,1,0,0,0,0,1,1,1,1,0,0,0,0,1,1,1,1,0,0,0,0,18,14,Unicorn_Absent,-1,-1.0,5,484,0.9125,32.0,1.0,46.0,0.6956521739130435,0.5,LEFT,1.0,0.3333333333333333,0.19565217391304346,0,LEFT,3,2
1536,86076278,49,860786,Absent,0,0,0,0,0,0,0,0,0,0,0,0,0,0,0,0,0,0,0,0,0,0,0,0,0,0,0,0,0,0,0,0,0,0,0,0,0,0,0,0,0,0,0,0,0,0,0,0,0,0,0,0,0,0,0,0,0,0,0,0,0,0,0,0,0,32,0,Unicorn_Absent,-1,-1.0,2,560,1.0,0.0,0.0,28.0,0.6956521739130435,0.4375,NOTHING,0.9125,1.0,0.6956521739130435,14,LEFT,3,2
1540,86076278,51,860786,Absent,32,0,0,0,0,1,1,1,1,0,0,0,0,1,1,1,1,0,0,0,0,1,1,1,1,0,0,0,0,1,1,1,1,0,0,0,0,1,1,1,1,0,0,0,0,1,1,1,1,0,0,0,0,1,1,1,1,0,0,0,0,1,1,1,1,16,16,Unicorn_Absent,-1,-1.0,6,512,0.9,32.0,0.0,48.0,0.7358490566037736,0.5,RIGHT,1.0,0.0,0.6956521739130435,0,NOTHING,3,2
1542,86076278,52,860786,Absent,64,1,1,1,1,1,1,1,1,1,1,1,1,1,1,1,1,1,1,1,1,1,1,1,1,1,1,1,1,1,1,1,1,1,1,1,1,1,1,1,1,1,1,1,1,1,1,1,1,1,1,1,1,1,1,1,1,1,1,1,1,1,1,1,1,4,28,Unicorn_Absent,-1,-1.0,1,516,0.825,64.0,0.5,64.0,0.7358490566037736,0.5625,ALL,0.9,0.0,0.7358490566037736,16,RIGHT,3,2
1544,86076278,53,860786,Absent,64,1,1,1,1,1,1,1,1,1,1,1,1,1,1,1,1,1,1,1,1,1,1,1,1,1,1,1,1,1,1,1,1,1,1,1,1,1,1,1,1,1,1,1,1,1,1,1,1,1,1,1,1,1,1,1,1,1,1,1,1,1,1,1,1,0,32,Unicorn_Absent,-1,-1.0,1,516,0.8,64.0,1.0,64.0,0.2358490566037736,0.5,ALL,0.825,0.5,0.7358490566037736,28,ALL,3,2
1554,86076278,58,860786,Absent,64,1,1,1,1,1,1,1,1,1,1,1,1,1,1,1,1,1,1,1,1,1,1,1,1,1,1,1,1,1,1,1,1,1,1,1,1,1,1,1,1,1,1,1,1,1,1,1,1,1,1,1,1,1,1,1,1,1,1,1,1,1,1,1,1,-3,35,Unicorn_Absent,-1,-1.0,1,516,0.78125,64.0,1.0,64.0,0.2358490566037736,0.453125,ALL,0.8,1.0,0.2358490566037736,32,ALL,3,2
1556,86076278,59,860786,Absent,32,1,1,1,1,1,1,1,1,1,1,1,1,1,1,1,1,1,1,1,1,1,1,1,1,1,1,1,1,1,1,1,1,0,0,0,0,0,0,0,0,0,0,0,0,0,0,0,0,0,0,0,0,0,0,0,0,0,0,0,0,0,0,0,0,0,32,Unicorn_Absent,-1,-1.0,4,516,0.8,32.0,0.5,32.0,0.3333333333333333,0.0,UP,0.78125,1.0,0.2358490566037736,35,ALL,3,2
1558,86076278,60,860786,Absent,32,1,1,1,1,0,0,0,0,1,1,1,1,0,0,0,0,1,1,1,1,0,0,0,0,1,1,1,1,0,0,0,0,1,1,1,1,0,0,0,0,1,1,1,1,0,0,0,0,1,1,1,1,0,0,0,0,1,1,1,1,0,0,0,0,16,16,Unicorn_Absent,-1,-1.0,5,532,0.9,32.0,0.3333333333333333,48.0,0.3333333333333333,0.5,LEFT,0.8,0.5,0.3333333333333333,32,UP,3,2
241,87557080,1,708071,Absent,53,1,1,1,0,1,1,1,0,0,1,0,0,0,1,1,0,1,0,0,1,0,0,1,1,1,1,0,1,1,0,1,1,0,0,1,1,1,1,1,1,1,0,1,0,1,1,0,1,0,1,1,0,1,1,1,0,0,1,1,0,1,0,0,1,12,20,Unicorn_Absent,-1,-1.0,9,12,0.875,39.0,1.0,56.0,0.0,0.5625,,,,,,,3,2
245,87557080,3,708071,Absent,64,1,1,1,1,1,1,1,1,1,1,1,1,1,1,1,1,1,1,1,1,1,1,1,1,1,1,1,1,1,1,1,1,1,1,1,1,1,1,1,1,1,1,1,1,1,1,1,1,1,1,1,1,1,1,1,1,1,1,1,1,1,1,1,1,-4,36,Unicorn_Absent,-1,-1.0,1,28,0.775,64.0,0.609375,64.0,0.0,0.4375,ALL,0.875,1.0,0.0,20,,3,2
247,87557080,4,708071,Absent,36,0,0,0,0,0,0,0,0,0,1,1,1,1,1,1,0,0,1,1,1,1,1,1,0,0,1,1,1,1,1,1,0,0,1,1,1,1,1,1,0,0,1,1,1,1,1,1,0,0,1,1,1,1,1,1,0,0,0,0,0,0,0,0,0,14,18,Unicorn_Absent,-1,-1.0,7,42,0.8875,36.0,0.5625,50.0,0.23201650943396224,0.5,IN,0.775,0.609375,0.0,36,ALL,3,2
249,87557080,5,708071,Absent,64,1,1,1,1,1,1,1,1,1,1,1,1,1,1,1,1,1,1,1,1,1,1,1,1,1,1,1,1,1,1,1,1,1,1,1,1,1,1,1,1,1,1,1,1,1,1,1,1,1,1,1,1,1,1,1,1,1,1,1,1,1,1,1,1,4,28,Unicorn_Absent,-1,-1.0,1,46,0.825,64.0,0.5625,64.0,0.23201650943396224,0.5625,ALL,0.8875,0.5625,0.23201650943396224,18,IN,3,2
253,87557080,7,708071,Absent,32,1,1,1,1,1,1,1,1,1,1,1,1,1,1,1,1,1,1,1,1,1,1,1,1,1,1,1,1,1,1,1,1,0,0,0,0,0,0,0,0,0,0,0,0,0,0,0,0,0,0,0,0,0,0,0,0,0,0,0,0,0,0,0,0,16,16,Unicorn_Absent,-1,-1.0,4,-18,0.9,32.0,0.5,48.0,0.2025,0.5,UP,0.825,0.5625,0.23201650943396224,28,ALL,3,2
255,87557080,8,708071,Absent,32,1,1,1,1,0,0,0,0,1,1,1,1,0,0,0,0,1,1,1,1,0,0,0,0,1,1,1,1,0,0,0,0,1,1,1,1,0,0,0,0,1,1,1,1,0,0,0,0,1,1,1,1,0,0,0,0,1,1,1,1,0,0,0,0,14,18,Unicorn_Absent,-1,-1.0,5,-4,0.8875,32.0,0.3333333333333333,50.0,0.2025,0.5,LEFT,0.9,0.5,0.2025,16,UP,3,2
261,87557080,11,708071,Absent,0,0,0,0,0,0,0,0,0,0,0,0,0,0,0,0,0,0,0,0,0,0,0,0,0,0,0,0,0,0,0,0,0,0,0,0,0,0,0,0,0,0,0,0,0,0,0,0,0,0,0,0,0,0,0,0,0,0,0,0,0,0,0,0,0,32,0,Unicorn_Absent,-1,-1.0,2,-21,1.0,0.0,0.0,32.0,0.25815217391304346,0.5,NOTHING,0.8875,0.3333333333333333,0.2025,18,LEFT,3,2
263,87557080,12,708071,Absent,0,0,0,0,0,0,0,0,0,0,0,0,0,0,0,0,0,0,0,0,0,0,0,0,0,0,0,0,0,0,0,0,0,0,0,0,0,0,0,0,0,0,0,0,0,0,0,0,0,0,0,0,0,0,0,0,0,0,0,0,0,0,0,0,0,32,0,Unicorn_Absent,-1,-1.0,2,11,1.0,0.0,1.0,32.0,0.25815217391304346,0.5,NOTHING,1.0,0.0,0.25815217391304346,0,NOTHING,3,2
265,87557080,13,708071,Absent,32,0,0,0,0,0,0,0,0,0,0,0,0,0,0,0,0,0,0,0,0,0,0,0,0,0,0,0,0,0,0,0,0,1,1,1,1,1,1,1,1,1,1,1,1,1,1,1,1,1,1,1,1,1,1,1,1,1,1,1,1,1,1,1,1,16,16,Unicorn_Absent,-1,-1.0,3,27,0.9,32.0,0.0,48.0,0.19565217391304346,0.5,DOWN,1.0,1.0,0.25815217391304346,0,NOTHING,3,2
273,87557080,17,708071,Absent,0,0,0,0,0,0,0,0,0,0,0,0,0,0,0,0,0,0,0,0,0,0,0,0,0,0,0,0,0,0,0,0,0,0,0,0,0,0,0,0,0,0,0,0,0,0,0,0,0,0,0,0,0,0,0,0,0,0,0,0,0,0,0,0,0,32,0,Unicorn_Absent,-1,-1.0,2,-151,1.0,0.0,0.0,28.0,0.19565217391304346,0.4375,NOTHING,0.9,0.0,0.19565217391304346,16,DOWN,3,2
277,87557080,19,708071,Absent,32,1,1,1,1,0,0,0,0,1,1,1,1,0,0,0,0,1,1,1,1,0,0,0,0,1,1,1,1,0,0,0,0,1,1,1,1,0,0,0,0,1,1,1,1,0,0,0,0,1,1,1,1,0,0,0,0,1,1,1,1,0,0,0,0,32,0,Unicorn_Absent,-1,-1.0,5,-183,1.0,32.0,0.0,64.0,0.026666666666666672,1.0,LEFT,1.0,0.0,0.19565217391304346,0,NOTHING,3,2
281,87557080,21,708071,Absent,32,1,1,1,1,0,0,0,0,1,1,1,1,0,0,0,0,1,1,1,1,0,0,0,0,1,1,1,1,0,0,0,0,1,1,1,1,0,0,0,0,1,1,1,1,0,0,0,0,1,1,1,1,0,0,0,0,1,1,1,1,0,0,0,0,32,0,Unicorn_Absent,-1,-1.0,5,-119,1.0,32.0,1.0,64.0,0.026666666666666672,1.0,LEFT,1.0,0.0,0.026666666666666672,0,LEFT,3,2
285,87557080,23,708071,Absent,32,1,1,1,1,0,0,0,0,1,1,1,1,0,0,0,0,1,1,1,1,0,0,0,0,1,1,1,1,0,0,0,0,1,1,1,1,0,0,0,0,1,1,1,1,0,0,0,0,1,1,1,1,0,0,0,0,1,1,1,1,0,0,0,0,32,0,Unicorn_Absent,-1,-1.0,5,-55,1.0,32.0,1.0,64.0,0.36,1.0,LEFT,1.0,1.0,0.026666666666666672,0,LEFT,3,2
291,87557080,26,708071,Absent,28,1,1,1,1,1,1,1,1,1,0,0,0,0,0,0,1,1,0,0,0,0,0,0,1,1,0,0,0,0,0,0,1,1,0,0,0,0,0,0,1,1,0,0,0,0,0,0,1,1,0,0,0,0,0,0,1,1,1,1,1,1,1,1,1,18,14,Unicorn_Absent,-1,-1.0,8,27,0.9125,28.0,0.30434782608695654,46.0,0.36,0.5,OUT,1.0,1.0,0.36,0,LEFT,3,2
293,87557080,27,708071,Absent,32,1,1,1,1,1,1,1,1,1,1,1,1,1,1,1,1,1,1,1,1,1,1,1,1,1,1,1,1,1,1,1,1,0,0,0,0,0,0,0,0,0,0,0,0,0,0,0,0,0,0,0,0,0,0,0,0,0,0,0,0,0,0,0,0,18,14,Unicorn_Absent,-1,-1.0,4,45,0.9125,32.0,0.30434782608695654,46.0,0.0,0.5,UP,0.9125,0.30434782608695654,0.36,14,OUT,3,2
295,87557080,28,708071,Absent,32,1,1,1,1,1,1,1,1,1,1,1,1,1,1,1,1,1,1,1,1,1,1,1,1,1,1,1,1,1,1,1,1,0,0,0,0,0,0,0,0,0,0,0,0,0,0,0,0,0,0,0,0,0,0,0,0,0,0,0,0,0,0,0,0,32,0,Unicorn_Absent,-1,-1.0,4,77,1.0,32.0,1.0,64.0,0.0,1.0,UP,0.9125,0.30434782608695654,0.0,14,UP,3,2
297,87557080,29,708071,Absent,32,1,1,1,1,1,1,1,1,1,1,1,1,1,1,1,1,1,1,1,1,1,1,1,1,1,1,1,1,1,1,1,1,0,0,0,0,0,0,0,0,0,0,0,0,0,0,0,0,0,0,0,0,0,0,0,0,0,0,0,0,0,0,0,0,32,0,Unicorn_Absent,-1,-1.0,4,109,1.0,32.0,1.0,64.0,1.0,1.0,UP,1.0,1.0,0.0,0,UP,3,2
303,87557080,32,708071,Absent,32,1,1,1,1,1,1,1,1,1,1,1,1,1,1,1,1,1,1,1,1,1,1,1,1,1,1,1,1,1,1,1,1,0,0,0,0,0,0,0,0,0,0,0,0,0,0,0,0,0,0,0,0,0,0,0,0,0,0,0,0,0,0,0,0,32,0,Unicorn_Absent,-1,-1.0,4,205,1.0,32.0,1.0,64.0,1.0,1.0,UP,1.0,1.0,1.0,0,UP,3,2
305,87557080,33,708071,Absent,32,1,1,1,1,1,1,1,1,1,1,1,1,1,1,1,1,1,1,1,1,1,1,1,1,1,1,1,1,1,1,1,1,0,0,0,0,0,0,0,0,0,0,0,0,0,0,0,0,0,0,0,0,0,0,0,0,0,0,0,0,0,0,0,0,32,0,Unicorn_Absent,-1,-1.0,4,237,1.0,32.0,1.0,64.0,0.30434782608695654,1.0,UP,1.0,1.0,1.0,0,UP,3,2
307,87557080,34,708071,Absent,32,1,1,1,1,1,1,1,1,1,1,1,1,1,1,1,1,1,1,1,1,1,1,1,1,1,1,1,1,1,1,1,1,0,0,0,0,0,0,0,0,0,0,0,0,0,0,0,0,0,0,0,0,0,0,0,0,0,0,0,0,0,0,0,0,32,0,Unicorn_Absent,-1,-1.0,4,269,1.0,32.0,1.0,64.0,0.30434782608695654,1.0,UP,1.0,1.0,0.30434782608695654,0,UP,3,2
311,87557080,36,708071,Absent,32,1,1,1,1,0,0,0,0,1,1,1,1,0,0,0,0,1,1,1,1,0,0,0,0,1,1,1,1,0,0,0,0,1,1,1,1,0,0,0,0,1,1,1,1,0,0,0,0,1,1,1,1,0,0,0,0,1,1,1,1,0,0,0,0,16,16,Unicorn_Absent,-1,-1.0,5,189,0.9,32.0,0.3333333333333333,48.0,0.30434782608695654,0.5,LEFT,1.0,1.0,0.30434782608695654,0,UP,3,2
313,87557080,37,708071,Absent,32,0,0,0,0,0,0,0,0,0,0,0,0,0,0,0,0,0,0,0,0,0,0,0,0,0,0,0,0,0,0,0,0,1,1,1,1,1,1,1,1,1,1,1,1,1,1,1,1,1,1,1,1,1,1,1,1,1,1,1,1,1,1,1,1,16,16,Unicorn_Absent,-1,-1.0,3,205,0.9,32.0,0.3333333333333333,48.0,0.30434782608695654,0.5,DOWN,0.9,0.3333333333333333,0.30434782608695654,16,LEFT,3,2
315,87557080,38,708071,Absent,64,1,1,1,1,1,1,1,1,1,1,1,1,1,1,1,1,1,1,1,1,1,1,1,1,1,1,1,1,1,1,1,1,1,1,1,1,1,1,1,1,1,1,1,1,1,1,1,1,1,1,1,1,1,1,1,1,1,1,1,1,1,1,1,1,0,32,Unicorn_Absent,-1,-1.0,1,205,0.8,64.0,0.5,64.0,0.0,0.5,ALL,0.9,0.3333333333333333,0.30434782608695654,16,DOWN,3,2
319,87557080,40,708071,Absent,36,0,0,0,0,0,0,0,0,0,1,1,1,1,1,1,0,0,1,1,1,1,1,1,0,0,1,1,1,1,1,1,0,0,1,1,1,1,1,1,0,0,1,1,1,1,1,1,0,0,1,1,1,1,1,1,0,0,0,0,0,0,0,0,0,14,18,Unicorn_Absent,-1,-1.0,7,236,0.8875,36.0,0.5625,50.0,0.0,0.5,IN,0.8,0.5,0.0,32,ALL,3,2
321,87557080,41,708071,Absent,32,1,1,1,1,0,0,0,0,1,1,1,1,0,0,0,0,1,1,1,1,0,0,0,0,1,1,1,1,0,0,0,0,1,1,1,1,0,0,0,0,1,1,1,1,0,0,0,0,1,1,1,1,0,0,0,0,1,1,1,1,0,0,0,0,32,0,Unicorn_Absent,-1,-1.0,5,268,1.0,32.0,0.36,64.0,0.0,1.0,LEFT,0.8875,0.5625,0.0,18,IN,3,2
323,87557080,42,708071,Absent,32,1,1,1,1,0,0,0,0,1,1,1,1,0,0,0,0,1,1,1,1,0,0,0,0,1,1,1,1,0,0,0,0,1,1,1,1,0,0,0,0,1,1,1,1,0,0,0,0,1,1,1,1,0,0,0,0,1,1,1,1,0,0,0,0,32,0,Unicorn_Absent,-1,-1.0,5,300,1.0,32.0,1.0,64.0,0.0,1.0,LEFT,1.0,0.36,0.0,0,LEFT,3,2
325,87557080,43,708071,Absent,36,0,0,0,0,0,0,0,0,0,1,1,1,1,1,1,0,0,1,1,1,1,1,1,0,0,1,1,1,1,1,1,0,0,1,1,1,1,1,1,0,0,1,1,1,1,1,1,0,0,1,1,1,1,1,1,0,0,0,0,0,0,0,0,0,14,18,Unicorn_Absent,-1,-1.0,7,314,0.8875,36.0,0.36,50.0,0.6956521739130435,0.5,IN,1.0,1.0,0.0,0,LEFT,3,2
329,87557080,45,708071,Absent,28,1,1,1,1,1,1,1,1,1,0,0,0,0,0,0,1,1,0,0,0,0,0,0,1,1,0,0,0,0,0,0,1,1,0,0,0,0,0,0,1,1,0,0,0,0,0,0,1,1,0,0,0,0,0,0,1,1,1,1,1,1,1,1,1,18,14,Unicorn_Absent,-1,-1.0,8,360,0.9125,28.0,0.0,46.0,0.6956521739130435,0.5,OUT,0.8875,0.36,0.6956521739130435,18,IN,3,2
331,87557080,46,708071,Absent,32,1,1,1,1,0,0,0,0,1,1,1,1,0,0,0,0,1,1,1,1,0,0,0,0,1,1,1,1,0,0,0,0,1,1,1,1,0,0,0,0,1,1,1,1,0,0,0,0,1,1,1,1,0,0,0,0,1,1,1,1,0,0,0,0,32,0,Unicorn_Absent,-1,-1.0,5,392,1.0,32.0,0.30434782608695654,64.0,0.0,1.0,LEFT,0.9125,0.0,0.6956521739130435,14,OUT,3,2
335,87557080,48,708071,Absent,32,1,1,1,1,0,0,0,0,1,1,1,1,0,0,0,0,1,1,1,1,0,0,0,0,1,1,1,1,0,0,0,0,1,1,1,1,0,0,0,0,1,1,1,1,0,0,0,0,1,1,1,1,0,0,0,0,1,1,1,1,0,0,0,0,32,0,Unicorn_Absent,-1,-1.0,5,456,1.0,32.0,1.0,64.0,0.0,1.0,LEFT,1.0,0.30434782608695654,0.0,0,LEFT,3,2
337,87557080,49,708071,Absent,32,1,1,1,1,0,0,0,0,1,1,1,1,0,0,0,0,1,1,1,1,0,0,0,0,1,1,1,1,0,0,0,0,1,1,1,1,0,0,0,0,1,1,1,1,0,0,0,0,1,1,1,1,0,0,0,0,1,1,1,1,0,0,0,0,32,0,Unicorn_Absent,-1,-1.0,5,488,1.0,32.0,1.0,64.0,0.6956521739130435,1.0,LEFT,1.0,1.0,0.0,0,LEFT,3,2
339,87557080,50,708071,Absent,32,1,1,1,1,0,0,0,0,1,1,1,1,0,0,0,0,1,1,1,1,0,0,0,0,1,1,1,1,0,0,0,0,1,1,1,1,0,0,0,0,1,1,1,1,0,0,0,0,1,1,1,1,0,0,0,0,1,1,1,1,0,0,0,0,32,0,Unicorn_Absent,-1,-1.0,5,520,1.0,32.0,1.0,64.0,0.6956521739130435,1.0,LEFT,1.0,1.0,0.6956521739130435,0,LEFT,3,2
343,87557080,52,708071,Absent,32,1,1,1,1,0,0,0,0,1,1,1,1,0,0,0,0,1,1,1,1,0,0,0,0,1,1,1,1,0,0,0,0,1,1,1,1,0,0,0,0,1,1,1,1,0,0,0,0,1,1,1,1,0,0,0,0,1,1,1,1,0,0,0,0,32,0,Unicorn_Absent,-1,-1.0,5,584,1.0,32.0,1.0,64.0,0.0,1.0,LEFT,1.0,1.0,0.6956521739130435,0,LEFT,3,2
347,87557080,54,708071,Absent,32,1,1,1,1,0,0,0,0,1,1,1,1,0,0,0,0,1,1,1,1,0,0,0,0,1,1,1,1,0,0,0,0,1,1,1,1,0,0,0,0,1,1,1,1,0,0,0,0,1,1,1,1,0,0,0,0,1,1,1,1,0,0,0,0,32,0,Unicorn_Absent,-1,-1.0,5,648,1.0,32.0,1.0,64.0,0.0,1.0,LEFT,1.0,1.0,0.0,0,LEFT,3,2
351,87557080,56,708071,Absent,32,1,1,1,1,0,0,0,0,1,1,1,1,0,0,0,0,1,1,1,1,0,0,0,0,1,1,1,1,0,0,0,0,1,1,1,1,0,0,0,0,1,1,1,1,0,0,0,0,1,1,1,1,0,0,0,0,1,1,1,1,0,0,0,0,0,32,Unicorn_Absent,-1,-1.0,5,678,0.8,32.0,1.0,32.0,0.0,0.0,LEFT,1.0,1.0,0.0,0,LEFT,3,2
355,87557080,58,708071,Absent,28,1,1,1,1,1,1,1,1,1,0,0,0,0,0,0,1,1,0,0,0,0,0,0,1,1,0,0,0,0,0,0,1,1,0,0,0,0,0,0,1,1,0,0,0,0,0,0,1,1,0,0,0,0,0,0,1,1,1,1,1,1,1,1,1,32,0,Unicorn_Absent,-1,-1.0,8,742,1.0,28.0,0.30434782608695654,64.0,0.0,1.0,OUT,0.8,1.0,0.0,32,LEFT,3,2
240,87557080,1,875569,Absent,55,0,1,1,1,1,1,0,0,1,0,0,0,1,0,1,1,0,0,0,1,1,1,0,1,0,0,0,1,1,1,0,1,1,1,0,0,1,1,0,0,1,1,1,0,1,1,1,0,1,1,1,1,1,0,0,1,1,1,0,1,0,1,0,0,12,20,Unicorn_Absent,-1,-1.0,0,12,0.875,37.0,1.0,56.0,0.0,0.5625,RS,,,,,,3,2
244,87557080,3,875569,Absent,36,0,0,0,0,0,0,0,0,0,1,1,1,1,1,1,0,0,1,1,1,1,1,1,0,0,1,1,1,1,1,1,0,0,1,1,1,1,1,1,0,0,1,1,1,1,1,1,0,0,1,1,1,1,1,1,0,0,0,0,0,0,0,0,0,-4,36,Unicorn_Absent,-1,-1.0,7,28,0.775,36.0,0.37735849056603776,64.0,0.0,0.4375,IN,0.875,1.0,0.0,20,RS,3,2
246,87557080,4,875569,Absent,32,0,0,0,0,0,0,0,0,0,0,0,0,0,0,0,0,0,0,0,0,0,0,0,0,0,0,0,0,0,0,0,0,1,1,1,1,1,1,1,1,1,1,1,1,1,1,1,1,1,1,1,1,1,1,1,1,1,1,1,1,1,1,1,1,14,18,Unicorn_Absent,-1,-1.0,3,42,0.8875,32.0,0.36,50.0,0.0,0.5,DOWN,0.775,0.37735849056603776,0.0,36,IN,3,2
248,87557080,5,875569,Absent,28,1,1,1,1,1,1,1,1,1,0,0,0,0,0,0,1,1,0,0,0,0,0,0,1,1,0,0,0,0,0,0,1,1,0,0,0,0,0,0,1,1,0,0,0,0,0,0,1,1,0,0,0,0,0,0,1,1,1,1,1,1,1,1,1,4,28,Unicorn_Absent,-1,-1.0,8,46,0.825,28.0,0.30434782608695654,64.0,0.0,0.5625,OUT,0.8875,0.36,0.0,18,DOWN,3,2
252,87557080,7,875569,Absent,32,1,1,1,1,0,0,0,0,1,1,1,1,0,0,0,0,1,1,1,1,0,0,0,0,1,1,1,1,0,0,0,0,1,1,1,1,0,0,0,0,1,1,1,1,0,0,0,0,1,1,1,1,0,0,0,0,1,1,1,1,0,0,0,0,16,16,Unicorn_Absent,-1,-1.0,5,-18,0.9,32.0,0.30434782608695654,48.0,0.6666666666666667,0.5,LEFT,0.825,0.30434782608695654,0.0,28,OUT,3,2
254,87557080,8,875569,Absent,36,0,0,0,0,0,0,0,0,0,1,1,1,1,1,1,0,0,1,1,1,1,1,1,0,0,1,1,1,1,1,1,0,0,1,1,1,1,1,1,0,0,1,1,1,1,1,1,0,0,1,1,1,1,1,1,0,0,0,0,0,0,0,0,0,14,18,Unicorn_Absent,-1,-1.0,7,-4,0.8875,36.0,0.36,50.0,0.6666666666666667,0.5,IN,0.9,0.30434782608695654,0.6666666666666667,16,LEFT,3,2
260,87557080,11,875569,Absent,32,1,1,1,1,0,0,0,0,1,1,1,1,0,0,0,0,1,1,1,1,0,0,0,0,1,1,1,1,0,0,0,0,1,1,1,1,0,0,0,0,1,1,1,1,0,0,0,0,1,1,1,1,0,0,0,0,1,1,1,1,0,0,0,0,32,0,Unicorn_Absent,-1,-1.0,5,-21,1.0,32.0,0.36,32.0,0.0,0.5,LEFT,0.8875,0.36,0.6666666666666667,18,IN,3,2
262,87557080,12,875569,Absent,32,1,1,1,1,0,0,0,0,1,1,1,1,0,0,0,0,1,1,1,1,0,0,0,0,1,1,1,1,0,0,0,0,1,1,1,1,0,0,0,0,1,1,1,1,0,0,0,0,1,1,1,1,0,0,0,0,1,1,1,1,0,0,0,0,32,0,Unicorn_Absent,-1,-1.0,5,11,1.0,32.0,1.0,32.0,0.0,0.5,LEFT,1.0,0.36,0.0,0,LEFT,3,2
264,87557080,13,875569,Absent,32,1,1,1,1,0,0,0,0,1,1,1,1,0,0,0,0,1,1,1,1,0,0,0,0,1,1,1,1,0,0,0,0,1,1,1,1,0,0,0,0,1,1,1,1,0,0,0,0,1,1,1,1,0,0,0,0,1,1,1,1,0,0,0,0,16,16,Unicorn_Absent,-1,-1.0,5,27,0.9,32.0,1.0,48.0,0.5,0.5,LEFT,1.0,1.0,0.0,0,LEFT,3,2
272,87557080,17,875569,Absent,28,1,1,1,1,1,1,1,1,1,0,0,0,0,0,0,1,1,0,0,0,0,0,0,1,1,0,0,0,0,0,0,1,1,0,0,0,0,0,0,1,1,0,0,0,0,0,0,1,1,0,0,0,0,0,0,1,1,1,1,1,1,1,1,1,32,0,Unicorn_Absent,-1,-1.0,8,-151,1.0,28.0,0.30434782608695654,28.0,0.5,0.4375,OUT,0.9,1.0,0.5,16,LEFT,3,2
276,87557080,19,875569,Absent,32,0,0,0,0,1,1,1,1,0,0,0,0,1,1,1,1,0,0,0,0,1,1,1,1,0,0,0,0,1,1,1,1,0,0,0,0,1,1,1,1,0,0,0,0,1,1,1,1,0,0,0,0,1,1,1,1,0,0,0,0,1,1,1,1,32,0,Unicorn_Absent,-1,-1.0,6,-183,1.0,32.0,0.30434782608695654,64.0,0.4375,1.0,RIGHT,1.0,0.30434782608695654,0.5,0,OUT,3,2
280,87557080,21,875569,Absent,32,0,0,0,0,1,1,1,1,0,0,0,0,1,1,1,1,0,0,0,0,1,1,1,1,0,0,0,0,1,1,1,1,0,0,0,0,1,1,1,1,0,0,0,0,1,1,1,1,0,0,0,0,1,1,1,1,0,0,0,0,1,1,1,1,32,0,Unicorn_Absent,-1,-1.0,6,-119,1.0,32.0,1.0,64.0,0.4375,1.0,RIGHT,1.0,0.30434782608695654,0.4375,0,RIGHT,3,2
284,87557080,23,875569,Absent,32,0,0,0,0,1,1,1,1,0,0,0,0,1,1,1,1,0,0,0,0,1,1,1,1,0,0,0,0,1,1,1,1,0,0,0,0,1,1,1,1,0,0,0,0,1,1,1,1,0,0,0,0,1,1,1,1,0,0,0,0,1,1,1,1,32,0,Unicorn_Absent,-1,-1.0,6,-55,1.0,32.0,1.0,64.0,0.36,1.0,RIGHT,1.0,1.0,0.4375,0,RIGHT,3,2
290,87557080,26,875569,Absent,32,0,0,0,0,1,1,1,1,0,0,0,0,1,1,1,1,0,0,0,0,1,1,1,1,0,0,0,0,1,1,1,1,0,0,0,0,1,1,1,1,0,0,0,0,1,1,1,1,0,0,0,0,1,1,1,1,0,0,0,0,1,1,1,1,18,14,Unicorn_Absent,-1,-1.0,6,27,0.9125,32.0,1.0,46.0,0.36,0.5,RIGHT,1.0,1.0,0.36,0,RIGHT,3,2
292,87557080,27,875569,Absent,28,1,1,1,1,1,1,1,1,1,0,0,0,0,0,0,1,1,0,0,0,0,0,0,1,1,0,0,0,0,0,0,1,1,0,0,0,0,0,0,1,1,0,0,0,0,0,0,1,1,0,0,0,0,0,0,1,1,1,1,1,1,1,1,1,18,14,Unicorn_Absent,-1,-1.0,8,45,0.9125,28.0,0.30434782608695654,46.0,0.0,0.5,OUT,0.9125,1.0,0.36,14,RIGHT,3,2
294,87557080,28,875569,Absent,32,0,0,0,0,0,0,0,0,0,0,0,0,0,0,0,0,0,0,0,0,0,0,0,0,0,0,0,0,0,0,0,0,1,1,1,1,1,1,1,1,1,1,1,1,1,1,1,1,1,1,1,1,1,1,1,1,1,1,1,1,1,1,1,1,32,0,Unicorn_Absent,-1,-1.0,3,77,1.0,32.0,0.30434782608695654,64.0,0.0,1.0,DOWN,0.9125,0.30434782608695654,0.0,14,OUT,3,2
296,87557080,29,875569,Absent,32,0,0,0,0,0,0,0,0,0,0,0,0,0,0,0,0,0,0,0,0,0,0,0,0,0,0,0,0,0,0,0,0,1,1,1,1,1,1,1,1,1,1,1,1,1,1,1,1,1,1,1,1,1,1,1,1,1,1,1,1,1,1,1,1,32,0,Unicorn_Absent,-1,-1.0,3,109,1.0,32.0,1.0,64.0,0.64,1.0,DOWN,1.0,0.30434782608695654,0.0,0,DOWN,3,2
302,87557080,32,875569,Absent,32,0,0,0,0,0,0,0,0,0,0,0,0,0,0,0,0,0,0,0,0,0,0,0,0,0,0,0,0,0,0,0,0,1,1,1,1,1,1,1,1,1,1,1,1,1,1,1,1,1,1,1,1,1,1,1,1,1,1,1,1,1,1,1,1,32,0,Unicorn_Absent,-1,-1.0,3,205,1.0,32.0,1.0,64.0,0.64,1.0,DOWN,1.0,1.0,0.64,0,DOWN,3,2
304,87557080,33,875569,Absent,32,0,0,0,0,0,0,0,0,0,0,0,0,0,0,0,0,0,0,0,0,0,0,0,0,0,0,0,0,0,0,0,0,1,1,1,1,1,1,1,1,1,1,1,1,1,1,1,1,1,1,1,1,1,1,1,1,1,1,1,1,1,1,1,1,32,0,Unicorn_Absent,-1,-1.0,3,237,1.0,32.0,1.0,64.0,0.0,1.0,DOWN,1.0,1.0,0.64,0,DOWN,3,2
306,87557080,34,875569,Absent,32,0,0,0,0,0,0,0,0,0,0,0,0,0,0,0,0,0,0,0,0,0,0,0,0,0,0,0,0,0,0,0,0,1,1,1,1,1,1,1,1,1,1,1,1,1,1,1,1,1,1,1,1,1,1,1,1,1,1,1,1,1,1,1,1,32,0,Unicorn_Absent,-1,-1.0,3,269,1.0,32.0,1.0,64.0,0.0,1.0,DOWN,1.0,1.0,0.0,0,DOWN,3,2
310,87557080,36,875569,Absent,32,0,0,0,0,0,0,0,0,0,0,0,0,0,0,0,0,0,0,0,0,0,0,0,0,0,0,0,0,0,0,0,0,1,1,1,1,1,1,1,1,1,1,1,1,1,1,1,1,1,1,1,1,1,1,1,1,1,1,1,1,1,1,1,1,16,16,Unicorn_Absent,-1,-1.0,3,189,0.9,32.0,1.0,48.0,0.30434782608695654,0.5,DOWN,1.0,1.0,0.0,0,DOWN,3,2
312,87557080,37,875569,Absent,32,1,1,1,1,0,0,0,0,1,1,1,1,0,0,0,0,1,1,1,1,0,0,0,0,1,1,1,1,0,0,0,0,1,1,1,1,0,0,0,0,1,1,1,1,0,0,0,0,1,1,1,1,0,0,0,0,1,1,1,1,0,0,0,0,16,16,Unicorn_Absent,-1,-1.0,5,205,0.9,32.0,0.3333333333333333,48.0,0.30434782608695654,0.5,LEFT,0.9,1.0,0.30434782608695654,16,DOWN,3,2
314,87557080,38,875569,Absent,32,1,1,1,1,0,0,0,0,1,1,1,1,0,0,0,0,1,1,1,1,0,0,0,0,1,1,1,1,0,0,0,0,1,1,1,1,0,0,0,0,1,1,1,1,0,0,0,0,1,1,1,1,0,0,0,0,1,1,1,1,0,0,0,0,0,32,Unicorn_Absent,-1,-1.0,5,205,0.8,32.0,1.0,64.0,0.0,0.5,LEFT,0.9,0.3333333333333333,0.30434782608695654,16,LEFT,3,2
318,87557080,40,875569,Absent,32,1,1,1,1,0,0,0,0,1,1,1,1,0,0,0,0,1,1,1,1,0,0,0,0,1,1,1,1,0,0,0,0,1,1,1,1,0,0,0,0,1,1,1,1,0,0,0,0,1,1,1,1,0,0,0,0,1,1,1,1,0,0,0,0,14,18,Unicorn_Absent,-1,-1.0,5,236,0.8875,32.0,1.0,50.0,0.0,0.5,LEFT,0.8,1.0,0.0,32,LEFT,3,2
320,87557080,41,875569,Absent,32,0,0,0,0,1,1,1,1,0,0,0,0,1,1,1,1,0,0,0,0,1,1,1,1,0,0,0,0,1,1,1,1,0,0,0,0,1,1,1,1,0,0,0,0,1,1,1,1,0,0,0,0,1,1,1,1,0,0,0,0,1,1,1,1,32,0,Unicorn_Absent,-1,-1.0,6,268,1.0,32.0,0.0,64.0,0.0,1.0,RIGHT,0.8875,1.0,0.0,18,LEFT,3,2
322,87557080,42,875569,Absent,32,0,0,0,0,1,1,1,1,0,0,0,0,1,1,1,1,0,0,0,0,1,1,1,1,0,0,0,0,1,1,1,1,0,0,0,0,1,1,1,1,0,0,0,0,1,1,1,1,0,0,0,0,1,1,1,1,0,0,0,0,1,1,1,1,32,0,Unicorn_Absent,-1,-1.0,6,300,1.0,32.0,1.0,64.0,0.0,1.0,RIGHT,1.0,0.0,0.0,0,RIGHT,3,2
324,87557080,43,875569,Absent,32,0,0,0,0,1,1,1,1,0,0,0,0,1,1,1,1,0,0,0,0,1,1,1,1,0,0,0,0,1,1,1,1,0,0,0,0,1,1,1,1,0,0,0,0,1,1,1,1,0,0,0,0,1,1,1,1,0,0,0,0,1,1,1,1,14,18,Unicorn_Absent,-1,-1.0,6,314,0.8875,32.0,1.0,50.0,0.0,0.5,RIGHT,1.0,1.0,0.0,0,RIGHT,3,2
328,87557080,45,875569,Absent,32,1,1,1,1,0,0,0,0,1,1,1,1,0,0,0,0,1,1,1,1,0,0,0,0,1,1,1,1,0,0,0,0,1,1,1,1,0,0,0,0,1,1,1,1,0,0,0,0,1,1,1,1,0,0,0,0,1,1,1,1,0,0,0,0,18,14,Unicorn_Absent,-1,-1.0,5,360,0.9125,32.0,0.0,46.0,0.0,0.5,LEFT,0.8875,1.0,0.0,18,RIGHT,3,2
330,87557080,46,875569,Absent,32,0,0,0,0,1,1,1,1,0,0,0,0,1,1,1,1,0,0,0,0,1,1,1,1,0,0,0,0,1,1,1,1,0,0,0,0,1,1,1,1,0,0,0,0,1,1,1,1,0,0,0,0,1,1,1,1,0,0,0,0,1,1,1,1,32,0,Unicorn_Absent,-1,-1.0,6,392,1.0,32.0,0.0,64.0,0.0,1.0,RIGHT,0.9125,0.0,0.0,14,LEFT,3,2
334,87557080,48,875569,Absent,32,0,0,0,0,1,1,1,1,0,0,0,0,1,1,1,1,0,0,0,0,1,1,1,1,0,0,0,0,1,1,1,1,0,0,0,0,1,1,1,1,0,0,0,0,1,1,1,1,0,0,0,0,1,1,1,1,0,0,0,0,1,1,1,1,32,0,Unicorn_Absent,-1,-1.0,6,456,1.0,32.0,1.0,64.0,0.0,1.0,RIGHT,1.0,0.0,0.0,0,RIGHT,3,2
336,87557080,49,875569,Absent,32,0,0,0,0,1,1,1,1,0,0,0,0,1,1,1,1,0,0,0,0,1,1,1,1,0,0,0,0,1,1,1,1,0,0,0,0,1,1,1,1,0,0,0,0,1,1,1,1,0,0,0,0,1,1,1,1,0,0,0,0,1,1,1,1,32,0,Unicorn_Absent,-1,-1.0,6,488,1.0,32.0,1.0,64.0,0.0,1.0,RIGHT,1.0,1.0,0.0,0,RIGHT,3,2
338,87557080,50,875569,Absent,32,0,0,0,0,1,1,1,1,0,0,0,0,1,1,1,1,0,0,0,0,1,1,1,1,0,0,0,0,1,1,1,1,0,0,0,0,1,1,1,1,0,0,0,0,1,1,1,1,0,0,0,0,1,1,1,1,0,0,0,0,1,1,1,1,32,0,Unicorn_Absent,-1,-1.0,6,520,1.0,32.0,1.0,64.0,0.0,1.0,RIGHT,1.0,1.0,0.0,0,RIGHT,3,2
342,87557080,52,875569,Absent,32,0,0,0,0,1,1,1,1,0,0,0,0,1,1,1,1,0,0,0,0,1,1,1,1,0,0,0,0,1,1,1,1,0,0,0,0,1,1,1,1,0,0,0,0,1,1,1,1,0,0,0,0,1,1,1,1,0,0,0,0,1,1,1,1,32,0,Unicorn_Absent,-1,-1.0,6,584,1.0,32.0,1.0,64.0,1.0,1.0,RIGHT,1.0,1.0,0.0,0,RIGHT,3,2
346,87557080,54,875569,Absent,32,0,0,0,0,1,1,1,1,0,0,0,0,1,1,1,1,0,0,0,0,1,1,1,1,0,0,0,0,1,1,1,1,0,0,0,0,1,1,1,1,0,0,0,0,1,1,1,1,0,0,0,0,1,1,1,1,0,0,0,0,1,1,1,1,32,0,Unicorn_Absent,-1,-1.0,6,648,1.0,32.0,1.0,64.0,1.0,1.0,RIGHT,1.0,1.0,1.0,0,RIGHT,3,2
350,87557080,56,875569,Absent,32,1,1,1,1,0,0,0,0,1,1,1,1,0,0,0,0,1,1,1,1,0,0,0,0,1,1,1,1,0,0,0,0,1,1,1,1,0,0,0,0,1,1,1,1,0,0,0,0,1,1,1,1,0,0,0,0,1,1,1,1,0,0,0,0,0,32,Unicorn_Absent,-1,-1.0,5,678,0.8,32.0,0.0,32.0,0.055652173913043446,0.0,LEFT,1.0,1.0,1.0,0,RIGHT,3,2
354,87557080,58,875569,Absent,36,0,0,0,0,0,0,0,0,0,1,1,1,1,1,1,0,0,1,1,1,1,1,1,0,0,1,1,1,1,1,1,0,0,1,1,1,1,1,1,0,0,1,1,1,1,1,1,0,0,1,1,1,1,1,1,0,0,0,0,0,0,0,0,0,32,0,Unicorn_Absent,-1,-1.0,7,742,1.0,36.0,0.36,64.0,0.055652173913043446,1.0,IN,0.8,0.0,0.055652173913043446,32,LEFT,3,2
1565,88698533,3,853341,Absent,32,1,1,1,1,0,0,0,0,1,1,1,1,0,0,0,0,1,1,1,1,0,0,0,0,1,1,1,1,0,0,0,0,1,1,1,1,0,0,0,0,1,1,1,1,0,0,0,0,1,1,1,1,0,0,0,0,1,1,1,1,0,0,0,0,32,0,Unicorn_Absent,-1,-1.0,5,83,1.0,32.0,1.0,32.0,0.0,0.5,LEFT,,,,,,3,2
1567,88698533,4,853341,Absent,32,1,1,1,1,0,0,0,0,1,1,1,1,0,0,0,0,1,1,1,1,0,0,0,0,1,1,1,1,0,0,0,0,1,1,1,1,0,0,0,0,1,1,1,1,0,0,0,0,1,1,1,1,0,0,0,0,1,1,1,1,0,0,0,0,32,0,Unicorn_Absent,-1,-1.0,5,115,1.0,32.0,1.0,32.0,0.0,0.5,LEFT,1.0,1.0,0.0,0,LEFT,3,2
1571,88698533,6,853341,Absent,32,1,1,1,1,0,0,0,0,1,1,1,1,0,0,0,0,1,1,1,1,0,0,0,0,1,1,1,1,0,0,0,0,1,1,1,1,0,0,0,0,1,1,1,1,0,0,0,0,1,1,1,1,0,0,0,0,1,1,1,1,0,0,0,0,32,0,Unicorn_Absent,-1,-1.0,5,179,1.0,32.0,1.0,32.0,0.0,0.5,LEFT,1.0,1.0,0.0,0,LEFT,3,2
1579,88698533,10,853341,Absent,32,1,1,1,1,0,0,0,0,1,1,1,1,0,0,0,0,1,1,1,1,0,0,0,0,1,1,1,1,0,0,0,0,1,1,1,1,0,0,0,0,1,1,1,1,0,0,0,0,1,1,1,1,0,0,0,0,1,1,1,1,0,0,0,0,32,0,Unicorn_Absent,-1,-1.0,5,82,1.0,32.0,1.0,64.0,0.0,1.0,LEFT,1.0,1.0,0.0,0,LEFT,3,2
1581,88698533,11,853341,Absent,32,1,1,1,1,0,0,0,0,1,1,1,1,0,0,0,0,1,1,1,1,0,0,0,0,1,1,1,1,0,0,0,0,1,1,1,1,0,0,0,0,1,1,1,1,0,0,0,0,1,1,1,1,0,0,0,0,1,1,1,1,0,0,0,0,32,0,Unicorn_Absent,-1,-1.0,5,114,1.0,32.0,1.0,64.0,0.0,1.0,LEFT,1.0,1.0,0.0,0,LEFT,3,2
1587,88698533,14,853341,Absent,32,0,0,0,0,0,0,0,0,0,0,0,0,0,0,0,0,0,0,0,0,0,0,0,0,0,0,0,0,0,0,0,0,1,1,1,1,1,1,1,1,1,1,1,1,1,1,1,1,1,1,1,1,1,1,1,1,1,1,1,1,1,1,1,1,14,18,Unicorn_Absent,-1,-1.0,3,184,0.8875,32.0,0.3333333333333333,50.0,0.0,0.5,DOWN,1.0,1.0,0.0,0,LEFT,3,2
1595,88698533,18,853341,Absent,28,1,1,1,1,1,1,1,1,1,0,0,0,0,0,0,1,1,0,0,0,0,0,0,1,1,0,0,0,0,0,0,1,1,0,0,0,0,0,0,1,1,0,0,0,0,0,0,1,1,0,0,0,0,0,0,1,1,1,1,1,1,1,1,1,18,14,Unicorn_Absent,-1,-1.0,8,106,0.9125,28.0,0.30434782608695654,46.0,1.0,0.5,OUT,0.8875,0.3333333333333333,0.0,18,DOWN,3,2
1597,88698533,19,853341,Absent,32,1,1,1,1,1,1,1,1,1,1,1,1,1,1,1,1,1,1,1,1,1,1,1,1,1,1,1,1,1,1,1,1,0,0,0,0,0,0,0,0,0,0,0,0,0,0,0,0,0,0,0,0,0,0,0,0,0,0,0,0,0,0,0,0,32,0,Unicorn_Absent,-1,-1.0,4,138,1.0,32.0,0.30434782608695654,64.0,1.0,1.0,UP,0.9125,0.30434782608695654,1.0,14,OUT,3,2
1599,88698533,20,853341,Absent,32,1,1,1,1,1,1,1,1,1,1,1,1,1,1,1,1,1,1,1,1,1,1,1,1,1,1,1,1,1,1,1,1,0,0,0,0,0,0,0,0,0,0,0,0,0,0,0,0,0,0,0,0,0,0,0,0,0,0,0,0,0,0,0,0,32,0,Unicorn_Absent,-1,-1.0,4,170,1.0,32.0,1.0,64.0,0.0,1.0,UP,1.0,0.30434782608695654,1.0,0,UP,3,2
1601,88698533,21,853341,Absent,32,1,1,1,1,1,1,1,1,1,1,1,1,1,1,1,1,1,1,1,1,1,1,1,1,1,1,1,1,1,1,1,1,0,0,0,0,0,0,0,0,0,0,0,0,0,0,0,0,0,0,0,0,0,0,0,0,0,0,0,0,0,0,0,0,32,0,Unicorn_Absent,-1,-1.0,4,202,1.0,32.0,1.0,64.0,0.0,1.0,UP,1.0,1.0,0.0,0,UP,3,2
1609,88698533,25,853341,Absent,32,0,0,0,0,1,1,1,1,0,0,0,0,1,1,1,1,0,0,0,0,1,1,1,1,0,0,0,0,1,1,1,1,0,0,0,0,1,1,1,1,0,0,0,0,1,1,1,1,0,0,0,0,1,1,1,1,0,0,0,0,1,1,1,1,0,32,Unicorn_Absent,-1,-1.0,6,293,0.8,32.0,0.3333333333333333,64.0,0.026666666666666672,0.5,RIGHT,1.0,1.0,0.0,0,UP,3,2
1613,88698533,27,853341,Absent,32,0,0,0,0,1,1,1,1,0,0,0,0,1,1,1,1,0,0,0,0,1,1,1,1,0,0,0,0,1,1,1,1,0,0,0,0,1,1,1,1,0,0,0,0,1,1,1,1,0,0,0,0,1,1,1,1,0,0,0,0,1,1,1,1,16,16,Unicorn_Absent,-1,-1.0,6,213,0.9,32.0,1.0,48.0,0.026666666666666672,0.5,RIGHT,0.8,0.3333333333333333,0.026666666666666672,32,RIGHT,3,2
1615,88698533,28,853341,Absent,28,1,1,1,1,1,1,1,1,1,0,0,0,0,0,0,1,1,0,0,0,0,0,0,1,1,0,0,0,0,0,0,1,1,0,0,0,0,0,0,1,1,0,0,0,0,0,0,1,1,0,0,0,0,0,0,1,1,1,1,1,1,1,1,1,32,0,Unicorn_Absent,-1,-1.0,8,245,1.0,28.0,0.30434782608695654,28.0,0.055652173913043446,0.4375,OUT,0.9,1.0,0.026666666666666672,16,RIGHT,3,2
1625,88698533,33,853341,Absent,32,1,1,1,1,0,0,0,0,1,1,1,1,0,0,0,0,1,1,1,1,0,0,0,0,1,1,1,1,0,0,0,0,1,1,1,1,0,0,0,0,1,1,1,1,0,0,0,0,1,1,1,1,0,0,0,0,1,1,1,1,0,0,0,0,32,0,Unicorn_Absent,-1,-1.0,5,293,1.0,32.0,0.30434782608695654,32.0,0.055652173913043446,0.5,LEFT,1.0,0.30434782608695654,0.055652173913043446,0,OUT,3,2
1627,88698533,34,853341,Absent,32,1,1,1,1,0,0,0,0,1,1,1,1,0,0,0,0,1,1,1,1,0,0,0,0,1,1,1,1,0,0,0,0,1,1,1,1,0,0,0,0,1,1,1,1,0,0,0,0,1,1,1,1,0,0,0,0,1,1,1,1,0,0,0,0,16,16,Unicorn_Absent,-1,-1.0,5,309,0.9,32.0,1.0,48.0,0.6956521739130435,0.5,LEFT,1.0,0.30434782608695654,0.055652173913043446,0,LEFT,3,2
1629,88698533,35,853341,Absent,36,0,0,0,0,0,0,0,0,0,1,1,1,1,1,1,0,0,1,1,1,1,1,1,0,0,1,1,1,1,1,1,0,0,1,1,1,1,1,1,0,0,1,1,1,1,1,1,0,0,1,1,1,1,1,1,0,0,0,0,0,0,0,0,0,14,18,Unicorn_Absent,-1,-1.0,7,323,0.8875,36.0,0.36,50.0,0.6956521739130435,0.5,IN,0.9,1.0,0.6956521739130435,16,LEFT,3,2
1633,88698533,37,853341,Absent,32,1,1,1,1,1,1,1,1,1,1,1,1,1,1,1,1,1,1,1,1,1,1,1,1,1,1,1,1,1,1,1,1,0,0,0,0,0,0,0,0,0,0,0,0,0,0,0,0,0,0,0,0,0,0,0,0,0,0,0,0,0,0,0,0,16,16,Unicorn_Absent,-1,-1.0,4,357,0.9,32.0,0.36,48.0,0.0,0.5,UP,0.8875,0.36,0.6956521739130435,18,IN,3,2
1637,88698533,39,853341,Absent,57,0,1,0,0,0,0,0,0,1,1,1,1,1,1,0,0,0,1,1,1,1,0,0,1,1,0,1,1,1,0,1,0,1,1,1,0,1,1,0,0,1,1,0,1,0,0,1,0,0,1,0,1,1,1,0,1,0,1,0,0,1,1,0,1,21,11,Unicorn_Absent,-1,-1.0,9,410,0.93125,35.0,0.34,52.0,0.0,0.640625,,0.9,0.36,0.0,16,UP,3,2
1641,88698533,41,853341,Absent,36,0,0,0,0,0,0,0,0,0,1,1,1,1,1,1,0,0,1,1,1,1,1,1,0,0,1,1,1,1,1,1,0,0,1,1,1,1,1,1,0,0,1,1,1,1,1,1,0,0,1,1,1,1,1,1,0,0,0,0,0,0,0,0,0,32,0,Unicorn_Absent,-1,-1.0,7,468,1.0,36.0,0.5106382978723404,36.0,0.0,0.5625,IN,0.93125,0.34,0.0,11,,3,2
1643,88698533,42,853341,Absent,36,0,0,0,0,0,0,0,0,0,1,1,1,1,1,1,0,0,1,1,1,1,1,1,0,0,1,1,1,1,1,1,0,0,1,1,1,1,1,1,0,0,1,1,1,1,1,1,0,0,1,1,1,1,1,1,0,0,0,0,0,0,0,0,0,32,0,Unicorn_Absent,-1,-1.0,7,500,1.0,36.0,1.0,36.0,0.0,0.5625,IN,1.0,0.5106382978723404,0.0,0,IN,3,2
1645,88698533,43,853341,Absent,36,0,0,0,0,0,0,0,0,0,1,1,1,1,1,1,0,0,1,1,1,1,1,1,0,0,1,1,1,1,1,1,0,0,1,1,1,1,1,1,0,0,1,1,1,1,1,1,0,0,1,1,1,1,1,1,0,0,0,0,0,0,0,0,0,32,0,Unicorn_Absent,-1,-1.0,7,532,1.0,36.0,1.0,36.0,0.16666666666666669,0.5625,IN,1.0,1.0,0.0,0,IN,3,2
1647,88698533,44,853341,Absent,36,0,0,0,0,0,0,0,0,0,1,1,1,1,1,1,0,0,1,1,1,1,1,1,0,0,1,1,1,1,1,1,0,0,1,1,1,1,1,1,0,0,1,1,1,1,1,1,0,0,1,1,1,1,1,1,0,0,0,0,0,0,0,0,0,32,0,Unicorn_Absent,-1,-1.0,7,564,1.0,36.0,1.0,36.0,0.16666666666666669,0.5625,IN,1.0,1.0,0.16666666666666669,0,IN,3,2
1649,88698533,45,853341,Absent,32,1,1,1,1,0,0,0,0,1,1,1,1,0,0,0,0,1,1,1,1,0,0,0,0,1,1,1,1,0,0,0,0,1,1,1,1,0,0,0,0,1,1,1,1,0,0,0,0,1,1,1,1,0,0,0,0,1,1,1,1,0,0,0,0,32,0,Unicorn_Absent,-1,-1.0,5,596,1.0,32.0,0.36,32.0,0.5,0.5,LEFT,1.0,1.0,0.16666666666666669,0,IN,3,2
1653,88698533,47,853341,Absent,32,0,0,0,0,1,1,1,1,0,0,0,0,1,1,1,1,0,0,0,0,1,1,1,1,0,0,0,0,1,1,1,1,0,0,0,0,1,1,1,1,0,0,0,0,1,1,1,1,0,0,0,0,1,1,1,1,0,0,0,0,1,1,1,1,14,18,Unicorn_Absent,-1,-1.0,6,546,0.8875,32.0,0.0,50.0,0.5,0.5,RIGHT,1.0,0.36,0.5,0,LEFT,3,2
1655,88698533,48,853341,Absent,32,1,1,1,1,0,0,0,0,1,1,1,1,0,0,0,0,1,1,1,1,0,0,0,0,1,1,1,1,0,0,0,0,1,1,1,1,0,0,0,0,1,1,1,1,0,0,0,0,1,1,1,1,0,0,0,0,1,1,1,1,0,0,0,0,14,18,Unicorn_Absent,-1,-1.0,5,560,0.8875,32.0,0.0,50.0,0.30434782608695654,0.5,LEFT,0.8875,0.0,0.5,18,RIGHT,3,2
1657,88698533,49,853341,Absent,0,0,0,0,0,0,0,0,0,0,0,0,0,0,0,0,0,0,0,0,0,0,0,0,0,0,0,0,0,0,0,0,0,0,0,0,0,0,0,0,0,0,0,0,0,0,0,0,0,0,0,0,0,0,0,0,0,0,0,0,0,0,0,0,0,32,0,Unicorn_Absent,-1,-1.0,2,592,1.0,0.0,0.0,32.0,0.30434782608695654,0.5,NOTHING,0.8875,0.0,0.30434782608695654,18,LEFT,3,2
1669,88698533,55,853341,Absent,36,0,0,0,0,0,0,0,0,0,1,1,1,1,1,1,0,0,1,1,1,1,1,1,0,0,1,1,1,1,1,1,0,0,1,1,1,1,1,1,0,0,1,1,1,1,1,1,0,0,1,1,1,1,1,1,0,0,0,0,0,0,0,0,0,-4,36,Unicorn_Absent,-1,-1.0,7,747,0.775,36.0,0.0,36.0,0.6956521739130435,0.0,IN,1.0,0.0,0.30434782608695654,0,NOTHING,3,2
1671,88698533,56,853341,Absent,32,1,1,1,1,1,1,1,1,1,1,1,1,1,1,1,1,1,1,1,1,1,1,1,1,1,1,1,1,1,1,1,1,0,0,0,0,0,0,0,0,0,0,0,0,0,0,0,0,0,0,0,0,0,0,0,0,0,0,0,0,0,0,0,0,32,0,Unicorn_Absent,-1,-1.0,4,779,1.0,32.0,0.36,32.0,0.6956521739130435,0.5,UP,0.775,0.0,0.6956521739130435,36,IN,3,2
1675,88698533,58,853341,Absent,32,1,1,1,1,0,0,0,0,1,1,1,1,0,0,0,0,1,1,1,1,0,0,0,0,1,1,1,1,0,0,0,0,1,1,1,1,0,0,0,0,1,1,1,1,0,0,0,0,1,1,1,1,0,0,0,0,1,1,1,1,0,0,0,0,0,32,Unicorn_Absent,-1,-1.0,5,715,0.8,32.0,0.3333333333333333,32.0,1.0,0.0,LEFT,1.0,0.36,0.6956521739130435,0,UP,3,2
1564,88698533,3,886977,Absent,0,0,0,0,0,0,0,0,0,0,0,0,0,0,0,0,0,0,0,0,0,0,0,0,0,0,0,0,0,0,0,0,0,0,0,0,0,0,0,0,0,0,0,0,0,0,0,0,0,0,0,0,0,0,0,0,0,0,0,0,0,0,0,0,0,32,0,Unicorn_Absent,-1,-1.0,2,83,1.0,0.0,1.0,32.0,1.0,0.5,NOTHING,,,,,,3,2
1566,88698533,4,886977,Absent,0,0,0,0,0,0,0,0,0,0,0,0,0,0,0,0,0,0,0,0,0,0,0,0,0,0,0,0,0,0,0,0,0,0,0,0,0,0,0,0,0,0,0,0,0,0,0,0,0,0,0,0,0,0,0,0,0,0,0,0,0,0,0,0,0,32,0,Unicorn_Absent,-1,-1.0,2,115,1.0,0.0,1.0,32.0,0.36,0.5,NOTHING,1.0,1.0,1.0,0,NOTHING,3,2
1570,88698533,6,886977,Absent,0,0,0,0,0,0,0,0,0,0,0,0,0,0,0,0,0,0,0,0,0,0,0,0,0,0,0,0,0,0,0,0,0,0,0,0,0,0,0,0,0,0,0,0,0,0,0,0,0,0,0,0,0,0,0,0,0,0,0,0,0,0,0,0,0,32,0,Unicorn_Absent,-1,-1.0,2,179,1.0,0.0,1.0,32.0,0.36,0.5,NOTHING,1.0,1.0,0.36,0,NOTHING,3,2
1578,88698533,10,886977,Absent,32,0,0,0,0,1,1,1,1,0,0,0,0,1,1,1,1,0,0,0,0,1,1,1,1,0,0,0,0,1,1,1,1,0,0,0,0,1,1,1,1,0,0,0,0,1,1,1,1,0,0,0,0,1,1,1,1,0,0,0,0,1,1,1,1,32,0,Unicorn_Absent,-1,-1.0,6,82,1.0,32.0,0.0,64.0,0.026666666666666672,1.0,RIGHT,1.0,1.0,0.36,0,NOTHING,3,2
1580,88698533,11,886977,Absent,32,0,0,0,0,1,1,1,1,0,0,0,0,1,1,1,1,0,0,0,0,1,1,1,1,0,0,0,0,1,1,1,1,0,0,0,0,1,1,1,1,0,0,0,0,1,1,1,1,0,0,0,0,1,1,1,1,0,0,0,0,1,1,1,1,32,0,Unicorn_Absent,-1,-1.0,6,114,1.0,32.0,1.0,64.0,0.026666666666666672,1.0,RIGHT,1.0,0.0,0.026666666666666672,0,RIGHT,3,2
1586,88698533,14,886977,Absent,36,0,0,0,0,0,0,0,0,0,1,1,1,1,1,1,0,0,1,1,1,1,1,1,0,0,1,1,1,1,1,1,0,0,1,1,1,1,1,1,0,0,1,1,1,1,1,1,0,0,1,1,1,1,1,1,0,0,0,0,0,0,0,0,0,14,18,Unicorn_Absent,-1,-1.0,7,184,0.8875,36.0,0.36,50.0,0.03565217391304348,0.5,IN,1.0,1.0,0.026666666666666672,0,RIGHT,3,2
1594,88698533,18,886977,Absent,32,0,0,0,0,0,0,0,0,0,0,0,0,0,0,0,0,0,0,0,0,0,0,0,0,0,0,0,0,0,0,0,0,1,1,1,1,1,1,1,1,1,1,1,1,1,1,1,1,1,1,1,1,1,1,1,1,1,1,1,1,1,1,1,1,18,14,Unicorn_Absent,-1,-1.0,3,106,0.9125,32.0,0.36,46.0,0.03565217391304348,0.5,DOWN,0.8875,0.36,0.03565217391304348,18,IN,3,2
1596,88698533,19,886977,Absent,32,0,0,0,0,0,0,0,0,0,0,0,0,0,0,0,0,0,0,0,0,0,0,0,0,0,0,0,0,0,0,0,0,1,1,1,1,1,1,1,1,1,1,1,1,1,1,1,1,1,1,1,1,1,1,1,1,1,1,1,1,1,1,1,1,32,0,Unicorn_Absent,-1,-1.0,3,138,1.0,32.0,1.0,64.0,0.5106382978723404,1.0,DOWN,0.9125,0.36,0.03565217391304348,14,DOWN,3,2
1598,88698533,20,886977,Absent,32,0,0,0,0,0,0,0,0,0,0,0,0,0,0,0,0,0,0,0,0,0,0,0,0,0,0,0,0,0,0,0,0,1,1,1,1,1,1,1,1,1,1,1,1,1,1,1,1,1,1,1,1,1,1,1,1,1,1,1,1,1,1,1,1,32,0,Unicorn_Absent,-1,-1.0,3,170,1.0,32.0,1.0,64.0,0.5106382978723404,1.0,DOWN,1.0,1.0,0.5106382978723404,0,DOWN,3,2
1600,88698533,21,886977,Absent,32,0,0,0,0,0,0,0,0,0,0,0,0,0,0,0,0,0,0,0,0,0,0,0,0,0,0,0,0,0,0,0,0,1,1,1,1,1,1,1,1,1,1,1,1,1,1,1,1,1,1,1,1,1,1,1,1,1,1,1,1,1,1,1,1,32,0,Unicorn_Absent,-1,-1.0,3,202,1.0,32.0,1.0,64.0,0.0,1.0,DOWN,1.0,1.0,0.5106382978723404,0,DOWN,3,2
1608,88698533,25,886977,Absent,64,1,1,1,1,1,1,1,1,1,1,1,1,1,1,1,1,1,1,1,1,1,1,1,1,1,1,1,1,1,1,1,1,1,1,1,1,1,1,1,1,1,1,1,1,1,1,1,1,1,1,1,1,1,1,1,1,1,1,1,1,1,1,1,1,0,32,Unicorn_Absent,-1,-1.0,1,293,0.8,64.0,0.5,64.0,0.0,0.5,ALL,1.0,1.0,0.0,0,DOWN,3,2
1612,88698533,27,886977,Absent,32,0,0,0,0,0,0,0,0,0,0,0,0,0,0,0,0,0,0,0,0,0,0,0,0,0,0,0,0,0,0,0,0,1,1,1,1,1,1,1,1,1,1,1,1,1,1,1,1,1,1,1,1,1,1,1,1,1,1,1,1,1,1,1,1,16,16,Unicorn_Absent,-1,-1.0,3,213,0.9,32.0,0.5,48.0,0.0,0.5,DOWN,0.8,0.5,0.0,32,ALL,3,2
1614,88698533,28,886977,Absent,0,0,0,0,0,0,0,0,0,0,0,0,0,0,0,0,0,0,0,0,0,0,0,0,0,0,0,0,0,0,0,0,0,0,0,0,0,0,0,0,0,0,0,0,0,0,0,0,0,0,0,0,0,0,0,0,0,0,0,0,0,0,0,0,0,32,0,Unicorn_Absent,-1,-1.0,2,245,1.0,0.0,0.0,28.0,0.0,0.4375,NOTHING,0.9,0.5,0.0,16,DOWN,3,2
1624,88698533,33,886977,Absent,0,0,0,0,0,0,0,0,0,0,0,0,0,0,0,0,0,0,0,0,0,0,0,0,0,0,0,0,0,0,0,0,0,0,0,0,0,0,0,0,0,0,0,0,0,0,0,0,0,0,0,0,0,0,0,0,0,0,0,0,0,0,0,0,0,32,0,Unicorn_Absent,-1,-1.0,2,293,1.0,0.0,1.0,32.0,0.0,0.5,NOTHING,1.0,0.0,0.0,0,NOTHING,3,2
1626,88698533,34,886977,Absent,32,1,1,1,1,1,1,1,1,1,1,1,1,1,1,1,1,1,1,1,1,1,1,1,1,1,1,1,1,1,1,1,1,0,0,0,0,0,0,0,0,0,0,0,0,0,0,0,0,0,0,0,0,0,0,0,0,0,0,0,0,0,0,0,0,16,16,Unicorn_Absent,-1,-1.0,4,309,0.9,32.0,0.0,48.0,0.0,0.5,UP,1.0,1.0,0.0,0,NOTHING,3,2
1628,88698533,35,886977,Absent,32,0,0,0,0,0,0,0,0,0,0,0,0,0,0,0,0,0,0,0,0,0,0,0,0,0,0,0,0,0,0,0,0,1,1,1,1,1,1,1,1,1,1,1,1,1,1,1,1,1,1,1,1,1,1,1,1,1,1,1,1,1,1,1,1,14,18,Unicorn_Absent,-1,-1.0,3,323,0.8875,32.0,0.0,50.0,0.64,0.5,DOWN,0.9,0.0,0.0,16,UP,3,2
1632,88698533,37,886977,Absent,32,0,0,0,0,1,1,1,1,0,0,0,0,1,1,1,1,0,0,0,0,1,1,1,1,0,0,0,0,1,1,1,1,0,0,0,0,1,1,1,1,0,0,0,0,1,1,1,1,0,0,0,0,1,1,1,1,0,0,0,0,1,1,1,1,16,16,Unicorn_Absent,-1,-1.0,6,357,0.9,32.0,0.3333333333333333,48.0,0.64,0.5,RIGHT,0.8875,0.0,0.64,18,DOWN,3,2
1636,88698533,39,886977,Absent,28,1,1,1,1,1,1,1,1,1,0,0,0,0,0,0,1,1,0,0,0,0,0,0,1,1,0,0,0,0,0,0,1,1,0,0,0,0,0,0,1,1,0,0,0,0,0,0,1,1,0,0,0,0,0,0,1,1,1,1,1,1,1,1,1,21,11,Unicorn_Absent,-1,-1.0,8,410,0.93125,28.0,0.30434782608695654,52.0,0.0,0.640625,OUT,0.9,0.3333333333333333,0.64,16,RIGHT,3,2
1640,88698533,41,886977,Absent,0,0,0,0,0,0,0,0,0,0,0,0,0,0,0,0,0,0,0,0,0,0,0,0,0,0,0,0,0,0,0,0,0,0,0,0,0,0,0,0,0,0,0,0,0,0,0,0,0,0,0,0,0,0,0,0,0,0,0,0,0,0,0,0,0,32,0,Unicorn_Absent,-1,-1.0,2,468,1.0,0.0,0.0,36.0,0.0,0.5625,NOTHING,0.93125,0.30434782608695654,0.0,11,OUT,3,2
1642,88698533,42,886977,Absent,0,0,0,0,0,0,0,0,0,0,0,0,0,0,0,0,0,0,0,0,0,0,0,0,0,0,0,0,0,0,0,0,0,0,0,0,0,0,0,0,0,0,0,0,0,0,0,0,0,0,0,0,0,0,0,0,0,0,0,0,0,0,0,0,0,32,0,Unicorn_Absent,-1,-1.0,2,500,1.0,0.0,1.0,36.0,1.0,0.5625,NOTHING,1.0,0.0,0.0,0,NOTHING,3,2
1644,88698533,43,886977,Absent,0,0,0,0,0,0,0,0,0,0,0,0,0,0,0,0,0,0,0,0,0,0,0,0,0,0,0,0,0,0,0,0,0,0,0,0,0,0,0,0,0,0,0,0,0,0,0,0,0,0,0,0,0,0,0,0,0,0,0,0,0,0,0,0,0,32,0,Unicorn_Absent,-1,-1.0,2,532,1.0,0.0,1.0,36.0,1.0,0.5625,NOTHING,1.0,1.0,1.0,0,NOTHING,3,2
1646,88698533,44,886977,Absent,0,0,0,0,0,0,0,0,0,0,0,0,0,0,0,0,0,0,0,0,0,0,0,0,0,0,0,0,0,0,0,0,0,0,0,0,0,0,0,0,0,0,0,0,0,0,0,0,0,0,0,0,0,0,0,0,0,0,0,0,0,0,0,0,0,32,0,Unicorn_Absent,-1,-1.0,2,564,1.0,0.0,1.0,36.0,0.36,0.5625,NOTHING,1.0,1.0,1.0,0,NOTHING,3,2
1648,88698533,45,886977,Absent,0,0,0,0,0,0,0,0,0,0,0,0,0,0,0,0,0,0,0,0,0,0,0,0,0,0,0,0,0,0,0,0,0,0,0,0,0,0,0,0,0,0,0,0,0,0,0,0,0,0,0,0,0,0,0,0,0,0,0,0,0,0,0,0,0,32,0,Unicorn_Absent,-1,-1.0,2,596,1.0,0.0,1.0,32.0,0.36,0.5,NOTHING,1.0,1.0,0.36,0,NOTHING,3,2
1652,88698533,47,886977,Absent,36,0,0,0,0,0,0,0,0,0,1,1,1,1,1,1,0,0,1,1,1,1,1,1,0,0,1,1,1,1,1,1,0,0,1,1,1,1,1,1,0,0,1,1,1,1,1,1,0,0,1,1,1,1,1,1,0,0,0,0,0,0,0,0,0,14,18,Unicorn_Absent,-1,-1.0,7,546,0.8875,36.0,0.0,50.0,0.36,0.5,IN,1.0,1.0,0.36,0,NOTHING,3,2
1654,88698533,48,886977,Absent,36,0,0,0,0,0,0,0,0,0,1,1,1,1,1,1,0,0,1,1,1,1,1,1,0,0,1,1,1,1,1,1,0,0,1,1,1,1,1,1,0,0,1,1,1,1,1,1,0,0,1,1,1,1,1,1,0,0,0,0,0,0,0,0,0,14,18,Unicorn_Absent,-1,-1.0,7,560,0.8875,36.0,1.0,50.0,0.36,0.5,IN,0.8875,0.0,0.36,18,IN,3,2
1656,88698533,49,886977,Absent,32,1,1,1,1,1,1,1,1,1,1,1,1,1,1,1,1,1,1,1,1,1,1,1,1,1,1,1,1,1,1,1,1,0,0,0,0,0,0,0,0,0,0,0,0,0,0,0,0,0,0,0,0,0,0,0,0,0,0,0,0,0,0,0,0,32,0,Unicorn_Absent,-1,-1.0,4,592,1.0,32.0,0.36,32.0,0.36,0.5,UP,0.8875,1.0,0.36,18,IN,3,2
1668,88698533,55,886977,Absent,36,0,0,0,0,0,0,0,0,0,1,1,1,1,1,1,0,0,1,1,1,1,1,1,0,0,1,1,1,1,1,1,0,0,1,1,1,1,1,1,0,0,1,1,1,1,1,1,0,0,1,1,1,1,1,1,0,0,0,0,0,0,0,0,0,-4,36,Unicorn_Absent,-1,-1.0,7,747,0.775,36.0,0.36,36.0,0.36,0.0,IN,1.0,0.36,0.36,0,UP,3,2
1670,88698533,56,886977,Absent,0,0,0,0,0,0,0,0,0,0,0,0,0,0,0,0,0,0,0,0,0,0,0,0,0,0,0,0,0,0,0,0,0,0,0,0,0,0,0,0,0,0,0,0,0,0,0,0,0,0,0,0,0,0,0,0,0,0,0,0,0,0,0,0,0,32,0,Unicorn_Absent,-1,-1.0,2,779,1.0,0.0,0.0,32.0,0.3333333333333333,0.5,NOTHING,0.775,0.36,0.36,36,IN,3,2
1674,88698533,58,886977,Absent,32,1,1,1,1,0,0,0,0,1,1,1,1,0,0,0,0,1,1,1,1,0,0,0,0,1,1,1,1,0,0,0,0,1,1,1,1,0,0,0,0,1,1,1,1,0,0,0,0,1,1,1,1,0,0,0,0,1,1,1,1,0,0,0,0,0,32,Unicorn_Absent,-1,-1.0,5,715,0.8,32.0,0.0,32.0,0.3333333333333333,0.0,LEFT,1.0,0.0,0.3333333333333333,0,NOTHING,3,2
1320,88849443,1,888432,Absent,11,0,0,0,0,0,0,0,1,0,0,0,0,0,0,0,0,0,0,0,0,1,1,0,0,0,1,0,0,0,0,0,0,0,0,0,0,0,0,1,0,0,0,0,1,0,0,0,0,1,0,0,0,0,0,1,0,0,0,0,0,1,0,0,1,25,7,Unicorn_Absent,-1,-1.0,0,25,0.95625,10.0,1.0,43.0,0.0,0.5625,RS,,,,,,3,2
1328,88849443,5,888432,Absent,32,0,0,0,0,0,0,0,0,0,0,0,0,0,0,0,0,0,0,0,0,0,0,0,0,0,0,0,0,0,0,0,0,1,1,1,1,1,1,1,1,1,1,1,1,1,1,1,1,1,1,1,1,1,1,1,1,1,1,1,1,1,1,1,1,32,0,Unicorn_Absent,-1,-1.0,3,107,1.0,32.0,0.16666666666666666,64.0,0.0,1.0,DOWN,0.95625,1.0,0.0,7,RS,3,2
1330,88849443,6,888432,Absent,32,0,0,0,0,0,0,0,0,0,0,0,0,0,0,0,0,0,0,0,0,0,0,0,0,0,0,0,0,0,0,0,0,1,1,1,1,1,1,1,1,1,1,1,1,1,1,1,1,1,1,1,1,1,1,1,1,1,1,1,1,1,1,1,1,32,0,Unicorn_Absent,-1,-1.0,3,139,1.0,32.0,1.0,64.0,0.19182389937106917,1.0,DOWN,1.0,0.16666666666666666,0.0,0,DOWN,3,2
1334,88849443,8,888432,Absent,32,0,0,0,0,0,0,0,0,0,0,0,0,0,0,0,0,0,0,0,0,0,0,0,0,0,0,0,0,0,0,0,0,1,1,1,1,1,1,1,1,1,1,1,1,1,1,1,1,1,1,1,1,1,1,1,1,1,1,1,1,1,1,1,1,32,0,Unicorn_Absent,-1,-1.0,3,203,1.0,32.0,1.0,64.0,0.19182389937106917,1.0,DOWN,1.0,1.0,0.19182389937106917,0,DOWN,3,2
1336,88849443,9,888432,Absent,28,1,1,1,1,1,1,1,1,1,0,0,0,0,0,0,1,1,0,0,0,0,0,0,1,1,0,0,0,0,0,0,1,1,0,0,0,0,0,0,1,1,0,0,0,0,0,0,1,1,0,0,0,0,0,0,1,1,1,1,1,1,1,1,1,18,14,Unicorn_Absent,-1,-1.0,8,221,0.9125,28.0,0.30434782608695654,46.0,0.0,0.5,OUT,1.0,1.0,0.19182389937106917,0,DOWN,3,2
1338,88849443,10,888432,Absent,32,0,0,0,0,0,0,0,0,0,0,0,0,0,0,0,0,0,0,0,0,0,0,0,0,0,0,0,0,0,0,0,0,1,1,1,1,1,1,1,1,1,1,1,1,1,1,1,1,1,1,1,1,1,1,1,1,1,1,1,1,1,1,1,1,16,16,Unicorn_Absent,-1,-1.0,3,237,0.9,32.0,0.30434782608695654,48.0,0.0,0.5,DOWN,0.9125,0.30434782608695654,0.0,14,OUT,3,2
1352,88849443,17,888432,Absent,32,1,1,1,1,1,1,1,1,1,1,1,1,1,1,1,1,1,1,1,1,1,1,1,1,1,1,1,1,1,1,1,1,0,0,0,0,0,0,0,0,0,0,0,0,0,0,0,0,0,0,0,0,0,0,0,0,0,0,0,0,0,0,0,0,14,18,Unicorn_Absent,-1,-1.0,4,93,0.8875,32.0,0.0,50.0,0.0,0.5,UP,0.9,0.30434782608695654,0.0,16,DOWN,3,2
1354,88849443,18,888432,Absent,0,0,0,0,0,0,0,0,0,0,0,0,0,0,0,0,0,0,0,0,0,0,0,0,0,0,0,0,0,0,0,0,0,0,0,0,0,0,0,0,0,0,0,0,0,0,0,0,0,0,0,0,0,0,0,0,0,0,0,0,0,0,0,0,0,32,0,Unicorn_Absent,-1,-1.0,2,125,1.0,0.0,0.0,32.0,0.0,0.5,NOTHING,0.8875,0.0,0.0,18,UP,3,2
1356,88849443,19,888432,Absent,0,0,0,0,0,0,0,0,0,0,0,0,0,0,0,0,0,0,0,0,0,0,0,0,0,0,0,0,0,0,0,0,0,0,0,0,0,0,0,0,0,0,0,0,0,0,0,0,0,0,0,0,0,0,0,0,0,0,0,0,0,0,0,0,0,32,0,Unicorn_Absent,-1,-1.0,2,157,1.0,0.0,1.0,32.0,0.6956521739130435,0.5,NOTHING,1.0,0.0,0.0,0,NOTHING,3,2
1358,88849443,20,888432,Absent,32,0,0,0,0,0,0,0,0,0,0,0,0,0,0,0,0,0,0,0,0,0,0,0,0,0,0,0,0,0,0,0,0,1,1,1,1,1,1,1,1,1,1,1,1,1,1,1,1,1,1,1,1,1,1,1,1,1,1,1,1,1,1,1,1,16,16,Unicorn_Absent,-1,-1.0,3,173,0.9,32.0,0.0,48.0,0.6956521739130435,0.5,DOWN,1.0,1.0,0.6956521739130435,0,NOTHING,3,2
1360,88849443,21,888432,Absent,0,0,0,0,0,0,0,0,0,0,0,0,0,0,0,0,0,0,0,0,0,0,0,0,0,0,0,0,0,0,0,0,0,0,0,0,0,0,0,0,0,0,0,0,0,0,0,0,0,0,0,0,0,0,0,0,0,0,0,0,0,0,0,0,0,32,0,Unicorn_Absent,-1,-1.0,2,205,1.0,0.0,0.0,32.0,0.028985507246376774,0.5,NOTHING,0.9,0.0,0.6956521739130435,16,DOWN,3,2
1364,88849443,23,888432,Absent,0,0,0,0,0,0,0,0,0,0,0,0,0,0,0,0,0,0,0,0,0,0,0,0,0,0,0,0,0,0,0,0,0,0,0,0,0,0,0,0,0,0,0,0,0,0,0,0,0,0,0,0,0,0,0,0,0,0,0,0,0,0,0,0,0,32,0,Unicorn_Absent,-1,-1.0,2,269,1.0,0.0,1.0,32.0,0.028985507246376774,0.5,NOTHING,1.0,0.0,0.028985507246376774,0,NOTHING,3,2
1366,88849443,24,888432,Absent,0,0,0,0,0,0,0,0,0,0,0,0,0,0,0,0,0,0,0,0,0,0,0,0,0,0,0,0,0,0,0,0,0,0,0,0,0,0,0,0,0,0,0,0,0,0,0,0,0,0,0,0,0,0,0,0,0,0,0,0,0,0,0,0,0,32,0,Unicorn_Absent,-1,-1.0,2,301,1.0,0.0,1.0,32.0,0.36,0.5,NOTHING,1.0,1.0,0.028985507246376774,0,NOTHING,3,2
1370,88849443,26,888432,Absent,36,0,0,0,0,0,0,0,0,0,1,1,1,1,1,1,0,0,1,1,1,1,1,1,0,0,1,1,1,1,1,1,0,0,1,1,1,1,1,1,0,0,1,1,1,1,1,1,0,0,1,1,1,1,1,1,0,0,0,0,0,0,0,0,0,32,0,Unicorn_Absent,-1,-1.0,7,269,1.0,36.0,0.0,64.0,0.36,1.0,IN,1.0,1.0,0.36,0,NOTHING,3,2
1380,88849443,31,888432,Absent,28,1,1,1,1,1,1,1,1,1,0,0,0,0,0,0,1,1,0,0,0,0,0,0,1,1,0,0,0,0,0,0,1,1,0,0,0,0,0,0,1,1,0,0,0,0,0,0,1,1,0,0,0,0,0,0,1,1,1,1,1,1,1,1,1,32,0,Unicorn_Absent,-1,-1.0,8,298,1.0,28.0,0.0,28.0,0.36,0.4375,OUT,1.0,0.0,0.36,0,IN,3,2
1382,88849443,32,888432,Absent,28,1,1,1,1,1,1,1,1,1,0,0,0,0,0,0,1,1,0,0,0,0,0,0,1,1,0,0,0,0,0,0,1,1,0,0,0,0,0,0,1,1,0,0,0,0,0,0,1,1,0,0,0,0,0,0,1,1,1,1,1,1,1,1,1,32,0,Unicorn_Absent,-1,-1.0,8,330,1.0,28.0,1.0,28.0,0.36,0.4375,OUT,1.0,0.0,0.36,0,OUT,3,2
1384,88849443,33,888432,Absent,32,1,1,1,1,1,1,1,1,1,1,1,1,1,1,1,1,1,1,1,1,1,1,1,1,1,1,1,1,1,1,1,1,0,0,0,0,0,0,0,0,0,0,0,0,0,0,0,0,0,0,0,0,0,0,0,0,0,0,0,0,0,0,0,0,32,0,Unicorn_Absent,-1,-1.0,4,362,1.0,32.0,0.30434782608695654,32.0,0.0,0.5,UP,1.0,1.0,0.36,0,OUT,3,2
1388,88849443,35,888432,Absent,36,0,0,0,0,0,0,0,0,0,1,1,1,1,1,1,0,0,1,1,1,1,1,1,0,0,1,1,1,1,1,1,0,0,1,1,1,1,1,1,0,0,1,1,1,1,1,1,0,0,1,1,1,1,1,1,0,0,0,0,0,0,0,0,0,32,0,Unicorn_Absent,-1,-1.0,7,416,1.0,36.0,0.36,64.0,0.0,1.0,IN,1.0,0.30434782608695654,0.0,0,UP,3,2
1390,88849443,36,888432,Absent,36,0,0,0,0,0,0,0,0,0,1,1,1,1,1,1,0,0,1,1,1,1,1,1,0,0,1,1,1,1,1,1,0,0,1,1,1,1,1,1,0,0,1,1,1,1,1,1,0,0,1,1,1,1,1,1,0,0,0,0,0,0,0,0,0,32,0,Unicorn_Absent,-1,-1.0,7,448,1.0,36.0,1.0,64.0,0.0,1.0,IN,1.0,0.36,0.0,0,IN,3,2
1392,88849443,37,888432,Absent,36,0,0,0,0,0,0,0,0,0,1,1,1,1,1,1,0,0,1,1,1,1,1,1,0,0,1,1,1,1,1,1,0,0,1,1,1,1,1,1,0,0,1,1,1,1,1,1,0,0,1,1,1,1,1,1,0,0,0,0,0,0,0,0,0,32,0,Unicorn_Absent,-1,-1.0,7,480,1.0,36.0,1.0,64.0,0.0,1.0,IN,1.0,1.0,0.0,0,IN,3,2
1396,88849443,39,888432,Absent,36,0,0,0,0,0,0,0,0,0,1,1,1,1,1,1,0,0,1,1,1,1,1,1,0,0,1,1,1,1,1,1,0,0,1,1,1,1,1,1,0,0,1,1,1,1,1,1,0,0,1,1,1,1,1,1,0,0,0,0,0,0,0,0,0,32,0,Unicorn_Absent,-1,-1.0,7,544,1.0,36.0,1.0,64.0,1.0,1.0,IN,1.0,1.0,0.0,0,IN,3,2
1398,88849443,40,888432,Absent,36,0,0,0,0,0,0,0,0,0,1,1,1,1,1,1,0,0,1,1,1,1,1,1,0,0,1,1,1,1,1,1,0,0,1,1,1,1,1,1,0,0,1,1,1,1,1,1,0,0,1,1,1,1,1,1,0,0,0,0,0,0,0,0,0,14,18,Unicorn_Absent,-1,-1.0,7,558,0.8875,36.0,1.0,50.0,1.0,0.5,IN,1.0,1.0,1.0,0,IN,3,2
1402,88849443,42,888432,Absent,0,0,0,0,0,0,0,0,0,0,0,0,0,0,0,0,0,0,0,0,0,0,0,0,0,0,0,0,0,0,0,0,0,0,0,0,0,0,0,0,0,0,0,0,0,0,0,0,0,0,0,0,0,0,0,0,0,0,0,0,0,0,0,0,0,32,0,Unicorn_Absent,-1,-1.0,2,610,1.0,0.0,0.0,32.0,0.0,0.5,NOTHING,0.8875,1.0,1.0,18,IN,3,2
1404,88849443,43,888432,Absent,0,0,0,0,0,0,0,0,0,0,0,0,0,0,0,0,0,0,0,0,0,0,0,0,0,0,0,0,0,0,0,0,0,0,0,0,0,0,0,0,0,0,0,0,0,0,0,0,0,0,0,0,0,0,0,0,0,0,0,0,0,0,0,0,0,32,0,Unicorn_Absent,-1,-1.0,2,642,1.0,0.0,1.0,32.0,0.0,0.5,NOTHING,1.0,0.0,0.0,0,NOTHING,3,2
1406,88849443,44,888432,Absent,0,0,0,0,0,0,0,0,0,0,0,0,0,0,0,0,0,0,0,0,0,0,0,0,0,0,0,0,0,0,0,0,0,0,0,0,0,0,0,0,0,0,0,0,0,0,0,0,0,0,0,0,0,0,0,0,0,0,0,0,0,0,0,0,0,32,0,Unicorn_Absent,-1,-1.0,2,674,1.0,0.0,1.0,32.0,0.0,0.5,NOTHING,1.0,1.0,0.0,0,NOTHING,3,2
1408,88849443,45,888432,Absent,28,1,1,1,1,1,1,1,1,1,0,0,0,0,0,0,1,1,0,0,0,0,0,0,1,1,0,0,0,0,0,0,1,1,0,0,0,0,0,0,1,1,0,0,0,0,0,0,1,1,0,0,0,0,0,0,1,1,1,1,1,1,1,1,1,18,14,Unicorn_Absent,-1,-1.0,8,692,0.9125,28.0,0.0,46.0,0.0,0.5,OUT,1.0,1.0,0.0,0,NOTHING,3,2
1410,88849443,46,888432,Absent,28,1,1,1,1,1,1,1,1,1,0,0,0,0,0,0,1,1,0,0,0,0,0,0,1,1,0,0,0,0,0,0,1,1,0,0,0,0,0,0,1,1,0,0,0,0,0,0,1,1,0,0,0,0,0,0,1,1,1,1,1,1,1,1,1,32,0,Unicorn_Absent,-1,-1.0,8,724,1.0,28.0,1.0,28.0,0.30434782608695654,0.4375,OUT,0.9125,0.0,0.0,14,OUT,3,2
1420,88849443,51,888432,Absent,32,0,0,0,0,1,1,1,1,0,0,0,0,1,1,1,1,0,0,0,0,1,1,1,1,0,0,0,0,1,1,1,1,0,0,0,0,1,1,1,1,0,0,0,0,1,1,1,1,0,0,0,0,1,1,1,1,0,0,0,0,1,1,1,1,16,16,Unicorn_Absent,-1,-1.0,6,844,0.9,32.0,0.30434782608695654,48.0,0.30434782608695654,0.5,RIGHT,1.0,1.0,0.30434782608695654,0,OUT,3,2
1422,88849443,52,888432,Absent,36,0,0,0,0,0,0,0,0,0,1,1,1,1,1,1,0,0,1,1,1,1,1,1,0,0,1,1,1,1,1,1,0,0,1,1,1,1,1,1,0,0,1,1,1,1,1,1,0,0,1,1,1,1,1,1,0,0,0,0,0,0,0,0,0,32,0,Unicorn_Absent,-1,-1.0,7,876,1.0,36.0,0.36,36.0,0.0,0.5625,IN,0.9,0.30434782608695654,0.30434782608695654,16,RIGHT,3,2
1424,88849443,53,888432,Absent,36,0,0,0,0,0,0,0,0,0,1,1,1,1,1,1,0,0,1,1,1,1,1,1,0,0,1,1,1,1,1,1,0,0,1,1,1,1,1,1,0,0,1,1,1,1,1,1,0,0,1,1,1,1,1,1,0,0,0,0,0,0,0,0,0,32,0,Unicorn_Absent,-1,-1.0,7,908,1.0,36.0,1.0,36.0,0.0,0.5625,IN,1.0,0.36,0.0,0,IN,3,2
1426,88849443,54,888432,Absent,36,0,0,0,0,0,0,0,0,0,1,1,1,1,1,1,0,0,1,1,1,1,1,1,0,0,1,1,1,1,1,1,0,0,1,1,1,1,1,1,0,0,1,1,1,1,1,1,0,0,1,1,1,1,1,1,0,0,0,0,0,0,0,0,0,32,0,Unicorn_Absent,-1,-1.0,7,940,1.0,36.0,1.0,36.0,0.0,0.5625,IN,1.0,1.0,0.0,0,IN,3,2
1428,88849443,55,888432,Absent,36,0,0,0,0,0,0,0,0,0,1,1,1,1,1,1,0,0,1,1,1,1,1,1,0,0,1,1,1,1,1,1,0,0,1,1,1,1,1,1,0,0,1,1,1,1,1,1,0,0,1,1,1,1,1,1,0,0,0,0,0,0,0,0,0,32,0,Unicorn_Absent,-1,-1.0,7,972,1.0,36.0,1.0,64.0,0.0,1.0,IN,1.0,1.0,0.0,0,IN,3,2
1430,88849443,56,888432,Absent,32,0,0,0,0,1,1,1,1,0,0,0,0,1,1,1,1,0,0,0,0,1,1,1,1,0,0,0,0,1,1,1,1,0,0,0,0,1,1,1,1,0,0,0,0,1,1,1,1,0,0,0,0,1,1,1,1,0,0,0,0,1,1,1,1,18,14,Unicorn_Absent,-1,-1.0,6,990,0.9125,32.0,0.36,46.0,0.6956521739130435,0.5,RIGHT,1.0,1.0,0.0,0,IN,3,2
1432,88849443,57,888432,Absent,28,1,1,1,1,1,1,1,1,1,0,0,0,0,0,0,1,1,0,0,0,0,0,0,1,1,0,0,0,0,0,0,1,1,0,0,0,0,0,0,1,1,0,0,0,0,0,0,1,1,0,0,0,0,0,0,1,1,1,1,1,1,1,1,1,4,28,Unicorn_Absent,-1,-1.0,8,994,0.825,28.0,0.30434782608695654,28.0,0.6956521739130435,0.0,OUT,0.9125,0.36,0.6956521739130435,14,RIGHT,3,2
1434,88849443,58,888432,Absent,14,1,0,0,1,0,1,0,0,0,0,0,0,0,1,0,1,0,1,0,1,1,0,0,0,0,0,0,0,0,0,0,0,0,0,0,0,0,0,0,1,0,1,1,0,0,0,0,0,0,0,0,0,0,1,0,0,1,0,1,0,0,0,0,0,25,7,Unicorn_Absent,-1,-1.0,0,1019,0.95625,14.0,0.2,35.0,0.36,0.4375,RS,0.825,0.30434782608695654,0.6956521739130435,28,OUT,3,2
1321,88849443,1,944332,Absent,55,1,1,0,1,0,1,1,1,1,1,0,1,0,1,0,1,0,0,0,0,0,1,1,1,1,0,1,0,0,1,1,1,1,1,1,0,0,1,0,0,0,1,1,1,0,1,1,1,1,0,1,1,1,1,1,0,0,0,1,1,1,0,1,1,25,7,Unicorn_Absent,-1,-1.0,9,25,0.95625,40.0,1.0,43.0,0.36,0.5625,,,,,,,3,2
1329,88849443,5,944332,Absent,32,1,1,1,1,1,1,1,1,1,1,1,1,1,1,1,1,1,1,1,1,1,1,1,1,1,1,1,1,1,1,1,1,0,0,0,0,0,0,0,0,0,0,0,0,0,0,0,0,0,0,0,0,0,0,0,0,0,0,0,0,0,0,0,0,32,0,Unicorn_Absent,-1,-1.0,4,107,1.0,32.0,0.3584905660377358,64.0,0.0,1.0,UP,0.95625,1.0,0.36,7,,3,2
1331,88849443,6,944332,Absent,32,1,1,1,1,1,1,1,1,1,1,1,1,1,1,1,1,1,1,1,1,1,1,1,1,1,1,1,1,1,1,1,1,0,0,0,0,0,0,0,0,0,0,0,0,0,0,0,0,0,0,0,0,0,0,0,0,0,0,0,0,0,0,0,0,32,0,Unicorn_Absent,-1,-1.0,4,139,1.0,32.0,1.0,64.0,0.0,1.0,UP,1.0,0.3584905660377358,0.0,0,UP,3,2
1335,88849443,8,944332,Absent,32,1,1,1,1,1,1,1,1,1,1,1,1,1,1,1,1,1,1,1,1,1,1,1,1,1,1,1,1,1,1,1,1,0,0,0,0,0,0,0,0,0,0,0,0,0,0,0,0,0,0,0,0,0,0,0,0,0,0,0,0,0,0,0,0,32,0,Unicorn_Absent,-1,-1.0,4,203,1.0,32.0,1.0,64.0,0.0,1.0,UP,1.0,1.0,0.0,0,UP,3,2
1337,88849443,9,944332,Absent,32,1,1,1,1,1,1,1,1,1,1,1,1,1,1,1,1,1,1,1,1,1,1,1,1,1,1,1,1,1,1,1,1,0,0,0,0,0,0,0,0,0,0,0,0,0,0,0,0,0,0,0,0,0,0,0,0,0,0,0,0,0,0,0,0,18,14,Unicorn_Absent,-1,-1.0,4,221,0.9125,32.0,1.0,46.0,0.0,0.5,UP,1.0,1.0,0.0,0,UP,3,2
1339,88849443,10,944332,Absent,32,1,1,1,1,0,0,0,0,1,1,1,1,0,0,0,0,1,1,1,1,0,0,0,0,1,1,1,1,0,0,0,0,1,1,1,1,0,0,0,0,1,1,1,1,0,0,0,0,1,1,1,1,0,0,0,0,1,1,1,1,0,0,0,0,16,16,Unicorn_Absent,-1,-1.0,5,237,0.9,32.0,0.3333333333333333,48.0,0.0,0.5,LEFT,0.9125,1.0,0.0,14,UP,3,2
1353,88849443,17,944332,Absent,36,0,0,0,0,0,0,0,0,0,1,1,1,1,1,1,0,0,1,1,1,1,1,1,0,0,1,1,1,1,1,1,0,0,1,1,1,1,1,1,0,0,1,1,1,1,1,1,0,0,1,1,1,1,1,1,0,0,0,0,0,0,0,0,0,14,18,Unicorn_Absent,-1,-1.0,7,93,0.8875,36.0,0.36,50.0,0.0,0.5,IN,0.9,0.3333333333333333,0.0,16,LEFT,3,2
1355,88849443,18,944332,Absent,32,0,0,0,0,1,1,1,1,0,0,0,0,1,1,1,1,0,0,0,0,1,1,1,1,0,0,0,0,1,1,1,1,0,0,0,0,1,1,1,1,0,0,0,0,1,1,1,1,0,0,0,0,1,1,1,1,0,0,0,0,1,1,1,1,32,0,Unicorn_Absent,-1,-1.0,6,125,1.0,32.0,0.36,32.0,0.6956521739130435,0.5,RIGHT,0.8875,0.36,0.0,18,IN,3,2
1357,88849443,19,944332,Absent,32,0,0,0,0,1,1,1,1,0,0,0,0,1,1,1,1,0,0,0,0,1,1,1,1,0,0,0,0,1,1,1,1,0,0,0,0,1,1,1,1,0,0,0,0,1,1,1,1,0,0,0,0,1,1,1,1,0,0,0,0,1,1,1,1,32,0,Unicorn_Absent,-1,-1.0,6,157,1.0,32.0,1.0,32.0,0.6956521739130435,0.5,RIGHT,1.0,0.36,0.6956521739130435,0,RIGHT,3,2
1359,88849443,20,944332,Absent,32,1,1,1,1,0,0,0,0,1,1,1,1,0,0,0,0,1,1,1,1,0,0,0,0,1,1,1,1,0,0,0,0,1,1,1,1,0,0,0,0,1,1,1,1,0,0,0,0,1,1,1,1,0,0,0,0,1,1,1,1,0,0,0,0,16,16,Unicorn_Absent,-1,-1.0,5,173,0.9,32.0,0.0,48.0,0.0,0.5,LEFT,1.0,1.0,0.6956521739130435,0,RIGHT,3,2
1361,88849443,21,944332,Absent,32,1,1,1,1,0,0,0,0,1,1,1,1,0,0,0,0,1,1,1,1,0,0,0,0,1,1,1,1,0,0,0,0,1,1,1,1,0,0,0,0,1,1,1,1,0,0,0,0,1,1,1,1,0,0,0,0,1,1,1,1,0,0,0,0,32,0,Unicorn_Absent,-1,-1.0,5,205,1.0,32.0,1.0,32.0,0.0,0.5,LEFT,0.9,0.0,0.0,16,LEFT,3,2
1365,88849443,23,944332,Absent,32,1,1,1,1,0,0,0,0,1,1,1,1,0,0,0,0,1,1,1,1,0,0,0,0,1,1,1,1,0,0,0,0,1,1,1,1,0,0,0,0,1,1,1,1,0,0,0,0,1,1,1,1,0,0,0,0,1,1,1,1,0,0,0,0,32,0,Unicorn_Absent,-1,-1.0,5,269,1.0,32.0,1.0,32.0,0.0,0.5,LEFT,1.0,1.0,0.0,0,LEFT,3,2
1367,88849443,24,944332,Absent,32,1,1,1,1,0,0,0,0,1,1,1,1,0,0,0,0,1,1,1,1,0,0,0,0,1,1,1,1,0,0,0,0,1,1,1,1,0,0,0,0,1,1,1,1,0,0,0,0,1,1,1,1,0,0,0,0,1,1,1,1,0,0,0,0,32,0,Unicorn_Absent,-1,-1.0,5,301,1.0,32.0,1.0,32.0,0.0,0.5,LEFT,1.0,1.0,0.0,0,LEFT,3,2
1371,88849443,26,944332,Absent,28,1,1,1,1,1,1,1,1,1,0,0,0,0,0,0,1,1,0,0,0,0,0,0,1,1,0,0,0,0,0,0,1,1,0,0,0,0,0,0,1,1,0,0,0,0,0,0,1,1,0,0,0,0,0,0,1,1,1,1,1,1,1,1,1,32,0,Unicorn_Absent,-1,-1.0,8,269,1.0,28.0,0.30434782608695654,64.0,0.0,1.0,OUT,1.0,1.0,0.0,0,LEFT,3,2
1381,88849443,31,944332,Absent,0,0,0,0,0,0,0,0,0,0,0,0,0,0,0,0,0,0,0,0,0,0,0,0,0,0,0,0,0,0,0,0,0,0,0,0,0,0,0,0,0,0,0,0,0,0,0,0,0,0,0,0,0,0,0,0,0,0,0,0,0,0,0,0,0,32,0,Unicorn_Absent,-1,-1.0,2,298,1.0,0.0,0.0,28.0,0.0,0.4375,NOTHING,1.0,0.30434782608695654,0.0,0,OUT,3,2
1383,88849443,32,944332,Absent,0,0,0,0,0,0,0,0,0,0,0,0,0,0,0,0,0,0,0,0,0,0,0,0,0,0,0,0,0,0,0,0,0,0,0,0,0,0,0,0,0,0,0,0,0,0,0,0,0,0,0,0,0,0,0,0,0,0,0,0,0,0,0,0,0,32,0,Unicorn_Absent,-1,-1.0,2,330,1.0,0.0,1.0,28.0,1.0,0.4375,NOTHING,1.0,0.0,0.0,0,NOTHING,3,2
1385,88849443,33,944332,Absent,0,0,0,0,0,0,0,0,0,0,0,0,0,0,0,0,0,0,0,0,0,0,0,0,0,0,0,0,0,0,0,0,0,0,0,0,0,0,0,0,0,0,0,0,0,0,0,0,0,0,0,0,0,0,0,0,0,0,0,0,0,0,0,0,0,32,0,Unicorn_Absent,-1,-1.0,2,362,1.0,0.0,1.0,32.0,1.0,0.5,NOTHING,1.0,1.0,1.0,0,NOTHING,3,2
1389,88849443,35,944332,Absent,28,1,1,1,1,1,1,1,1,1,0,0,0,0,0,0,1,1,0,0,0,0,0,0,1,1,0,0,0,0,0,0,1,1,0,0,0,0,0,0,1,1,0,0,0,0,0,0,1,1,0,0,0,0,0,0,1,1,1,1,1,1,1,1,1,32,0,Unicorn_Absent,-1,-1.0,8,416,1.0,28.0,0.0,64.0,1.0,1.0,OUT,1.0,1.0,1.0,0,NOTHING,3,2
1391,88849443,36,944332,Absent,28,1,1,1,1,1,1,1,1,1,0,0,0,0,0,0,1,1,0,0,0,0,0,0,1,1,0,0,0,0,0,0,1,1,0,0,0,0,0,0,1,1,0,0,0,0,0,0,1,1,0,0,0,0,0,0,1,1,1,1,1,1,1,1,1,32,0,Unicorn_Absent,-1,-1.0,8,448,1.0,28.0,1.0,64.0,1.0,1.0,OUT,1.0,0.0,1.0,0,OUT,3,2
1393,88849443,37,944332,Absent,28,1,1,1,1,1,1,1,1,1,0,0,0,0,0,0,1,1,0,0,0,0,0,0,1,1,0,0,0,0,0,0,1,1,0,0,0,0,0,0,1,1,0,0,0,0,0,0,1,1,0,0,0,0,0,0,1,1,1,1,1,1,1,1,1,32,0,Unicorn_Absent,-1,-1.0,8,480,1.0,28.0,1.0,64.0,0.30434782608695654,1.0,OUT,1.0,1.0,1.0,0,OUT,3,2
1397,88849443,39,944332,Absent,28,1,1,1,1,1,1,1,1,1,0,0,0,0,0,0,1,1,0,0,0,0,0,0,1,1,0,0,0,0,0,0,1,1,0,0,0,0,0,0,1,1,0,0,0,0,0,0,1,1,0,0,0,0,0,0,1,1,1,1,1,1,1,1,1,32,0,Unicorn_Absent,-1,-1.0,8,544,1.0,28.0,1.0,64.0,0.30434782608695654,1.0,OUT,1.0,1.0,0.30434782608695654,0,OUT,3,2
1399,88849443,40,944332,Absent,32,1,1,1,1,0,0,0,0,1,1,1,1,0,0,0,0,1,1,1,1,0,0,0,0,1,1,1,1,0,0,0,0,1,1,1,1,0,0,0,0,1,1,1,1,0,0,0,0,1,1,1,1,0,0,0,0,1,1,1,1,0,0,0,0,14,18,Unicorn_Absent,-1,-1.0,5,558,0.8875,32.0,0.30434782608695654,50.0,0.36,0.5,LEFT,1.0,1.0,0.30434782608695654,0,OUT,3,2
1403,88849443,42,944332,Absent,32,0,0,0,0,1,1,1,1,0,0,0,0,1,1,1,1,0,0,0,0,1,1,1,1,0,0,0,0,1,1,1,1,0,0,0,0,1,1,1,1,0,0,0,0,1,1,1,1,0,0,0,0,1,1,1,1,0,0,0,0,1,1,1,1,32,0,Unicorn_Absent,-1,-1.0,6,610,1.0,32.0,0.0,32.0,0.36,0.5,RIGHT,0.8875,0.30434782608695654,0.36,18,LEFT,3,2
1405,88849443,43,944332,Absent,32,0,0,0,0,1,1,1,1,0,0,0,0,1,1,1,1,0,0,0,0,1,1,1,1,0,0,0,0,1,1,1,1,0,0,0,0,1,1,1,1,0,0,0,0,1,1,1,1,0,0,0,0,1,1,1,1,0,0,0,0,1,1,1,1,32,0,Unicorn_Absent,-1,-1.0,6,642,1.0,32.0,1.0,32.0,0.0,0.5,RIGHT,1.0,0.0,0.36,0,RIGHT,3,2
1407,88849443,44,944332,Absent,32,0,0,0,0,1,1,1,1,0,0,0,0,1,1,1,1,0,0,0,0,1,1,1,1,0,0,0,0,1,1,1,1,0,0,0,0,1,1,1,1,0,0,0,0,1,1,1,1,0,0,0,0,1,1,1,1,0,0,0,0,1,1,1,1,32,0,Unicorn_Absent,-1,-1.0,6,674,1.0,32.0,1.0,32.0,0.0,0.5,RIGHT,1.0,1.0,0.0,0,RIGHT,3,2
1409,88849443,45,944332,Absent,32,0,0,0,0,1,1,1,1,0,0,0,0,1,1,1,1,0,0,0,0,1,1,1,1,0,0,0,0,1,1,1,1,0,0,0,0,1,1,1,1,0,0,0,0,1,1,1,1,0,0,0,0,1,1,1,1,0,0,0,0,1,1,1,1,18,14,Unicorn_Absent,-1,-1.0,6,692,0.9125,32.0,1.0,46.0,0.0,0.5,RIGHT,1.0,1.0,0.0,0,RIGHT,3,2
1411,88849443,46,944332,Absent,0,0,0,0,0,0,0,0,0,0,0,0,0,0,0,0,0,0,0,0,0,0,0,0,0,0,0,0,0,0,0,0,0,0,0,0,0,0,0,0,0,0,0,0,0,0,0,0,0,0,0,0,0,0,0,0,0,0,0,0,0,0,0,0,0,32,0,Unicorn_Absent,-1,-1.0,2,724,1.0,0.0,0.0,28.0,0.0,0.4375,NOTHING,0.9125,1.0,0.0,14,RIGHT,3,2
1421,88849443,51,944332,Absent,32,1,1,1,1,1,1,1,1,1,1,1,1,1,1,1,1,1,1,1,1,1,1,1,1,1,1,1,1,1,1,1,1,0,0,0,0,0,0,0,0,0,0,0,0,0,0,0,0,0,0,0,0,0,0,0,0,0,0,0,0,0,0,0,0,16,16,Unicorn_Absent,-1,-1.0,4,844,0.9,32.0,0.0,48.0,1.0,0.5,UP,1.0,0.0,0.0,0,NOTHING,3,2
1423,88849443,52,944332,Absent,0,0,0,0,0,0,0,0,0,0,0,0,0,0,0,0,0,0,0,0,0,0,0,0,0,0,0,0,0,0,0,0,0,0,0,0,0,0,0,0,0,0,0,0,0,0,0,0,0,0,0,0,0,0,0,0,0,0,0,0,0,0,0,0,0,32,0,Unicorn_Absent,-1,-1.0,2,876,1.0,0.0,0.0,36.0,1.0,0.5625,NOTHING,0.9,0.0,1.0,16,UP,3,2
1425,88849443,53,944332,Absent,0,0,0,0,0,0,0,0,0,0,0,0,0,0,0,0,0,0,0,0,0,0,0,0,0,0,0,0,0,0,0,0,0,0,0,0,0,0,0,0,0,0,0,0,0,0,0,0,0,0,0,0,0,0,0,0,0,0,0,0,0,0,0,0,0,32,0,Unicorn_Absent,-1,-1.0,2,908,1.0,0.0,1.0,36.0,0.64,0.5625,NOTHING,1.0,0.0,1.0,0,NOTHING,3,2
1427,88849443,54,944332,Absent,0,0,0,0,0,0,0,0,0,0,0,0,0,0,0,0,0,0,0,0,0,0,0,0,0,0,0,0,0,0,0,0,0,0,0,0,0,0,0,0,0,0,0,0,0,0,0,0,0,0,0,0,0,0,0,0,0,0,0,0,0,0,0,0,0,32,0,Unicorn_Absent,-1,-1.0,2,940,1.0,0.0,1.0,36.0,0.64,0.5625,NOTHING,1.0,1.0,0.64,0,NOTHING,3,2
1429,88849443,55,944332,Absent,28,1,1,1,1,1,1,1,1,1,0,0,0,0,0,0,1,1,0,0,0,0,0,0,1,1,0,0,0,0,0,0,1,1,0,0,0,0,0,0,1,1,0,0,0,0,0,0,1,1,0,0,0,0,0,0,1,1,1,1,1,1,1,1,1,32,0,Unicorn_Absent,-1,-1.0,8,972,1.0,28.0,0.0,64.0,0.6956521739130435,1.0,OUT,1.0,1.0,0.64,0,NOTHING,3,2
1431,88849443,56,944332,Absent,28,1,1,1,1,1,1,1,1,1,0,0,0,0,0,0,1,1,0,0,0,0,0,0,1,1,0,0,0,0,0,0,1,1,0,0,0,0,0,0,1,1,0,0,0,0,0,0,1,1,0,0,0,0,0,0,1,1,1,1,1,1,1,1,1,18,14,Unicorn_Absent,-1,-1.0,8,990,0.9125,28.0,1.0,46.0,0.6956521739130435,0.5,OUT,1.0,0.0,0.6956521739130435,0,OUT,3,2
1433,88849443,57,944332,Absent,28,1,1,1,1,1,1,1,1,1,0,0,0,0,0,0,1,1,0,0,0,0,0,0,1,1,0,0,0,0,0,0,1,1,0,0,0,0,0,0,1,1,0,0,0,0,0,0,1,1,0,0,0,0,0,0,1,1,1,1,1,1,1,1,1,4,28,Unicorn_Absent,-1,-1.0,8,994,0.825,28.0,1.0,28.0,0.8,0.0,OUT,0.9125,1.0,0.6956521739130435,14,OUT,3,2
1435,88849443,58,944332,Absent,28,1,1,1,1,1,1,1,1,1,0,0,0,0,0,0,1,1,0,0,0,0,0,0,1,1,0,0,0,0,0,0,1,1,0,0,0,0,0,0,1,1,0,0,0,0,0,0,1,1,0,0,0,0,0,0,1,1,1,1,1,1,1,1,1,25,7,Unicorn_Absent,-1,-1.0,8,1019,0.95625,28.0,1.0,35.0,0.8,0.4375,OUT,0.825,1.0,0.8,28,OUT,3,2
2,94621072,2,9462,Absent,28,1,1,1,1,1,1,1,1,1,0,0,0,0,0,0,1,1,0,0,0,0,0,0,1,1,0,0,0,0,0,0,1,1,0,0,0,0,0,0,1,1,0,0,0,0,0,0,1,1,0,0,0,0,0,0,1,1,1,1,1,1,1,1,1,18,14,Unicorn_Absent,-1,-1.0,8,32,0.9125,28.0,1.0,46.0,0.0,0.5,OUT,,,,,,3,2
12,94621072,7,9462,Absent,32,1,1,1,1,0,0,0,0,1,1,1,1,0,0,0,0,1,1,1,1,0,0,0,0,1,1,1,1,0,0,0,0,1,1,1,1,0,0,0,0,1,1,1,1,0,0,0,0,1,1,1,1,0,0,0,0,1,1,1,1,0,0,0,0,15,17,Unicorn_Absent,-1,-1.0,5,148,0.89375,32.0,0.30434782608695654,46.0,0.0,0.453125,LEFT,0.9125,1.0,0.0,14,OUT,3,2
14,94621072,8,9462,Absent,32,1,1,1,1,0,0,0,0,1,1,1,1,0,0,0,0,1,1,1,1,0,0,0,0,1,1,1,1,0,0,0,0,1,1,1,1,0,0,0,0,1,1,1,1,0,0,0,0,1,1,1,1,0,0,0,0,1,1,1,1,0,0,0,0,32,0,Unicorn_Absent,-1,-1.0,5,180,1.0,32.0,1.0,64.0,0.06521739130434778,1.0,LEFT,0.89375,0.30434782608695654,0.0,17,LEFT,3,2
16,94621072,9,9462,Absent,32,1,1,1,1,0,0,0,0,1,1,1,1,0,0,0,0,1,1,1,1,0,0,0,0,1,1,1,1,0,0,0,0,1,1,1,1,0,0,0,0,1,1,1,1,0,0,0,0,1,1,1,1,0,0,0,0,1,1,1,1,0,0,0,0,18,14,Unicorn_Absent,-1,-1.0,5,198,0.9125,32.0,1.0,46.0,0.06521739130434778,0.5,LEFT,1.0,1.0,0.06521739130434778,0,LEFT,3,2
18,94621072,10,9462,Absent,36,0,0,0,0,0,0,0,0,0,1,1,1,1,1,1,0,0,1,1,1,1,1,1,0,0,1,1,1,1,1,1,0,0,1,1,1,1,1,1,0,0,1,1,1,1,1,1,0,0,1,1,1,1,1,1,0,0,0,0,0,0,0,0,0,-4,36,Unicorn_Absent,-1,-1.0,7,194,0.775,36.0,0.36,36.0,0.7142857142857143,0.0,IN,0.9125,1.0,0.06521739130434778,14,LEFT,3,2
20,94621072,11,9462,Absent,32,1,1,1,1,1,1,1,1,1,1,1,1,1,1,1,1,1,1,1,1,1,1,1,1,1,1,1,1,1,1,1,1,0,0,0,0,0,0,0,0,0,0,0,0,0,0,0,0,0,0,0,0,0,0,0,0,0,0,0,0,0,0,0,0,0,32,Unicorn_Absent,-1,-1.0,4,194,0.8,32.0,0.36,32.0,0.7142857142857143,0.0,UP,0.775,0.36,0.7142857142857143,36,IN,3,2
22,94621072,12,9462,Absent,32,0,0,0,0,0,0,0,0,0,0,0,0,0,0,0,0,0,0,0,0,0,0,0,0,0,0,0,0,0,0,0,0,1,1,1,1,1,1,1,1,1,1,1,1,1,1,1,1,1,1,1,1,1,1,1,1,1,1,1,1,1,1,1,1,16,16,Unicorn_Absent,-1,-1.0,3,210,0.9,32.0,0.0,48.0,0.6956521739130435,0.5,DOWN,0.8,0.36,0.7142857142857143,32,UP,3,2
26,94621072,14,9462,Absent,32,0,0,0,0,1,1,1,1,0,0,0,0,1,1,1,1,0,0,0,0,1,1,1,1,0,0,0,0,1,1,1,1,0,0,0,0,1,1,1,1,0,0,0,0,1,1,1,1,0,0,0,0,1,1,1,1,0,0,0,0,1,1,1,1,16,16,Unicorn_Absent,-1,-1.0,6,250,0.9,32.0,0.3333333333333333,48.0,0.6956521739130435,0.5,RIGHT,0.9,0.0,0.6956521739130435,16,DOWN,3,2
30,94621072,16,9462,Absent,32,0,0,0,0,0,0,0,0,0,0,0,0,0,0,0,0,0,0,0,0,0,0,0,0,0,0,0,0,0,0,0,0,1,1,1,1,1,1,1,1,1,1,1,1,1,1,1,1,1,1,1,1,1,1,1,1,1,1,1,1,1,1,1,1,16,16,Unicorn_Absent,-1,-1.0,3,298,0.9,32.0,0.3333333333333333,48.0,0.36,0.5,DOWN,0.9,0.3333333333333333,0.6956521739130435,16,RIGHT,3,2
34,94621072,18,9462,Absent,32,1,1,1,1,0,0,0,0,1,1,1,1,0,0,0,0,1,1,1,1,0,0,0,0,1,1,1,1,0,0,0,0,1,1,1,1,0,0,0,0,1,1,1,1,0,0,0,0,1,1,1,1,0,0,0,0,1,1,1,1,0,0,0,0,32,0,Unicorn_Absent,-1,-1.0,5,362,1.0,32.0,0.3333333333333333,64.0,0.36,1.0,LEFT,0.9,0.3333333333333333,0.36,16,DOWN,3,2
36,94621072,19,9462,Absent,36,0,0,0,0,0,0,0,0,0,1,1,1,1,1,1,0,0,1,1,1,1,1,1,0,0,1,1,1,1,1,1,0,0,1,1,1,1,1,1,0,0,1,1,1,1,1,1,0,0,1,1,1,1,1,1,0,0,0,0,0,0,0,0,0,14,18,Unicorn_Absent,-1,-1.0,7,376,0.8875,36.0,0.36,50.0,0.0,0.5,IN,1.0,0.3333333333333333,0.36,0,LEFT,3,2
58,94621072,30,9462,Absent,50,0,1,0,0,0,0,0,1,1,1,1,1,1,1,0,1,1,0,0,0,1,1,0,0,1,0,0,0,0,1,1,1,0,0,1,1,0,1,0,1,1,0,1,0,0,0,1,1,1,1,0,1,0,0,1,1,0,0,1,1,0,1,1,0,16,16,Unicorn_Absent,-1,-1.0,0,365,0.9,33.0,0.3269230769230769,45.0,0.0,0.453125,RS,0.8875,0.36,0.0,18,IN,3,2
66,94621072,34,9462,Absent,32,1,1,1,1,1,1,1,1,1,1,1,1,1,1,1,1,1,1,1,1,1,1,1,1,1,1,1,1,1,1,1,1,0,0,0,0,0,0,0,0,0,0,0,0,0,0,0,0,0,0,0,0,0,0,0,0,0,0,0,0,0,0,0,0,32,0,Unicorn_Absent,-1,-1.0,4,377,1.0,32.0,0.32653061224489793,32.0,0.3333333333333333,0.5,UP,0.9,0.3269230769230769,0.0,16,RS,3,2
70,94621072,36,9462,Absent,32,0,0,0,0,0,0,0,0,0,0,0,0,0,0,0,0,0,0,0,0,0,0,0,0,0,0,0,0,0,0,0,0,1,1,1,1,1,1,1,1,1,1,1,1,1,1,1,1,1,1,1,1,1,1,1,1,1,1,1,1,1,1,1,1,18,14,Unicorn_Absent,-1,-1.0,3,398,0.9125,32.0,0.0,46.0,0.3333333333333333,0.5,DOWN,1.0,0.32653061224489793,0.3333333333333333,0,UP,3,2
72,94621072,37,9462,Absent,32,0,0,0,0,0,0,0,0,0,0,0,0,0,0,0,0,0,0,0,0,0,0,0,0,0,0,0,0,0,0,0,0,1,1,1,1,1,1,1,1,1,1,1,1,1,1,1,1,1,1,1,1,1,1,1,1,1,1,1,1,1,1,1,1,32,0,Unicorn_Absent,-1,-1.0,3,430,1.0,32.0,1.0,64.0,0.0,1.0,DOWN,0.9125,0.0,0.3333333333333333,14,DOWN,3,2
78,94621072,40,9462,Absent,32,0,0,0,0,1,1,1,1,0,0,0,0,1,1,1,1,0,0,0,0,1,1,1,1,0,0,0,0,1,1,1,1,0,0,0,0,1,1,1,1,0,0,0,0,1,1,1,1,0,0,0,0,1,1,1,1,0,0,0,0,1,1,1,1,16,16,Unicorn_Absent,-1,-1.0,6,510,0.9,32.0,0.3333333333333333,48.0,0.0,0.5,RIGHT,1.0,1.0,0.0,0,DOWN,3,2
90,94621072,46,9462,Absent,32,0,0,0,0,0,0,0,0,0,0,0,0,0,0,0,0,0,0,0,0,0,0,0,0,0,0,0,0,0,0,0,0,1,1,1,1,1,1,1,1,1,1,1,1,1,1,1,1,1,1,1,1,1,1,1,1,1,1,1,1,1,1,1,1,32,0,Unicorn_Absent,-1,-1.0,3,364,1.0,32.0,0.3333333333333333,32.0,0.0,0.5,DOWN,0.9,0.3333333333333333,0.0,16,RIGHT,3,2
94,94621072,48,9462,Absent,64,1,1,1,1,1,1,1,1,1,1,1,1,1,1,1,1,1,1,1,1,1,1,1,1,1,1,1,1,1,1,1,1,1,1,1,1,1,1,1,1,1,1,1,1,1,1,1,1,1,1,1,1,1,1,1,1,1,1,1,1,1,1,1,1,0,32,Unicorn_Absent,-1,-1.0,1,284,0.8,64.0,0.5,64.0,0.0,0.5,ALL,1.0,0.3333333333333333,0.0,0,DOWN,3,2
106,94621072,54,9462,Absent,28,1,1,1,1,1,1,1,1,1,0,0,0,0,0,0,1,1,0,0,0,0,0,0,1,1,0,0,0,0,0,0,1,1,0,0,0,0,0,0,1,1,0,0,0,0,0,0,1,1,0,0,0,0,0,0,1,1,1,1,1,1,1,1,1,4,28,Unicorn_Absent,-1,-1.0,8,211,0.825,28.0,0.4375,28.0,0.6666666666666667,0.0,OUT,0.8,0.5,0.0,32,ALL,3,2
114,94621072,58,9462,Absent,32,0,0,0,0,0,0,0,0,0,0,0,0,0,0,0,0,0,0,0,0,0,0,0,0,0,0,0,0,0,0,0,0,1,1,1,1,1,1,1,1,1,1,1,1,1,1,1,1,1,1,1,1,1,1,1,1,1,1,1,1,1,1,1,1,0,32,Unicorn_Absent,-1,-1.0,3,67,0.8,32.0,0.30434782608695654,32.0,0.6666666666666667,0.0,DOWN,0.825,0.4375,0.6666666666666667,28,OUT,3,2
116,94621072,59,9462,Absent,36,0,0,0,0,0,0,0,0,0,1,1,1,1,1,1,0,0,1,1,1,1,1,1,0,0,1,1,1,1,1,1,0,0,1,1,1,1,1,1,0,0,1,1,1,1,1,1,0,0,1,1,1,1,1,1,0,0,0,0,0,0,0,0,0,-4,36,Unicorn_Absent,-1,-1.0,7,63,0.775,36.0,0.36,36.0,0.64,0.0,IN,0.8,0.30434782608695654,0.6666666666666667,32,DOWN,3,2
118,94621072,60,9462,Absent,36,0,0,0,0,0,0,0,0,0,1,1,1,1,1,1,0,0,1,1,1,1,1,1,0,0,1,1,1,1,1,1,0,0,1,1,1,1,1,1,0,0,1,1,1,1,1,1,0,0,1,1,1,1,1,1,0,0,0,0,0,0,0,0,0,14,18,Unicorn_Absent,-1,-1.0,7,77,0.8875,36.0,1.0,50.0,0.64,0.5,IN,0.775,0.36,0.64,36,IN,3,2
3,94621072,2,107288,Absent,32,1,1,1,1,0,0,0,0,1,1,1,1,0,0,0,0,1,1,1,1,0,0,0,0,1,1,1,1,0,0,0,0,1,1,1,1,0,0,0,0,1,1,1,1,0,0,0,0,1,1,1,1,0,0,0,0,1,1,1,1,0,0,0,0,18,14,Unicorn_Absent,-1,-1.0,5,32,0.9125,32.0,1.0,46.0,0.022575250836120386,0.5,LEFT,,,,,,3,2
13,94621072,7,107288,Absent,38,0,1,0,0,0,0,1,0,1,1,1,1,1,0,0,1,0,0,0,0,0,0,0,0,1,1,1,1,0,1,0,1,0,1,1,1,0,1,0,1,1,0,1,0,0,1,1,1,0,1,0,0,1,1,1,0,1,1,0,0,0,0,1,0,15,17,Unicorn_Absent,-1,-1.0,9,148,0.89375,31.0,0.3695652173913043,46.0,0.022575250836120386,0.453125,,0.9125,1.0,0.022575250836120386,14,LEFT,3,2
15,94621072,8,107288,Absent,32,0,0,0,0,1,1,1,1,0,0,0,0,1,1,1,1,0,0,0,0,1,1,1,1,0,0,0,0,1,1,1,1,0,0,0,0,1,1,1,1,0,0,0,0,1,1,1,1,0,0,0,0,1,1,1,1,0,0,0,0,1,1,1,1,32,0,Unicorn_Absent,-1,-1.0,6,180,1.0,32.0,0.2857142857142857,64.0,0.32653061224489793,1.0,RIGHT,0.89375,0.3695652173913043,0.022575250836120386,17,,3,2
17,94621072,9,107288,Absent,28,1,1,1,1,1,1,1,1,1,0,0,0,0,0,0,1,1,0,0,0,0,0,0,1,1,0,0,0,0,0,0,1,1,0,0,0,0,0,0,1,1,0,0,0,0,0,0,1,1,0,0,0,0,0,0,1,1,1,1,1,1,1,1,1,18,14,Unicorn_Absent,-1,-1.0,8,198,0.9125,28.0,0.30434782608695654,46.0,0.32653061224489793,0.5,OUT,1.0,0.2857142857142857,0.32653061224489793,0,RIGHT,3,2
19,94621072,10,107288,Absent,36,0,0,0,0,0,0,0,0,0,1,1,1,1,1,1,0,0,1,1,1,1,1,1,0,0,1,1,1,1,1,1,0,0,1,1,1,1,1,1,0,0,1,1,1,1,1,1,0,0,1,1,1,1,1,1,0,0,0,0,0,0,0,0,0,-4,36,Unicorn_Absent,-1,-1.0,7,194,0.775,36.0,0.0,36.0,0.0,0.0,IN,0.9125,0.30434782608695654,0.32653061224489793,14,OUT,3,2
21,94621072,11,107288,Absent,32,1,1,1,1,1,1,1,1,1,1,1,1,1,1,1,1,1,1,1,1,1,1,1,1,1,1,1,1,1,1,1,1,0,0,0,0,0,0,0,0,0,0,0,0,0,0,0,0,0,0,0,0,0,0,0,0,0,0,0,0,0,0,0,0,0,32,Unicorn_Absent,-1,-1.0,4,194,0.8,32.0,0.36,32.0,0.0,0.0,UP,0.775,0.0,0.0,36,IN,3,2
23,94621072,12,107288,Absent,32,0,0,0,0,1,1,1,1,0,0,0,0,1,1,1,1,0,0,0,0,1,1,1,1,0,0,0,0,1,1,1,1,0,0,0,0,1,1,1,1,0,0,0,0,1,1,1,1,0,0,0,0,1,1,1,1,0,0,0,0,1,1,1,1,16,16,Unicorn_Absent,-1,-1.0,6,210,0.9,32.0,0.3333333333333333,48.0,0.6956521739130435,0.5,RIGHT,0.8,0.36,0.0,32,UP,3,2
27,94621072,14,107288,Absent,32,1,1,1,1,1,1,1,1,1,1,1,1,1,1,1,1,1,1,1,1,1,1,1,1,1,1,1,1,1,1,1,1,0,0,0,0,0,0,0,0,0,0,0,0,0,0,0,0,0,0,0,0,0,0,0,0,0,0,0,0,0,0,0,0,16,16,Unicorn_Absent,-1,-1.0,4,250,0.9,32.0,0.3333333333333333,48.0,0.6956521739130435,0.5,UP,0.9,0.3333333333333333,0.6956521739130435,16,RIGHT,3,2
31,94621072,16,107288,Absent,32,0,0,0,0,1,1,1,1,0,0,0,0,1,1,1,1,0,0,0,0,1,1,1,1,0,0,0,0,1,1,1,1,0,0,0,0,1,1,1,1,0,0,0,0,1,1,1,1,0,0,0,0,1,1,1,1,0,0,0,0,1,1,1,1,16,16,Unicorn_Absent,-1,-1.0,6,298,0.9,32.0,0.3333333333333333,48.0,0.6666666666666667,0.5,RIGHT,0.9,0.3333333333333333,0.6956521739130435,16,UP,3,2
35,94621072,18,107288,Absent,32,0,0,0,0,1,1,1,1,0,0,0,0,1,1,1,1,0,0,0,0,1,1,1,1,0,0,0,0,1,1,1,1,0,0,0,0,1,1,1,1,0,0,0,0,1,1,1,1,0,0,0,0,1,1,1,1,0,0,0,0,1,1,1,1,32,0,Unicorn_Absent,-1,-1.0,6,362,1.0,32.0,1.0,64.0,0.6666666666666667,1.0,RIGHT,0.9,0.3333333333333333,0.6666666666666667,16,RIGHT,3,2
37,94621072,19,107288,Absent,32,0,0,0,0,1,1,1,1,0,0,0,0,1,1,1,1,0,0,0,0,1,1,1,1,0,0,0,0,1,1,1,1,0,0,0,0,1,1,1,1,0,0,0,0,1,1,1,1,0,0,0,0,1,1,1,1,0,0,0,0,1,1,1,1,14,18,Unicorn_Absent,-1,-1.0,6,376,0.8875,32.0,1.0,50.0,0.3333333333333333,0.5,RIGHT,1.0,1.0,0.6666666666666667,0,RIGHT,3,2
59,94621072,30,107288,Absent,28,1,1,1,1,1,1,1,1,1,0,0,0,0,0,0,1,1,0,0,0,0,0,0,1,1,0,0,0,0,0,0,1,1,0,0,0,0,0,0,1,1,0,0,0,0,0,0,1,1,0,0,0,0,0,0,1,1,1,1,1,1,1,1,1,16,16,Unicorn_Absent,-1,-1.0,8,365,0.9,28.0,0.30434782608695654,45.0,0.3333333333333333,0.453125,OUT,0.8875,1.0,0.3333333333333333,18,RIGHT,3,2
67,94621072,34,107288,Absent,0,0,0,0,0,0,0,0,0,0,0,0,0,0,0,0,0,0,0,0,0,0,0,0,0,0,0,0,0,0,0,0,0,0,0,0,0,0,0,0,0,0,0,0,0,0,0,0,0,0,0,0,0,0,0,0,0,0,0,0,0,0,0,0,0,32,0,Unicorn_Absent,-1,-1.0,2,377,1.0,0.0,0.0,32.0,0.5,0.5,NOTHING,0.9,0.30434782608695654,0.3333333333333333,16,OUT,3,2
71,94621072,36,107288,Absent,28,1,1,1,1,1,1,1,1,1,0,0,0,0,0,0,1,1,0,0,0,0,0,0,1,1,0,0,0,0,0,0,1,1,0,0,0,0,0,0,1,1,0,0,0,0,0,0,1,1,0,0,0,0,0,0,1,1,1,1,1,1,1,1,1,18,14,Unicorn_Absent,-1,-1.0,8,398,0.9125,28.0,0.0,46.0,0.5,0.5,OUT,1.0,0.0,0.5,0,NOTHING,3,2
73,94621072,37,107288,Absent,32,1,1,1,1,1,1,1,1,1,1,1,1,1,1,1,1,1,1,1,1,1,1,1,1,1,1,1,1,1,1,1,1,0,0,0,0,0,0,0,0,0,0,0,0,0,0,0,0,0,0,0,0,0,0,0,0,0,0,0,0,0,0,0,0,32,0,Unicorn_Absent,-1,-1.0,4,430,1.0,32.0,0.30434782608695654,64.0,0.13315217391304346,1.0,UP,0.9125,0.0,0.5,14,OUT,3,2
79,94621072,40,107288,Absent,32,1,1,1,1,1,1,1,1,1,1,1,1,1,1,1,1,1,1,1,1,1,1,1,1,1,1,1,1,1,1,1,1,0,0,0,0,0,0,0,0,0,0,0,0,0,0,0,0,0,0,0,0,0,0,0,0,0,0,0,0,0,0,0,0,16,16,Unicorn_Absent,-1,-1.0,4,510,0.9,32.0,1.0,48.0,0.13315217391304346,0.5,UP,1.0,0.30434782608695654,0.13315217391304346,0,UP,3,2
91,94621072,46,107288,Absent,0,0,0,0,0,0,0,0,0,0,0,0,0,0,0,0,0,0,0,0,0,0,0,0,0,0,0,0,0,0,0,0,0,0,0,0,0,0,0,0,0,0,0,0,0,0,0,0,0,0,0,0,0,0,0,0,0,0,0,0,0,0,0,0,0,32,0,Unicorn_Absent,-1,-1.0,2,364,1.0,0.0,0.0,32.0,0.0,0.5,NOTHING,0.9,1.0,0.13315217391304346,16,UP,3,2
95,94621072,48,107288,Absent,32,0,0,0,0,1,1,1,1,0,0,0,0,1,1,1,1,0,0,0,0,1,1,1,1,0,0,0,0,1,1,1,1,0,0,0,0,1,1,1,1,0,0,0,0,1,1,1,1,0,0,0,0,1,1,1,1,0,0,0,0,1,1,1,1,0,32,Unicorn_Absent,-1,-1.0,6,284,0.8,32.0,0.0,64.0,0.0,0.5,RIGHT,1.0,0.0,0.0,0,NOTHING,3,2
107,94621072,54,107288,Absent,28,1,1,1,1,1,1,1,1,1,0,0,0,0,0,0,1,1,0,0,0,0,0,0,1,1,0,0,0,0,0,0,1,1,0,0,0,0,0,0,1,1,0,0,0,0,0,0,1,1,0,0,0,0,0,0,1,1,1,1,1,1,1,1,1,4,28,Unicorn_Absent,-1,-1.0,8,211,0.825,28.0,0.30434782608695654,28.0,0.0,0.0,OUT,0.8,0.0,0.0,32,RIGHT,3,2
115,94621072,58,107288,Absent,32,0,0,0,0,0,0,0,0,0,0,0,0,0,0,0,0,0,0,0,0,0,0,0,0,0,0,0,0,0,0,0,0,1,1,1,1,1,1,1,1,1,1,1,1,1,1,1,1,1,1,1,1,1,1,1,1,1,1,1,1,1,1,1,1,0,32,Unicorn_Absent,-1,-1.0,3,67,0.8,32.0,0.30434782608695654,32.0,0.0,0.0,DOWN,0.825,0.30434782608695654,0.0,28,OUT,3,2
117,94621072,59,107288,Absent,36,0,0,0,0,0,0,0,0,0,1,1,1,1,1,1,0,0,1,1,1,1,1,1,0,0,1,1,1,1,1,1,0,0,1,1,1,1,1,1,0,0,1,1,1,1,1,1,0,0,1,1,1,1,1,1,0,0,0,0,0,0,0,0,0,-4,36,Unicorn_Absent,-1,-1.0,7,63,0.775,36.0,0.36,36.0,0.64,0.0,IN,0.8,0.30434782608695654,0.0,32,DOWN,3,2
119,94621072,60,107288,Absent,32,0,0,0,0,1,1,1,1,0,0,0,0,1,1,1,1,0,0,0,0,1,1,1,1,0,0,0,0,1,1,1,1,0,0,0,0,1,1,1,1,0,0,0,0,1,1,1,1,0,0,0,0,1,1,1,1,0,0,0,0,1,1,1,1,14,18,Unicorn_Absent,-1,-1.0,6,77,0.8875,32.0,0.36,50.0,0.64,0.5,RIGHT,0.775,0.36,0.64,36,IN,3,2
